   5.5086207e+00   2.3275862e+00
   5.5344828e+00   2.6724138e+00
   5.7068966e+00   4.6551724e+00
   5.7327586e+00   5.1724138e+00
   5.7787356e+00   6.2068966e+00
   5.8017241e+00   7.0689655e+00
   5.8563218e+00   8.1034483e+00
   5.8735632e+00   8.6206897e+00
   5.9252874e+00   8.3620690e+00
   5.9482759e+00   1.0086207e+01
   6.0000000e+00   1.3189655e+01
   5.9741379e+00   1.5086207e+01
   6.0201149e+00   1.6896552e+01
   6.0459770e+00   1.5603448e+01
   6.0775862e+00   1.8362069e+01
   6.0977011e+00   2.1724138e+01
   6.1206897e+00   3.2068966e+01
   6.1465517e+00   5.1810345e+01
   6.1982759e+00   1.8879310e+01
   6.2413793e+00   1.3189655e+01
   6.2873563e+00   1.1724138e+01
   6.3649425e+00   8.6206897e+00
   6.3821839e+00   6.4655172e+00
   6.4137931e+00   6.4655172e+00
   6.4856322e+00   5.5172414e+00
   6.5114943e+00   4.2241379e+00
