   9.5312500e+00   9.1826087e+00
   9.8750000e+00   9.8782609e+00
   9.5312500e+00   1.0295652e+01
   1.0250000e+01   9.4608696e+00
   1.0281250e+01   1.1269565e+01
   1.1375000e+01   1.1965217e+01
   1.1687500e+01   1.1130435e+01
   1.1375000e+01   1.3356522e+01
   1.1187500e+01   1.1269565e+01
   1.2125000e+01   1.2382609e+01
   1.2437500e+01   1.2800000e+01
   1.2812500e+01   1.4191304e+01
   1.3718750e+01   1.4469565e+01
   1.4093750e+01   1.4191304e+01
   1.4312500e+01   1.4052174e+01
   1.4687500e+01   1.6973913e+01
   1.5218750e+01   1.6139130e+01
   1.5906250e+01   1.8643478e+01
   1.6093750e+01   1.9060870e+01
   1.6375000e+01   1.8365217e+01
   1.6937500e+01   1.8782609e+01
   1.7281250e+01   1.9478261e+01
   1.7375000e+01   2.1286957e+01
   1.7937500e+01   2.1565217e+01
   1.7843750e+01   2.3373913e+01
   1.8406250e+01   2.3373913e+01
   1.8218750e+01   2.4486957e+01
   1.7968750e+01   2.5043478e+01
   1.8250000e+01   2.7130435e+01
   1.8625000e+01   2.6156522e+01
   1.8500000e+01   2.8243478e+01
   1.8875000e+01   2.9495652e+01
   1.8875000e+01   3.2000000e+01
   1.9062500e+01   3.7426087e+01
   1.9062500e+01   3.9930435e+01
   1.9437500e+01   3.8817391e+01
   1.9375000e+01   4.2573913e+01
   1.9468750e+01   5.4678261e+01
   1.9906250e+01   6.3304348e+01
   2.0562500e+01   4.2434783e+01
   2.0875000e+01   3.9234783e+01
   2.1031250e+01   3.6173913e+01
   2.1531250e+01   2.9078261e+01
