-1.9322703e+00    1.0000000e-08
-1.9322669e+00    2.6433038e-03
-1.9322565e+00    5.2765393e-03
-1.9322392e+00    7.9097378e-03
-1.9322150e+00    1.0542882e-02
-1.9321840e+00    1.3175954e-02
-1.9321460e+00    1.5808933e-02
-1.9321011e+00    1.8441803e-02
-1.9320494e+00    2.1074543e-02
-1.9319907e+00    2.3707137e-02
-1.9319251e+00    2.6339567e-02
-1.9318527e+00    2.8971816e-02
-1.9317733e+00    3.1603864e-02
-1.9316870e+00    3.4235692e-02
-1.9315939e+00    3.6867282e-02
-1.9314938e+00    3.9498616e-02
-1.9313869e+00    4.2129674e-02
-1.9312731e+00    4.4760440e-02
-1.9311523e+00    4.7390894e-02
-1.9310247e+00    5.0021020e-02
-1.9308902e+00    5.2650798e-02
-1.9307488e+00    5.5280211e-02
-1.9306005e+00    5.7909242e-02
-1.9304454e+00    6.0537871e-02
-1.9302833e+00    6.3166080e-02
-1.9301144e+00    6.5793850e-02
-1.9299385e+00    6.8421163e-02
-1.9297558e+00    7.1048000e-02
-1.9295662e+00    7.3674344e-02
-1.9293697e+00    7.6300176e-02
-1.9291664e+00    7.8925478e-02
-1.9289562e+00    8.1550232e-02
-1.9287391e+00    8.4174419e-02
-1.9285151e+00    8.6798022e-02
-1.9282842e+00    8.9421023e-02
-1.9280465e+00    9.2043403e-02
-1.9278019e+00    9.4665145e-02
-1.9275504e+00    9.7286230e-02
-1.9272921e+00    9.9906640e-02
-1.9270269e+00    1.0252636e-01
-1.9267548e+00    1.0514536e-01
-1.9264759e+00    1.0776363e-01
-1.9261902e+00    1.1038116e-01
-1.9258975e+00    1.1299792e-01
-1.9255980e+00    1.1561389e-01
-1.9252917e+00    1.1822906e-01
-1.9249785e+00    1.2084342e-01
-1.9246585e+00    1.2345693e-01
-1.9243316e+00    1.2606958e-01
-1.9239979e+00    1.2868136e-01
-1.9236573e+00    1.3129225e-01
-1.9233099e+00    1.3390222e-01
-1.9229557e+00    1.3651127e-01
-1.9225946e+00    1.3911936e-01
-1.9222267e+00    1.4172650e-01
-1.9218519e+00    1.4433265e-01
-1.9214704e+00    1.4693779e-01
-1.9210820e+00    1.4954192e-01
-1.9206868e+00    1.5214501e-01
-1.9202848e+00    1.5474704e-01
-1.9198760e+00    1.5734800e-01
-1.9194603e+00    1.5994786e-01
-1.9190379e+00    1.6254662e-01
-1.9186086e+00    1.6514424e-01
-1.9181725e+00    1.6774072e-01
-1.9177297e+00    1.7033604e-01
-1.9172800e+00    1.7293017e-01
-1.9168236e+00    1.7552310e-01
-1.9163603e+00    1.7811482e-01
-1.9158903e+00    1.8070530e-01
-1.9154135e+00    1.8329452e-01
-1.9149299e+00    1.8588247e-01
-1.9144395e+00    1.8846913e-01
-1.9139424e+00    1.9105449e-01
-1.9134385e+00    1.9363852e-01
-1.9129278e+00    1.9622120e-01
-1.9124104e+00    1.9880252e-01
-1.9118862e+00    2.0138246e-01
-1.9113552e+00    2.0396101e-01
-1.9108175e+00    2.0653814e-01
-1.9102731e+00    2.0911383e-01
-1.9097219e+00    2.1168807e-01
-1.9091639e+00    2.1426085e-01
-1.9085993e+00    2.1683213e-01
-1.9080279e+00    2.1940191e-01
-1.9074497e+00    2.2197017e-01
-1.9068649e+00    2.2453689e-01
-1.9062733e+00    2.2710205e-01
-1.9056750e+00    2.2966564e-01
-1.9050700e+00    2.3222763e-01
-1.9044583e+00    2.3478800e-01
-1.9038399e+00    2.3734675e-01
-1.9032148e+00    2.3990386e-01
-1.9025830e+00    2.4245929e-01
-1.9019445e+00    2.4501305e-01
-1.9012994e+00    2.4756510e-01
-1.9006475e+00    2.5011544e-01
-1.8999890e+00    2.5266404e-01
-1.8993238e+00    2.5521089e-01
-1.8986519e+00    2.5775597e-01
-1.8979734e+00    2.6029925e-01
-1.8972882e+00    2.6284074e-01
-1.8965964e+00    2.6538039e-01
-1.8958979e+00    2.6791821e-01
-1.8951928e+00    2.7045417e-01
-1.8944811e+00    2.7298825e-01
-1.8937627e+00    2.7552043e-01
-1.8930377e+00    2.7805071e-01
-1.8923060e+00    2.8057906e-01
-1.8915678e+00    2.8310545e-01
-1.8908229e+00    2.8562989e-01
-1.8900715e+00    2.8815234e-01
-1.8893134e+00    2.9067280e-01
-1.8885487e+00    2.9319123e-01
-1.8877775e+00    2.9570764e-01
-1.8869997e+00    2.9822199e-01
-1.8862152e+00    3.0073427e-01
-1.8854243e+00    3.0324447e-01
-1.8846267e+00    3.0575256e-01
-1.8838226e+00    3.0825853e-01
-1.8830119e+00    3.1076236e-01
-1.8821947e+00    3.1326404e-01
-1.8813709e+00    3.1576354e-01
-1.8805406e+00    3.1826086e-01
-1.8797038e+00    3.2075596e-01
-1.8788604e+00    3.2324884e-01
-1.8780106e+00    3.2573948e-01
-1.8771542e+00    3.2822786e-01
-1.8762913e+00    3.3071396e-01
-1.8754219e+00    3.3319777e-01
-1.8745459e+00    3.3567927e-01
-1.8736636e+00    3.3815843e-01
-1.8727747e+00    3.4063526e-01
-1.8718793e+00    3.4310972e-01
-1.8709775e+00    3.4558180e-01
-1.8700692e+00    3.4805148e-01
-1.8691544e+00    3.5051875e-01
-1.8682332e+00    3.5298359e-01
-1.8673056e+00    3.5544598e-01
-1.8663715e+00    3.5790591e-01
-1.8654310e+00    3.6036335e-01
-1.8644841e+00    3.6281830e-01
-1.8635307e+00    3.6527072e-01
-1.8625709e+00    3.6772062e-01
-1.8616047e+00    3.7016796e-01
-1.8606322e+00    3.7261274e-01
-1.8596532e+00    3.7505494e-01
-1.8586678e+00    3.7749453e-01
-1.8576761e+00    3.7993151e-01
-1.8566780e+00    3.8236585e-01
-1.8556735e+00    3.8479754e-01
-1.8546627e+00    3.8722656e-01
-1.8536455e+00    3.8965290e-01
-1.8526220e+00    3.9207653e-01
-1.8515922e+00    3.9449745e-01
-1.8505560e+00    3.9691563e-01
-1.8495135e+00    3.9933106e-01
-1.8484647e+00    4.0174372e-01
-1.8474096e+00    4.0415360e-01
-1.8463482e+00    4.0656068e-01
-1.8452805e+00    4.0896493e-01
-1.8442065e+00    4.1136635e-01
-1.8431262e+00    4.1376492e-01
-1.8420397e+00    4.1616062e-01
-1.8409469e+00    4.1855344e-01
-1.8398479e+00    4.2094335e-01
-1.8387426e+00    4.2333035e-01
-1.8376311e+00    4.2571441e-01
-1.8365133e+00    4.2809552e-01
-1.8353893e+00    4.3047366e-01
-1.8342592e+00    4.3284882e-01
-1.8331228e+00    4.3522098e-01
-1.8319802e+00    4.3759013e-01
-1.8308314e+00    4.3995624e-01
-1.8296765e+00    4.4231930e-01
-1.8285153e+00    4.4467930e-01
-1.8273481e+00    4.4703621e-01
-1.8261746e+00    4.4939003e-01
-1.8249950e+00    4.5174073e-01
-1.8238093e+00    4.5408830e-01
-1.8226174e+00    4.5643272e-01
-1.8214194e+00    4.5877398e-01
-1.8202153e+00    4.6111207e-01
-1.8190051e+00    4.6344695e-01
-1.8177888e+00    4.6577863e-01
-1.8165665e+00    4.6810708e-01
-1.8153380e+00    4.7043228e-01
-1.8141034e+00    4.7275423e-01
-1.8128628e+00    4.7507290e-01
-1.8116162e+00    4.7738828e-01
-1.8103635e+00    4.7970035e-01
-1.8091048e+00    4.8200909e-01
-1.8078400e+00    4.8431450e-01
-1.8065692e+00    4.8661655e-01
-1.8052924e+00    4.8891524e-01
-1.8040096e+00    4.9121053e-01
-1.8027209e+00    4.9350242e-01
-1.8014261e+00    4.9579090e-01
-1.8001254e+00    4.9807594e-01
-1.7988187e+00    5.0035752e-01
-1.7975060e+00    5.0263565e-01
-1.7961874e+00    5.0491029e-01
-1.7948629e+00    5.0718143e-01
-1.7935325e+00    5.0944906e-01
-1.7921961e+00    5.1171317e-01
-1.7908538e+00    5.1397373e-01
-1.7895056e+00    5.1623073e-01
-1.7881516e+00    5.1848415e-01
-1.7867916e+00    5.2073398e-01
-1.7854258e+00    5.2298021e-01
-1.7840541e+00    5.2522282e-01
-1.7826766e+00    5.2746178e-01
-1.7812933e+00    5.2969710e-01
-1.7799041e+00    5.3192875e-01
-1.7785091e+00    5.3415671e-01
-1.7771082e+00    5.3638098e-01
-1.7757016e+00    5.3860153e-01
-1.7742892e+00    5.4081836e-01
-1.7728710e+00    5.4303143e-01
-1.7714471e+00    5.4524075e-01
-1.7700173e+00    5.4744630e-01
-1.7685819e+00    5.4964805e-01
-1.7671407e+00    5.5184600e-01
-1.7656937e+00    5.5404013e-01
-1.7642410e+00    5.5623042e-01
-1.7627827e+00    5.5841687e-01
-1.7613186e+00    5.6059945e-01
-1.7598488e+00    5.6277814e-01
-1.7583734e+00    5.6495294e-01
-1.7568923e+00    5.6712384e-01
-1.7554055e+00    5.6929080e-01
-1.7539131e+00    5.7145383e-01
-1.7524151e+00    5.7361290e-01
-1.7509114e+00    5.7576800e-01
-1.7494021e+00    5.7791912e-01
-1.7478872e+00    5.8006623e-01
-1.7463667e+00    5.8220934e-01
-1.7448407e+00    5.8434841e-01
-1.7433090e+00    5.8648344e-01
-1.7417718e+00    5.8861441e-01
-1.7402291e+00    5.9074131e-01
-1.7386808e+00    5.9286412e-01
-1.7371269e+00    5.9498283e-01
-1.7355676e+00    5.9709743e-01
-1.7340027e+00    5.9920789e-01
-1.7324324e+00    6.0131420e-01
-1.7308566e+00    6.0341636e-01
-1.7292753e+00    6.0551434e-01
-1.7276885e+00    6.0760813e-01
-1.7260963e+00    6.0969772e-01
-1.7244986e+00    6.1178310e-01
-1.7228955e+00    6.1386424e-01
-1.7212870e+00    6.1594113e-01
-1.7196731e+00    6.1801376e-01
-1.7180538e+00    6.2008212e-01
-1.7164291e+00    6.2214619e-01
-1.7147991e+00    6.2420596e-01
-1.7131636e+00    6.2626141e-01
-1.7115229e+00    6.2831253e-01
-1.7098768e+00    6.3035930e-01
-1.7082253e+00    6.3240172e-01
-1.7065686e+00    6.3443976e-01
-1.7049065e+00    6.3647341e-01
-1.7032392e+00    6.3850266e-01
-1.7015666e+00    6.4052750e-01
-1.6998887e+00    6.4254791e-01
-1.6982056e+00    6.4456388e-01
-1.6965172e+00    6.4657539e-01
-1.6948236e+00    6.4858243e-01
-1.6931247e+00    6.5058499e-01
-1.6914207e+00    6.5258304e-01
-1.6897115e+00    6.5457659e-01
-1.6879970e+00    6.5656561e-01
-1.6862774e+00    6.5855010e-01
-1.6845527e+00    6.6053003e-01
-1.6828228e+00    6.6250539e-01
-1.6810878e+00    6.6447618e-01
-1.6793476e+00    6.6644237e-01
-1.6776023e+00    6.6840396e-01
-1.6758520e+00    6.7036093e-01
-1.6740965e+00    6.7231326e-01
-1.6723360e+00    6.7426095e-01
-1.6705704e+00    6.7620398e-01
-1.6687998e+00    6.7814234e-01
-1.6670241e+00    6.8007601e-01
-1.6652434e+00    6.8200498e-01
-1.6634577e+00    6.8392924e-01
-1.6616670e+00    6.8584877e-01
-1.6598713e+00    6.8776357e-01
-1.6580707e+00    6.8967361e-01
-1.6562651e+00    6.9157889e-01
-1.6544545e+00    6.9347939e-01
-1.6526390e+00    6.9537510e-01
-1.6508186e+00    6.9726601e-01
-1.6489932e+00    6.9915210e-01
-1.6471630e+00    7.0103336e-01
-1.6453279e+00    7.0290977e-01
-1.6434879e+00    7.0478134e-01
-1.6416431e+00    7.0664803e-01
-1.6397934e+00    7.0850985e-01
-1.6379389e+00    7.1036677e-01
-1.6360795e+00    7.1221878e-01
-1.6342154e+00    7.1406588e-01
-1.6323465e+00    7.1590804e-01
-1.6304727e+00    7.1774527e-01
-1.6285943e+00    7.1957753e-01
-1.6267110e+00    7.2140483e-01
-1.6248231e+00    7.2322715e-01
-1.6229304e+00    7.2504447e-01
-1.6210329e+00    7.2685678e-01
-1.6191308e+00    7.2866408e-01
-1.6172240e+00    7.3046635e-01
-1.6153126e+00    7.3226358e-01
-1.6133964e+00    7.3405575e-01
-1.6114757e+00    7.3584285e-01
-1.6095503e+00    7.3762488e-01
-1.6076202e+00    7.3940181e-01
-1.6056856e+00    7.4117364e-01
-1.6037464e+00    7.4294035e-01
-1.6018026e+00    7.4470194e-01
-1.5998542e+00    7.4645838e-01
-1.5979013e+00    7.4820968e-01
-1.5959439e+00    7.4995581e-01
-1.5939819e+00    7.5169677e-01
-1.5920154e+00    7.5343254e-01
-1.5900444e+00    7.5516311e-01
-1.5880690e+00    7.5688847e-01
-1.5860890e+00    7.5860861e-01
-1.5841047e+00    7.6032351e-01
-1.5821158e+00    7.6203317e-01
-1.5801226e+00    7.6373757e-01
-1.5781249e+00    7.6543671e-01
-1.5761229e+00    7.6713056e-01
-1.5741164e+00    7.6881912e-01
-1.5721056e+00    7.7050238e-01
-1.5700905e+00    7.7218032e-01
-1.5680710e+00    7.7385294e-01
-1.5660471e+00    7.7552022e-01
-1.5640190e+00    7.7718215e-01
-1.5619865e+00    7.7883873e-01
-1.5599498e+00    7.8048993e-01
-1.5579088e+00    7.8213575e-01
-1.5558635e+00    7.8377617e-01
-1.5538141e+00    7.8541120e-01
-1.5517603e+00    7.8704080e-01
-1.5497024e+00    7.8866498e-01
-1.5476403e+00    7.9028372e-01
-1.5455740e+00    7.9189702e-01
-1.5435035e+00    7.9350485e-01
-1.5414288e+00    7.9510722e-01
-1.5393500e+00    7.9670410e-01
-1.5372671e+00    7.9829549e-01
-1.5351801e+00    7.9988138e-01
-1.5330890e+00    8.0146176e-01
-1.5309938e+00    8.0303661e-01
-1.5288946e+00    8.0460593e-01
-1.5267913e+00    8.0616970e-01
-1.5246839e+00    8.0772791e-01
-1.5225725e+00    8.0928057e-01
-1.5204572e+00    8.1082764e-01
-1.5183378e+00    8.1236913e-01
-1.5162144e+00    8.1390502e-01
-1.5140871e+00    8.1543530e-01
-1.5119559e+00    8.1695996e-01
-1.5098207e+00    8.1847900e-01
-1.5076816e+00    8.1999239e-01
-1.5055386e+00    8.2150014e-01
-1.5033917e+00    8.2300223e-01
-1.5012409e+00    8.2449865e-01
-1.4990863e+00    8.2598939e-01
-1.4969278e+00    8.2747444e-01
-1.4947655e+00    8.2895379e-01
-1.4925994e+00    8.3042744e-01
-1.4904295e+00    8.3189536e-01
-1.4882558e+00    8.3335755e-01
-1.4860783e+00    8.3481401e-01
-1.4838971e+00    8.3626472e-01
-1.4817122e+00    8.3770967e-01
-1.4795235e+00    8.3914885e-01
-1.4773311e+00    8.4058226e-01
-1.4751351e+00    8.4200987e-01
-1.4729353e+00    8.4343169e-01
-1.4707319e+00    8.4484771e-01
-1.4685249e+00    8.4625791e-01
-1.4663142e+00    8.4766228e-01
-1.4641000e+00    8.4906082e-01
-1.4618821e+00    8.5045351e-01
-1.4596606e+00    8.5184036e-01
-1.4574356e+00    8.5322133e-01
-1.4552070e+00    8.5459644e-01
-1.4529749e+00    8.5596567e-01
-1.4507393e+00    8.5732900e-01
-1.4485002e+00    8.5868644e-01
-1.4462575e+00    8.6003797e-01
-1.4440115e+00    8.6138358e-01
-1.4417619e+00    8.6272326e-01
-1.4395089e+00    8.6405701e-01
-1.4372525e+00    8.6538482e-01
-1.4349927e+00    8.6670667e-01
-1.4327295e+00    8.6802256e-01
-1.4304629e+00    8.6933247e-01
-1.4281929e+00    8.7063641e-01
-1.4259196e+00    8.7193436e-01
-1.4236430e+00    8.7322632e-01
-1.4213630e+00    8.7451227e-01
-1.4190798e+00    8.7579220e-01
-1.4167933e+00    8.7706611e-01
-1.4145035e+00    8.7833400e-01
-1.4122104e+00    8.7959584e-01
-1.4099142e+00    8.8085163e-01
-1.4076147e+00    8.8210137e-01
-1.4053120e+00    8.8334504e-01
-1.4030061e+00    8.8458264e-01
-1.4006971e+00    8.8581416e-01
-1.3983849e+00    8.8703959e-01
-1.3960695e+00    8.8825892e-01
-1.3937511e+00    8.8947215e-01
-1.3914295e+00    8.9067927e-01
-1.3891048e+00    8.9188026e-01
-1.3867771e+00    8.9307512e-01
-1.3844463e+00    8.9426385e-01
-1.3821125e+00    8.9544643e-01
-1.3797757e+00    8.9662286e-01
-1.3774358e+00    8.9779313e-01
-1.3750930e+00    8.9895722e-01
-1.3727472e+00    9.0011515e-01
-1.3703984e+00    9.0126688e-01
-1.3680467e+00    9.0241243e-01
-1.3656921e+00    9.0355178e-01
-1.3633345e+00    9.0468492e-01
-1.3609741e+00    9.0581185e-01
-1.3586108e+00    9.0693255e-01
-1.3562446e+00    9.0804703e-01
-1.3538756e+00    9.0915527e-01
-1.3515038e+00    9.1025727e-01
-1.3491291e+00    9.1135301e-01
-1.3467517e+00    9.1244250e-01
-1.3443715e+00    9.1352573e-01
-1.3419885e+00    9.1460268e-01
-1.3396028e+00    9.1567335e-01
-1.3372143e+00    9.1673773e-01
-1.3348232e+00    9.1779583e-01
-1.3324293e+00    9.1884762e-01
-1.3300328e+00    9.1989310e-01
-1.3276336e+00    9.2093227e-01
-1.3252318e+00    9.2196512e-01
-1.3228274e+00    9.2299164e-01
-1.3204203e+00    9.2401183e-01
-1.3180107e+00    9.2502567e-01
-1.3155984e+00    9.2603317e-01
-1.3131837e+00    9.2703432e-01
-1.3107663e+00    9.2802910e-01
-1.3083465e+00    9.2901751e-01
-1.3059241e+00    9.2999956e-01
-1.3034993e+00    9.3097522e-01
-1.3010720e+00    9.3194449e-01
-1.2986422e+00    9.3290738e-01
-1.2962100e+00    9.3386386e-01
-1.2937753e+00    9.3481394e-01
-1.2913383e+00    9.3575760e-01
-1.2888989e+00    9.3669485e-01
-1.2864571e+00    9.3762568e-01
-1.2840129e+00    9.3855007e-01
-1.2815664e+00    9.3946803e-01
-1.2791176e+00    9.4037955e-01
-1.2766665e+00    9.4128462e-01
-1.2742131e+00    9.4218324e-01
-1.2717574e+00    9.4307539e-01
-1.2692995e+00    9.4396109e-01
-1.2668393e+00    9.4484031e-01
-1.2643769e+00    9.4571305e-01
-1.2619123e+00    9.4657932e-01
-1.2594456e+00    9.4743909e-01
-1.2569766e+00    9.4829237e-01
-1.2545056e+00    9.4913915e-01
-1.2520323e+00    9.4997943e-01
-1.2495570e+00    9.5081320e-01
-1.2470796e+00    9.5164046e-01
-1.2446001e+00    9.5246119e-01
-1.2421185e+00    9.5327540e-01
-1.2396349e+00    9.5408308e-01
-1.2371493e+00    9.5488422e-01
-1.2346616e+00    9.5567882e-01
-1.2321720e+00    9.5646688e-01
-1.2296803e+00    9.5724838e-01
-1.2271868e+00    9.5802333e-01
-1.2246912e+00    9.5879171e-01
-1.2221938e+00    9.5955353e-01
-1.2196944e+00    9.6030878e-01
-1.2171932e+00    9.6105746e-01
-1.2146901e+00    9.6179955e-01
-1.2121851e+00    9.6253506e-01
-1.2096783e+00    9.6326398e-01
-1.2071697e+00    9.6398630e-01
-1.2046593e+00    9.6470203e-01
-1.2021471e+00    9.6541115e-01
-1.1996331e+00    9.6611367e-01
-1.1971173e+00    9.6680957e-01
-1.1945999e+00    9.6749886e-01
-1.1920807e+00    9.6818152e-01
-1.1895598e+00    9.6885756e-01
-1.1870373e+00    9.6952697e-01
-1.1845131e+00    9.7018974e-01
-1.1819872e+00    9.7084588e-01
-1.1794598e+00    9.7149538e-01
-1.1769307e+00    9.7213823e-01
-1.1744000e+00    9.7277443e-01
-1.1718677e+00    9.7340397e-01
-1.1693339e+00    9.7402686e-01
-1.1667986e+00    9.7464309e-01
-1.1642617e+00    9.7525265e-01
-1.1617233e+00    9.7585554e-01
-1.1591835e+00    9.7645176e-01
-1.1566421e+00    9.7704130e-01
-1.1540994e+00    9.7762416e-01
-1.1515551e+00    9.7820034e-01
-1.1490095e+00    9.7876983e-01
-1.1464625e+00    9.7933263e-01
-1.1439141e+00    9.7988873e-01
-1.1413643e+00    9.8043814e-01
-1.1388132e+00    9.8098084e-01
-1.1362608e+00    9.8151684e-01
-1.1337071e+00    9.8204614e-01
-1.1311520e+00    9.8256872e-01
-1.1285957e+00    9.8308459e-01
-1.1260382e+00    9.8359374e-01
-1.1234794e+00    9.8409617e-01
-1.1209194e+00    9.8459187e-01
-1.1183581e+00    9.8508085e-01
-1.1157957e+00    9.8556311e-01
-1.1132322e+00    9.8603863e-01
-1.1106674e+00    9.8650741e-01
-1.1081016e+00    9.8696946e-01
-1.1055346e+00    9.8742476e-01
-1.1029666e+00    9.8787333e-01
-1.1003975e+00    9.8831515e-01
-1.0978273e+00    9.8875022e-01
-1.0952560e+00    9.8917854e-01
-1.0926838e+00    9.8960010e-01
-1.0901105e+00    9.9001491e-01
-1.0875363e+00    9.9042296e-01
-1.0849611e+00    9.9082425e-01
-1.0823849e+00    9.9121878e-01
-1.0798078e+00    9.9160655e-01
-1.0772298e+00    9.9198754e-01
-1.0746509e+00    9.9236177e-01
-1.0720711e+00    9.9272922e-01
-1.0694904e+00    9.9308991e-01
-1.0669089e+00    9.9344381e-01
-1.0643266e+00    9.9379094e-01
-1.0617434e+00    9.9413129e-01
-1.0591595e+00    9.9446486e-01
-1.0565748e+00    9.9479164e-01
-1.0539894e+00    9.9511164e-01
-1.0514032e+00    9.9542486e-01
-1.0488163e+00    9.9573128e-01
-1.0462286e+00    9.9603092e-01
-1.0436404e+00    9.9632376e-01
-1.0410514e+00    9.9660981e-01
-1.0384618e+00    9.9688906e-01
-1.0358716e+00    9.9716152e-01
-1.0332807e+00    9.9742718e-01
-1.0306893e+00    9.9768605e-01
-1.0280973e+00    9.9793811e-01
-1.0255047e+00    9.9818337e-01
-1.0229116e+00    9.9842183e-01
-1.0203180e+00    9.9865349e-01
-1.0177238e+00    9.9887834e-01
-1.0151292e+00    9.9909638e-01
-1.0125341e+00    9.9930762e-01
-1.0099386e+00    9.9951205e-01
-1.0073426e+00    9.9970967e-01
-1.0047462e+00    9.9990049e-01
-1.0021495e+00    1.0000845e+00
-9.9955232e-01    1.0002617e+00
-9.9695482e-01    1.0004321e+00
-9.9435697e-01    1.0005956e+00
-9.9175880e-01    1.0007524e+00
-9.8916032e-01    1.0009023e+00
-9.8656156e-01    1.0010454e+00
-9.8396253e-01    1.0011817e+00
-9.8136324e-01    1.0013112e+00
-9.7876373e-01    1.0014339e+00
-9.7616400e-01    1.0015498e+00
-9.7356407e-01    1.0016588e+00
-9.7096397e-01    1.0017611e+00
-9.6836370e-01    1.0018565e+00
-9.6576329e-01    1.0019451e+00
-9.6316276e-01    1.0020269e+00
-9.6056212e-01    1.0021018e+00
-9.5796139e-01    1.0021700e+00
-9.5536059e-01    1.0022313e+00
-9.5275974e-01    1.0022858e+00
-9.5015886e-01    1.0023335e+00
-9.4755796e-01    1.0023744e+00
-9.4495706e-01    1.0024084e+00
-9.4235618e-01    1.0024357e+00
-9.3975533e-01    1.0024561e+00
-9.3715455e-01    1.0024697e+00
-9.3455383e-01    1.0024765e+00
-9.3195321e-01    1.0024765e+00
-9.2935270e-01    1.0024697e+00
-9.2675232e-01    1.0024561e+00
-9.2415208e-01    1.0024356e+00
-9.2155200e-01    1.0024083e+00
-9.1895211e-01    1.0023743e+00
-9.1635242e-01    1.0023334e+00
-9.1375294e-01    1.0022857e+00
-9.1115370e-01    1.0022312e+00
-9.0855472e-01    1.0021699e+00
-9.0595600e-01    1.0021017e+00
-9.0335758e-01    1.0020268e+00
-9.0075946e-01    1.0019451e+00
-8.9816167e-01    1.0018566e+00
-8.9556423e-01    1.0017612e+00
-8.9296714e-01    1.0016591e+00
-8.9037044e-01    1.0015501e+00
-8.8777413e-01    1.0014344e+00
-8.8517824e-01    1.0013119e+00
-8.8258278e-01    1.0011825e+00
-8.7998777e-01    1.0010464e+00
-8.7739324e-01    1.0009035e+00
-8.7479919e-01    1.0007538e+00
-8.7220564e-01    1.0005973e+00
-8.6961262e-01    1.0004340e+00
-8.6702014e-01    1.0002639e+00
-8.6442822e-01    1.0000871e+00
-8.6183688e-01    9.9990343e-01
-8.5924613e-01    9.9971300e-01
-8.5665600e-01    9.9951580e-01
-8.5406650e-01    9.9931182e-01
-8.5147765e-01    9.9910106e-01
-8.4888946e-01    9.9888353e-01
-8.4630196e-01    9.9865923e-01
-8.4371516e-01    9.9842816e-01
-8.4112908e-01    9.9819032e-01
-8.3854374e-01    9.9794572e-01
-8.3595916e-01    9.9769435e-01
-8.3337535e-01    9.9743622e-01
-8.3079233e-01    9.9717134e-01
-8.2821012e-01    9.9689970e-01
-8.2562874e-01    9.9662130e-01
-8.2304821e-01    9.9633616e-01
-8.2046854e-01    9.9604426e-01
-8.1788975e-01    9.9574562e-01
-8.1531186e-01    9.9544024e-01
-8.1273489e-01    9.9512812e-01
-8.1015886e-01    9.9480926e-01
-8.0758377e-01    9.9448366e-01
-8.0500966e-01    9.9415134e-01
-8.0243653e-01    9.9381228e-01
-7.9986442e-01    9.9346650e-01
-7.9729332e-01    9.9311399e-01
-7.9472327e-01    9.9275477e-01
-7.9215427e-01    9.9238883e-01
-7.8958636e-01    9.9201617e-01
-7.8701954e-01    9.9163680e-01
-7.8445383e-01    9.9125073e-01
-7.8188925e-01    9.9085795e-01
-7.7932582e-01    9.9045846e-01
-7.7676356e-01    9.9005229e-01
-7.7420248e-01    9.8963941e-01
-7.7164260e-01    9.8921985e-01
-7.6908394e-01    9.8879360e-01
-7.6652652e-01    9.8836066e-01
-7.6397035e-01    9.8792105e-01
-7.6141546e-01    9.8747476e-01
-7.5886185e-01    9.8702179e-01
-7.5630955e-01    9.8656216e-01
-7.5375858e-01    9.8609586e-01
-7.5120895e-01    9.8562290e-01
-7.4866068e-01    9.8514328e-01
-7.4611379e-01    9.8465701e-01
-7.4356829e-01    9.8416409e-01
-7.4102421e-01    9.8366452e-01
-7.3848156e-01    9.8315831e-01
-7.3594035e-01    9.8264546e-01
-7.3340062e-01    9.8212598e-01
-7.3086236e-01    9.8159987e-01
-7.2832561e-01    9.8106714e-01
-7.2579037e-01    9.8052778e-01
-7.2325668e-01    9.7998181e-01
-7.2072453e-01    9.7942923e-01
-7.1819396e-01    9.7887004e-01
-7.1566497e-01    9.7830424e-01
-7.1313759e-01    9.7773185e-01
-7.1061184e-01    9.7715287e-01
-7.0808772e-01    9.7656729e-01
-7.0556527e-01    9.7597513e-01
-7.0304449e-01    9.7537639e-01
-7.0052540e-01    9.7477108e-01
-6.9800802e-01    9.7415919e-01
-6.9549238e-01    9.7354075e-01
-6.9297847e-01    9.7291574e-01
-6.9046634e-01    9.7228417e-01
-6.8795598e-01    9.7164605e-01
-6.8544741e-01    9.7100139e-01
-6.8294067e-01    9.7035019e-01
-6.8043575e-01    9.6969246e-01
-6.7793269e-01    9.6902819e-01
-6.7543149e-01    9.6835740e-01
-6.7293218e-01    9.6768009e-01
-6.7043477e-01    9.6699627e-01
-6.6793927e-01    9.6630594e-01
-6.6544572e-01    9.6560910e-01
-6.6295411e-01    9.6490577e-01
-6.6046448e-01    9.6419594e-01
-6.5797683e-01    9.6347963e-01
-6.5549119e-01    9.6275684e-01
-6.5300757e-01    9.6202757e-01
-6.5052599e-01    9.6129183e-01
-6.4804647e-01    9.6054963e-01
-6.4556902e-01    9.5980098e-01
-6.4309366e-01    9.5904586e-01
-6.4062040e-01    9.5828431e-01
-6.3814928e-01    9.5751631e-01
-6.3568029e-01    9.5674188e-01
-6.3321346e-01    9.5596102e-01
-6.3074881e-01    9.5517374e-01
-6.2828636e-01    9.5438004e-01
-6.2582611e-01    9.5357994e-01
-6.2336809e-01    9.5277343e-01
-6.2091231e-01    9.5196052e-01
-6.1845880e-01    9.5114122e-01
-6.1600756e-01    9.5031554e-01
-6.1355862e-01    9.4948348e-01
-6.1111198e-01    9.4864505e-01
-6.0866768e-01    9.4780025e-01
-6.0622573e-01    9.4694910e-01
-6.0378613e-01    9.4609159e-01
-6.0134892e-01    9.4522774e-01
-5.9891410e-01    9.4435755e-01
-5.9648169e-01    9.4348102e-01
-5.9405172e-01    9.4259818e-01
-5.9162419e-01    9.4170901e-01
-5.8919913e-01    9.4081353e-01
-5.8677654e-01    9.3991175e-01
-5.8435645e-01    9.3900368e-01
-5.8193888e-01    9.3808931e-01
-5.7952384e-01    9.3716866e-01
-5.7711134e-01    9.3624173e-01
-5.7470141e-01    9.3530853e-01
-5.7229405e-01    9.3436907e-01
-5.6988930e-01    9.3342336e-01
-5.6748716e-01    9.3247140e-01
-5.6508765e-01    9.3151320e-01
-5.6269078e-01    9.3054877e-01
-5.6029658e-01    9.2957812e-01
-5.5790506e-01    9.2860124e-01
-5.5551624e-01    9.2761816e-01
-5.5313013e-01    9.2662887e-01
-5.5074675e-01    9.2563340e-01
-5.4836612e-01    9.2463173e-01
-5.4598824e-01    9.2362388e-01
-5.4361315e-01    9.2260987e-01
-5.4124086e-01    9.2158968e-01
-5.3887137e-01    9.2056335e-01
-5.3650471e-01    9.1953086e-01
-5.3414090e-01    9.1849224e-01
-5.3177995e-01    9.1744748e-01
-5.2942188e-01    9.1639661e-01
-5.2706670e-01    9.1533961e-01
-5.2471443e-01    9.1427651e-01
-5.2236509e-01    9.1320731e-01
-5.2001869e-01    9.1213201e-01
-5.1767525e-01    9.1105064e-01
-5.1533478e-01    9.0996319e-01
-5.1299731e-01    9.0886967e-01
-5.1066284e-01    9.0777010e-01
-5.0833140e-01    9.0666448e-01
-5.0600299e-01    9.0555281e-01
-5.0367764e-01    9.0443512e-01
-5.0135537e-01    9.0331140e-01
-4.9903618e-01    9.0218167e-01
-4.9672010e-01    9.0104593e-01
-4.9440713e-01    8.9990419e-01
-4.9209731e-01    8.9875647e-01
-4.8979063e-01    8.9760276e-01
-4.8748713e-01    8.9644309e-01
-4.8518680e-01    8.9527745e-01
-4.8288968e-01    8.9410586e-01
-4.8059578e-01    8.9292833e-01
-4.7830510e-01    8.9174486e-01
-4.7601768e-01    8.9055547e-01
-4.7373351e-01    8.8936016e-01
-4.7145263e-01    8.8815894e-01
-4.6917504e-01    8.8695182e-01
-4.6690077e-01    8.8573882e-01
-4.6462982e-01    8.8451994e-01
-4.6236221e-01    8.8329519e-01
-4.6009796e-01    8.8206457e-01
-4.5783709e-01    8.8082811e-01
-4.5557960e-01    8.7958580e-01
-4.5332552e-01    8.7833767e-01
-4.5107487e-01    8.7708371e-01
-4.4882765e-01    8.7582394e-01
-4.4658388e-01    8.7455836e-01
-4.4434358e-01    8.7328700e-01
-4.4210676e-01    8.7200985e-01
-4.3987344e-01    8.7072692e-01
-4.3764364e-01    8.6943824e-01
-4.3541736e-01    8.6814380e-01
-4.3319464e-01    8.6684361e-01
-4.3097547e-01    8.6553770e-01
-4.2875988e-01    8.6422606e-01
-4.2654788e-01    8.6290871e-01
-4.2433949e-01    8.6158565e-01
-4.2213472e-01    8.6025691e-01
-4.1993358e-01    8.5892248e-01
-4.1773610e-01    8.5758237e-01
-4.1554229e-01    8.5623661e-01
-4.1335217e-01    8.5488520e-01
-4.1116574e-01    8.5352814e-01
-4.0898302e-01    8.5216546e-01
-4.0680404e-01    8.5079716e-01
-4.0462880e-01    8.4942324e-01
-4.0245732e-01    8.4804373e-01
-4.0028961e-01    8.4665864e-01
-3.9812569e-01    8.4526796e-01
-3.9596558e-01    8.4387172e-01
-3.9380929e-01    8.4246993e-01
-3.9165683e-01    8.4106259e-01
-3.8950823e-01    8.3964971e-01
-3.8736348e-01    8.3823132e-01
-3.8522262e-01    8.3680741e-01
-3.8308565e-01    8.3537801e-01
-3.8095259e-01    8.3394311e-01
-3.7882346e-01    8.3250274e-01
-3.7669826e-01    8.3105691e-01
-3.7457702e-01    8.2960561e-01
-3.7245975e-01    8.2814888e-01
-3.7034646e-01    8.2668671e-01
-3.6823717e-01    8.2521912e-01
-3.6613190e-01    8.2374612e-01
-3.6403065e-01    8.2226772e-01
-3.6193344e-01    8.2078394e-01
-3.5984029e-01    8.1929478e-01
-3.5775121e-01    8.1780026e-01
-3.5566622e-01    8.1630039e-01
-3.5358533e-01    8.1479518e-01
-3.5150856e-01    8.1328464e-01
-3.4943591e-01    8.1176879e-01
-3.4736741e-01    8.1024763e-01
-3.4530307e-01    8.0872118e-01
-3.4324290e-01    8.0718945e-01
-3.4118692e-01    8.0565246e-01
-3.3913514e-01    8.0411020e-01
-3.3708758e-01    8.0256271e-01
-3.3504425e-01    8.0100998e-01
-3.3300516e-01    7.9945204e-01
-3.3097034e-01    7.9788889e-01
-3.2893979e-01    7.9632054e-01
-3.2691352e-01    7.9474701e-01
-3.2489156e-01    7.9316831e-01
-3.2287391e-01    7.9158446e-01
-3.2086060e-01    7.8999546e-01
-3.1885163e-01    7.8840133e-01
-3.1684701e-01    7.8680209e-01
-3.1484677e-01    7.8519773e-01
-3.1285092e-01    7.8358828e-01
-3.1085947e-01    7.8197376e-01
-3.0887243e-01    7.8035416e-01
-3.0688983e-01    7.7872951e-01
-3.0491166e-01    7.7709982e-01
-3.0293795e-01    7.7546510e-01
-3.0096871e-01    7.7382536e-01
-2.9900396e-01    7.7218062e-01
-2.9704370e-01    7.7053090e-01
-2.9508796e-01    7.6887619e-01
-2.9313674e-01    7.6721653e-01
-2.9119006e-01    7.6555191e-01
-2.8924794e-01    7.6388236e-01
-2.8731038e-01    7.6220789e-01
-2.8537740e-01    7.6052850e-01
-2.8344902e-01    7.5884423e-01
-2.8152524e-01    7.5715507e-01
-2.7960609e-01    7.5546104e-01
-2.7769157e-01    7.5376216e-01
-2.7578170e-01    7.5205843e-01
-2.7387649e-01    7.5034988e-01
-2.7197596e-01    7.4863652e-01
-2.7008011e-01    7.4691836e-01
-2.6818897e-01    7.4519542e-01
-2.6630254e-01    7.4346770e-01
-2.6442085e-01    7.4173523e-01
-2.6254389e-01    7.3999801e-01
-2.6067169e-01    7.3825607e-01
-2.5880426e-01    7.3650941e-01
-2.5694161e-01    7.3475805e-01
-2.5508376e-01    7.3300201e-01
-2.5323072e-01    7.3124129e-01
-2.5138249e-01    7.2947592e-01
-2.4953911e-01    7.2770591e-01
-2.4770057e-01    7.2593127e-01
-2.4586689e-01    7.2415202e-01
-2.4403808e-01    7.2236817e-01
-2.4221417e-01    7.2057974e-01
-2.4039515e-01    7.1878674e-01
-2.3858104e-01    7.1698919e-01
-2.3677187e-01    7.1518710e-01
-2.3496763e-01    7.1338049e-01
-2.3316834e-01    7.1156937e-01
-2.3137402e-01    7.0975375e-01
-2.2958467e-01    7.0793366e-01
-2.2780032e-01    7.0610911e-01
-2.2602096e-01    7.0428011e-01
-2.2424663e-01    7.0244667e-01
-2.2247732e-01    7.0060883e-01
-2.2071305e-01    6.9876658e-01
-2.1895384e-01    6.9691995e-01
-2.1719969e-01    6.9506894e-01
-2.1545062e-01    6.9321359e-01
-2.1370665e-01    6.9135390e-01
-2.1196777e-01    6.8948988e-01
-2.1023402e-01    6.8762156e-01
-2.0850539e-01    6.8574895e-01
-2.0678190e-01    6.8387207e-01
-2.0506357e-01    6.8199093e-01
-2.0335040e-01    6.8010554e-01
-2.0164242e-01    6.7821594e-01
-1.9993962e-01    6.7632212e-01
-1.9824202e-01    6.7442411e-01
-1.9654965e-01    6.7252193e-01
-1.9486249e-01    6.7061559e-01
-1.9318058e-01    6.6870510e-01
-1.9150392e-01    6.6679049e-01
-1.8983253e-01    6.6487177e-01
-1.8816641e-01    6.6294896e-01
-1.8650558e-01    6.6102207e-01
-1.8485005e-01    6.5909112e-01
-1.8319983e-01    6.5715613e-01
-1.8155494e-01    6.5521712e-01
-1.7991538e-01    6.5327411e-01
-1.7828117e-01    6.5132710e-01
-1.7665232e-01    6.4937612e-01
-1.7502884e-01    6.4742118e-01
-1.7341075e-01    6.4546231e-01
-1.7179805e-01    6.4349952e-01
-1.7019076e-01    6.4153283e-01
-1.6858889e-01    6.3956225e-01
-1.6699245e-01    6.3758781e-01
-1.6540145e-01    6.3560952e-01
-1.6381591e-01    6.3362740e-01
-1.6223583e-01    6.3164146e-01
-1.6066123e-01    6.2965174e-01
-1.5909212e-01    6.2765823e-01
-1.5752852e-01    6.2566097e-01
-1.5597042e-01    6.2365998e-01
-1.5441784e-01    6.2165526e-01
-1.5287081e-01    6.1964684e-01
-1.5132931e-01    6.1763474e-01
-1.4979338e-01    6.1561897e-01
-1.4826301e-01    6.1359956e-01
-1.4673823e-01    6.1157652e-01
-1.4521904e-01    6.0954988e-01
-1.4370545e-01    6.0751965e-01
-1.4219748e-01    6.0548585e-01
-1.4069513e-01    6.0344851e-01
-1.3919842e-01    6.0140763e-01
-1.3770735e-01    5.9936324e-01
-1.3622195e-01    5.9731537e-01
-1.3474221e-01    5.9526402e-01
-1.3326816e-01    5.9320923e-01
-1.3179980e-01    5.9115100e-01
-1.3033714e-01    5.8908937e-01
-1.2888020e-01    5.8702435e-01
-1.2742898e-01    5.8495595e-01
-1.2598350e-01    5.8288421e-01
-1.2454377e-01    5.8080914e-01
-1.2310980e-01    5.7873077e-01
-1.2168159e-01    5.7664910e-01
-1.2025916e-01    5.7456418e-01
-1.1884253e-01    5.7247600e-01
-1.1743169e-01    5.7038461e-01
-1.1602667e-01    5.6829001e-01
-1.1462747e-01    5.6619224e-01
-1.1323410e-01    5.6409130e-01
-1.1184658e-01    5.6198723e-01
-1.1046491e-01    5.5988004e-01
-1.0908910e-01    5.5776976e-01
-1.0771917e-01    5.5565641e-01
-1.0635513e-01    5.5354002e-01
-1.0499699e-01    5.5142059e-01
-1.0364475e-01    5.4929816e-01
-1.0229842e-01    5.4717276e-01
-1.0095803e-01    5.4504439e-01
-9.9623575e-02    5.4291309e-01
-9.8295068e-02    5.4077888e-01
-9.6972519e-02    5.3864178e-01
-9.5655940e-02    5.3650181e-01
-9.4345340e-02    5.3435900e-01
-9.3040729e-02    5.3221338e-01
-9.1742118e-02    5.3006496e-01
-9.0449517e-02    5.2791377e-01
-8.9162935e-02    5.2575984e-01
-8.7882384e-02    5.2360319e-01
-8.6607873e-02    5.2144384e-01
-8.5339411e-02    5.1928182e-01
-8.4077010e-02    5.1711716e-01
-8.2820679e-02    5.1494987e-01
-8.1570428e-02    5.1277999e-01
-8.0326267e-02    5.1060754e-01
-7.9088205e-02    5.0843255e-01
-7.7856253e-02    5.0625503e-01
-7.6630421e-02    5.0407503e-01
-7.5410717e-02    5.0189256e-01
-7.4197153e-02    4.9970765e-01
-7.2989737e-02    4.9752033e-01
-7.1788480e-02    4.9533063e-01
-7.0593390e-02    4.9313856e-01
-6.9404479e-02    4.9094417e-01
-6.8221754e-02    4.8874747e-01
-6.7045227e-02    4.8654850e-01
-6.5874905e-02    4.8434729e-01
-6.4710800e-02    4.8214385e-01
-6.3552920e-02    4.7993823e-01
-6.2401275e-02    4.7773044e-01
-6.1255874e-02    4.7552053e-01
-6.0116727e-02    4.7330851e-01
-5.8983843e-02    4.7109442e-01
-5.7857231e-02    4.6887829e-01
-5.6736900e-02    4.6666015e-01
-5.5622860e-02    4.6444003e-01
-5.4515121e-02    4.6221796e-01
-5.3413691e-02    4.5999397e-01
-5.2318579e-02    4.5776809e-01
-5.1229794e-02    4.5554035e-01
-5.0147346e-02    4.5331079e-01
-4.9071244e-02    4.5107944e-01
-4.8001497e-02    4.4884633e-01
-4.6938113e-02    4.4661150e-01
-4.5881102e-02    4.4437497e-01
-4.4830473e-02    4.4213678e-01
-4.3786234e-02    4.3989697e-01
-4.2748395e-02    4.3765557e-01
-4.1716964e-02    4.3541261e-01
-4.0691949e-02    4.3316814e-01
-3.9673361e-02    4.3092218e-01
-3.8661206e-02    4.2867477e-01
-3.7655495e-02    4.2642595e-01
-3.6656236e-02    4.2417575e-01
-3.5663437e-02    4.2192422e-01
-3.4677107e-02    4.1967139e-01
-3.3697254e-02    4.1741729e-01
-3.2723887e-02    4.1516197e-01
-3.1757015e-02    4.1290546e-01
-3.0796645e-02    4.1064781e-01
-2.9842787e-02    4.0838905e-01
-2.8895448e-02    4.0612923e-01
-2.7954636e-02    4.0386838e-01
-2.7020361e-02    4.0160655e-01
-2.6092630e-02    3.9934378e-01
-2.5171451e-02    3.9708011e-01
-2.4256833e-02    3.9481558e-01
-2.3348783e-02    3.9255024e-01
-2.2447310e-02    3.9028414e-01
-2.1552421e-02    3.8801731e-01
-2.0664125e-02    3.8574980e-01
-1.9782428e-02    3.8348166e-01
-1.8907340e-02    3.8121293e-01
-1.8038868e-02    3.7894367e-01
-1.7177019e-02    3.7667391e-01
-1.6321801e-02    3.7440372e-01
-1.5473222e-02    3.7213313e-01
-1.4631289e-02    3.6986219e-01
-1.3796010e-02    3.6759097e-01
-1.2967393e-02    3.6531950e-01
-1.2145443e-02    3.6304784e-01
-1.1330170e-02    3.6077604e-01
-1.0521580e-02    3.5850416e-01
-1.0521580e-02    3.5850416e-01
-1.0489354e-02    3.5841510e-01
-1.0456024e-02    3.5832665e-01
-1.0421598e-02    3.5823880e-01
-1.0386079e-02    3.5815154e-01
-1.0349476e-02    3.5806489e-01
-1.0311793e-02    3.5797884e-01
-1.0273036e-02    3.5789339e-01
-1.0233212e-02    3.5780854e-01
-1.0192326e-02    3.5772429e-01
-1.0150385e-02    3.5764063e-01
-1.0107395e-02    3.5755757e-01
-1.0063361e-02    3.5747510e-01
-1.0018289e-02    3.5739323e-01
-9.9721858e-03    3.5731195e-01
-9.9250571e-03    3.5723127e-01
-9.8769089e-03    3.5715118e-01
-9.8277471e-03    3.5707168e-01
-9.7775778e-03    3.5699278e-01
-9.7264068e-03    3.5691446e-01
-9.6742403e-03    3.5683674e-01
-9.6210842e-03    3.5675960e-01
-9.5669445e-03    3.5668305e-01
-9.5118272e-03    3.5660709e-01
-9.4557383e-03    3.5653172e-01
-9.3986837e-03    3.5645694e-01
-9.3406695e-03    3.5638274e-01
-9.2817017e-03    3.5630912e-01
-9.2217863e-03    3.5623609e-01
-9.1609291e-03    3.5616364e-01
-9.0991363e-03    3.5609178e-01
-9.0364139e-03    3.5602050e-01
-8.9727677e-03    3.5594980e-01
-8.9082039e-03    3.5587968e-01
-8.8427284e-03    3.5581014e-01
-8.7763471e-03    3.5574118e-01
-8.7090661e-03    3.5567279e-01
-8.6408915e-03    3.5560499e-01
-8.5718290e-03    3.5553776e-01
-8.5018849e-03    3.5547111e-01
-8.4310650e-03    3.5540504e-01
-8.3593753e-03    3.5533954e-01
-8.2868219e-03    3.5527461e-01
-8.2134107e-03    3.5521026e-01
-8.1391477e-03    3.5514648e-01
-8.0640389e-03    3.5508328e-01
-7.9880903e-03    3.5502064e-01
-7.9113079e-03    3.5495858e-01
-7.8336977e-03    3.5489709e-01
-7.7552657e-03    3.5483616e-01
-7.6760178e-03    3.5477581e-01
-7.5959601e-03    3.5471602e-01
-7.5150985e-03    3.5465680e-01
-7.4334391e-03    3.5459814e-01
-7.3509878e-03    3.5454005e-01
-7.2677506e-03    3.5448253e-01
-7.1837336e-03    3.5442557e-01
-7.0989427e-03    3.5436918e-01
-7.0133838e-03    3.5431335e-01
-6.9270631e-03    3.5425808e-01
-6.8399864e-03    3.5420337e-01
-6.7521598e-03    3.5414922e-01
-6.6635893e-03    3.5409563e-01
-6.5742808e-03    3.5404260e-01
-6.4842404e-03    3.5399013e-01
-6.3934740e-03    3.5393822e-01
-6.3019877e-03    3.5388687e-01
-6.2097873e-03    3.5383607e-01
-6.1168790e-03    3.5378583e-01
-6.0232687e-03    3.5373614e-01
-5.9289624e-03    3.5368701e-01
-5.8339661e-03    3.5363843e-01
-5.7382858e-03    3.5359041e-01
-5.6419274e-03    3.5354293e-01
-5.5448970e-03    3.5349601e-01
-5.4472005e-03    3.5344964e-01
-5.3488441e-03    3.5340382e-01
-5.2498335e-03    3.5335855e-01
-5.1501749e-03    3.5331383e-01
-5.0498742e-03    3.5326965e-01
-4.9489374e-03    3.5322602e-01
-4.8473705e-03    3.5318294e-01
-4.7451795e-03    3.5314041e-01
-4.6423704e-03    3.5309842e-01
-4.5389492e-03    3.5305697e-01
-4.4349219e-03    3.5301607e-01
-4.3302944e-03    3.5297571e-01
-4.2250728e-03    3.5293590e-01
-4.1192630e-03    3.5289662e-01
-4.0128711e-03    3.5285789e-01
-3.9059029e-03    3.5281970e-01
-3.7983647e-03    3.5278204e-01
-3.6902622e-03    3.5274493e-01
-3.5816015e-03    3.5270835e-01
-3.4723887e-03    3.5267231e-01
-3.3626296e-03    3.5263681e-01
-3.2523303e-03    3.5260184e-01
-3.1414967e-03    3.5256741e-01
-3.0301350e-03    3.5253351e-01
-2.9182510e-03    3.5250014e-01
-2.8058507e-03    3.5246731e-01
-2.6929402e-03    3.5243501e-01
-2.5795254e-03    3.5240325e-01
-2.4656123e-03    3.5237201e-01
-2.3512069e-03    3.5234131e-01
-2.2363152e-03    3.5231113e-01
-2.1209433e-03    3.5228148e-01
-2.0050970e-03    3.5225236e-01
-1.8887824e-03    3.5222377e-01
-1.7720055e-03    3.5219570e-01
-1.6547722e-03    3.5216816e-01
-1.5370886e-03    3.5214115e-01
-1.4189606e-03    3.5211466e-01
-1.3003943e-03    3.5208869e-01
-1.1813956e-03    3.5206325e-01
-1.0619705e-03    3.5203833e-01
-9.4212502e-04    3.5201393e-01
-8.2186515e-04    3.5199005e-01
-7.0119687e-04    3.5196670e-01
-5.8012619e-04    3.5194386e-01
-4.5865908e-04    3.5192154e-01
-3.3680154e-04    3.5189974e-01
-2.1455956e-04    3.5187845e-01
-9.1939131e-05    3.5185768e-01
 3.1053751e-05    3.5183743e-01
 1.5441310e-04    3.5181770e-01
 2.7813291e-04    3.5179848e-01
 4.0220721e-04    3.5177977e-01
 5.2663000e-04    3.5176157e-01
 6.5139529e-04    3.5174389e-01
 7.7649708e-04    3.5172672e-01
 9.0192938e-04    3.5171006e-01
 1.0276862e-03    3.5169391e-01
 1.1537616e-03    3.5167827e-01
 1.2801495e-03    3.5166314e-01
 1.4068439e-03    3.5164852e-01
 1.5338389e-03    3.5163440e-01
 1.6611285e-03    3.5162079e-01
 1.7887066e-03    3.5160769e-01
 1.9165674e-03    3.5159509e-01
 2.0447047e-03    3.5158300e-01
 2.1731126e-03    3.5157141e-01
 2.3017851e-03    3.5156032e-01
 2.4307162e-03    3.5154974e-01
 2.5599000e-03    3.5153966e-01
 2.6893304e-03    3.5153008e-01
 2.8190014e-03    3.5152100e-01
 2.9489071e-03    3.5151242e-01
 3.0790414e-03    3.5150433e-01
 3.2093984e-03    3.5149675e-01
 3.3399721e-03    3.5148966e-01
 3.4707565e-03    3.5148307e-01
 3.6017455e-03    3.5147698e-01
 3.7329333e-03    3.5147138e-01
 3.8643137e-03    3.5146628e-01
 3.9958809e-03    3.5146167e-01
 4.1276288e-03    3.5145755e-01
 4.2595514e-03    3.5145393e-01
 4.3916428e-03    3.5145079e-01
 4.5238969e-03    3.5144815e-01
 4.6563078e-03    3.5144600e-01
 4.7888694e-03    3.5144434e-01
 4.9215759e-03    3.5144317e-01
 5.0544211e-03    3.5144248e-01
 5.1873991e-03    3.5144229e-01
 5.3205039e-03    3.5144258e-01
 5.4537295e-03    3.5144335e-01
 5.5870699e-03    3.5144461e-01
 5.7205191e-03    3.5144636e-01
 5.8540712e-03    3.5144859e-01
 5.9877201e-03    3.5145130e-01
 6.1214599e-03    3.5145450e-01
 6.2552845e-03    3.5145817e-01
 6.3891880e-03    3.5146233e-01
 6.5231644e-03    3.5146697e-01
 6.6572077e-03    3.5147209e-01
 6.7913118e-03    3.5147768e-01
 6.9254709e-03    3.5148376e-01
 7.0596788e-03    3.5149031e-01
 7.1939297e-03    3.5149734e-01
 7.3282175e-03    3.5150485e-01
 7.4625362e-03    3.5151283e-01
 7.5968799e-03    3.5152128e-01
 7.7312426e-03    3.5153021e-01
 7.8656182e-03    3.5153962e-01
 8.0000007e-03    3.5154949e-01
 8.1343843e-03    3.5155984e-01
 8.2687628e-03    3.5157066e-01
 8.4031303e-03    3.5158194e-01
 8.5374808e-03    3.5159370e-01
 8.6718083e-03    3.5160593e-01
 8.8061069e-03    3.5161863e-01
 8.9403705e-03    3.5163179e-01
 9.0745931e-03    3.5164542e-01
 9.2087687e-03    3.5165951e-01
 9.3428914e-03    3.5167408e-01
 9.4769552e-03    3.5168910e-01
 9.6109540e-03    3.5170459e-01
 9.7448820e-03    3.5172054e-01
 9.8787330e-03    3.5173696e-01
 1.0012501e-02    3.5175384e-01
 1.0146180e-02    3.5177118e-01
 1.0279765e-02    3.5178898e-01
 1.0413248e-02    3.5180723e-01
 1.0546625e-02    3.5182595e-01
 1.0679888e-02    3.5184513e-01
 1.0813033e-02    3.5186476e-01
 1.0946053e-02    3.5188485e-01
 1.1078942e-02    3.5190540e-01
 1.1211695e-02    3.5192640e-01
 1.1344304e-02    3.5194786e-01
 1.1476765e-02    3.5196977e-01
 1.1609071e-02    3.5199213e-01
 1.1741216e-02    3.5201495e-01
 1.1873194e-02    3.5203822e-01
 1.2004999e-02    3.5206194e-01
 1.2136626e-02    3.5208611e-01
 1.2268068e-02    3.5211073e-01
 1.2399319e-02    3.5213580e-01
 1.2530374e-02    3.5216131e-01
 1.2661226e-02    3.5218728e-01
 1.2791869e-02    3.5221369e-01
 1.2922297e-02    3.5224055e-01
 1.3052505e-02    3.5226785e-01
 1.3182485e-02    3.5229560e-01
 1.3312234e-02    3.5232379e-01
 1.3441743e-02    3.5235243e-01
 1.3571008e-02    3.5238150e-01
 1.3700022e-02    3.5241102e-01
 1.3828780e-02    3.5244098e-01
 1.3957274e-02    3.5247139e-01
 1.4085501e-02    3.5250223e-01
 1.4213452e-02    3.5253351e-01
 1.4341123e-02    3.5256523e-01
 1.4468507e-02    3.5259738e-01
 1.4595599e-02    3.5262997e-01
 1.4722392e-02    3.5266300e-01
 1.4848881e-02    3.5269647e-01
 1.4975058e-02    3.5273037e-01
 1.5100920e-02    3.5276470e-01
 1.5226459e-02    3.5279947e-01
 1.5351669e-02    3.5283467e-01
 1.5476544e-02    3.5287030e-01
 1.5601079e-02    3.5290636e-01
 1.5725268e-02    3.5294286e-01
 1.5849104e-02    3.5297978e-01
 1.5972582e-02    3.5301713e-01
 1.6095695e-02    3.5305491e-01
 1.6218437e-02    3.5309312e-01
 1.6340803e-02    3.5313175e-01
 1.6462787e-02    3.5317082e-01
 1.6584382e-02    3.5321030e-01
 1.6705582e-02    3.5325021e-01
 1.6826382e-02    3.5329055e-01
 1.6946776e-02    3.5333131e-01
 1.7066757e-02    3.5337249e-01
 1.7186320e-02    3.5341409e-01
 1.7305458e-02    3.5345612e-01
 1.7424166e-02    3.5349856e-01
 1.7542438e-02    3.5354143e-01
 1.7660267e-02    3.5358471e-01
 1.7777648e-02    3.5362842e-01
 1.7894574e-02    3.5367254e-01
 1.8011040e-02    3.5371707e-01
 1.8127040e-02    3.5376203e-01
 1.8242567e-02    3.5380740e-01
 1.8357616e-02    3.5385318e-01
 1.8472180e-02    3.5389938e-01
 1.8586254e-02    3.5394599e-01
 1.8699832e-02    3.5399302e-01
 1.8812908e-02    3.5404045e-01
 1.8925475e-02    3.5408830e-01
 1.9037528e-02    3.5413656e-01
 1.9149061e-02    3.5418522e-01
 1.9260067e-02    3.5423430e-01
 1.9370541e-02    3.5428379e-01
 1.9480477e-02    3.5433368e-01
 1.9589869e-02    3.5438398e-01
 1.9698710e-02    3.5443469e-01
 1.9806995e-02    3.5448580e-01
 1.9914718e-02    3.5453732e-01
 2.0021873e-02    3.5458924e-01
 2.0128453e-02    3.5464156e-01
 2.0234453e-02    3.5469429e-01
 2.0339867e-02    3.5474742e-01
 2.0444689e-02    3.5480095e-01
 2.0548913e-02    3.5485488e-01
 2.0652532e-02    3.5490921e-01
 2.0755542e-02    3.5496394e-01
 2.0857935e-02    3.5501907e-01
 2.0959706e-02    3.5507460e-01
 2.1060849e-02    3.5513052e-01
 2.1161357e-02    3.5518684e-01
 2.1261226e-02    3.5524355e-01
 2.1360448e-02    3.5530066e-01
 2.1459019e-02    3.5535817e-01
 2.1556931e-02    3.5541607e-01
 2.1654179e-02    3.5547436e-01
 2.1750757e-02    3.5553304e-01
 2.1846659e-02    3.5559211e-01
 2.1941879e-02    3.5565158e-01
 2.2036411e-02    3.5571143e-01
 2.2130249e-02    3.5577168e-01
 2.2223387e-02    3.5583231e-01
 2.2315819e-02    3.5589333e-01
 2.2407538e-02    3.5595473e-01
 2.2498540e-02    3.5601653e-01
 2.2588818e-02    3.5607871e-01
 2.2678365e-02    3.5614127e-01
 2.2767177e-02    3.5620422e-01
 2.2855247e-02    3.5626755e-01
 2.2942569e-02    3.5633126e-01
 2.3029137e-02    3.5639536e-01
 2.3114944e-02    3.5645984e-01
 2.3199986e-02    3.5652470e-01
 2.3284256e-02    3.5658994e-01
 2.3367748e-02    3.5665555e-01
 2.3450457e-02    3.5672155e-01
 2.3532375e-02    3.5678792e-01
 2.3613497e-02    3.5685467e-01
 2.3693818e-02    3.5692180e-01
 2.3773330e-02    3.5698930e-01
 2.3852029e-02    3.5705718e-01
 2.3929907e-02    3.5712543e-01
 2.4006960e-02    3.5719406e-01
 2.4083181e-02    3.5726306e-01
 2.4158565e-02    3.5733243e-01
 2.4233104e-02    3.5740217e-01
 2.4306794e-02    3.5747228e-01
 2.4379627e-02    3.5754277e-01
 2.4451599e-02    3.5761362e-01
 2.4522703e-02    3.5768484e-01
 2.4592934e-02    3.5775643e-01
 2.4662284e-02    3.5782838e-01
 2.4730749e-02    3.5790070e-01
 2.4798322e-02    3.5797339e-01
 2.4864997e-02    3.5804644e-01
 2.4930768e-02    3.5811986e-01
 2.4995630e-02    3.5819364e-01
 2.5059576e-02    3.5826778e-01
 2.5122600e-02    3.5834229e-01
 2.5184697e-02    3.5841716e-01
 2.5245860e-02    3.5849238e-01
 2.5306083e-02    3.5856797e-01
 2.5365360e-02    3.5864392e-01
 2.5423686e-02    3.5872022e-01
 2.5481054e-02    3.5879689e-01
 2.5537458e-02    3.5887391e-01
 2.5592893e-02    3.5895128e-01
 2.5647352e-02    3.5902902e-01
 2.5700829e-02    3.5910710e-01
 2.5753319e-02    3.5918554e-01
 2.5804815e-02    3.5926434e-01
 2.5855312e-02    3.5934349e-01
 2.5904803e-02    3.5942299e-01
 2.5953282e-02    3.5950284e-01
 2.6000744e-02    3.5958304e-01
 2.6047182e-02    3.5966360e-01
 2.6092590e-02    3.5974450e-01
 2.6136963e-02    3.5982575e-01
 2.6180295e-02    3.5990735e-01
 2.6222579e-02    3.5998929e-01
 2.6263809e-02    3.6007158e-01
 2.6303980e-02    3.6015422e-01
 2.6343085e-02    3.6023720e-01
 2.6381119e-02    3.6032053e-01
 2.6418075e-02    3.6040420e-01
 2.6453948e-02    3.6048822e-01
 2.6488731e-02    3.6057257e-01
 2.6522418e-02    3.6065727e-01
 2.6555005e-02    3.6074231e-01
 2.6586484e-02    3.6082769e-01
 2.6616849e-02    3.6091340e-01
 2.6646095e-02    3.6099946e-01
 2.6674215e-02    3.6108585e-01
 2.6701204e-02    3.6117258e-01
 2.6727056e-02    3.6125965e-01
 2.6751764e-02    3.6134706e-01
 2.6775323e-02    3.6143479e-01
 2.6797726e-02    3.6152287e-01
 2.6818968e-02    3.6161127e-01
 2.6839043e-02    3.6170001e-01
 2.6857944e-02    3.6178908e-01
 2.6875666e-02    3.6187849e-01
 2.6892202e-02    3.6196822e-01
 2.6907547e-02    3.6205829e-01
 2.6921695e-02    3.6214868e-01
 2.6934639e-02    3.6223940e-01
 2.6946374e-02    3.6233045e-01
 2.6956894e-02    3.6242183e-01
 2.6966193e-02    3.6251353e-01
 2.6974264e-02    3.6260556e-01
 2.6981102e-02    3.6269792e-01
 2.6986700e-02    3.6279060e-01
 2.6991054e-02    3.6288360e-01
 2.6994156e-02    3.6297692e-01
 2.6996001e-02    3.6307057e-01
 2.6996582e-02    3.6316454e-01
 2.6995894e-02    3.6325883e-01
 2.6993932e-02    3.6335344e-01
 2.6993932e-02    3.6335344e-01
 2.6594707e-02    3.7819610e-01
 2.6210950e-02    3.9303877e-01
 2.5841515e-02    4.0788143e-01
 2.5485378e-02    4.2272409e-01
 2.5141620e-02    4.3756675e-01
 2.4809419e-02    4.5240941e-01
 2.4488030e-02    4.6725207e-01
 2.4176776e-02    4.8209473e-01
 2.3875042e-02    4.9693740e-01
 2.3582271e-02    5.1178006e-01
 2.3297951e-02    5.2662272e-01
 2.3021614e-02    5.4146538e-01
 2.2752827e-02    5.5630804e-01
 2.2491194e-02    5.7115070e-01
 2.2236349e-02    5.8599336e-01
 2.1987953e-02    6.0083603e-01
 2.1745694e-02    6.1567869e-01
 2.1509279e-02    6.3052135e-01
 2.1278435e-02    6.4536401e-01
 2.1052911e-02    6.6020667e-01
 2.0832471e-02    6.7504933e-01
 2.0616896e-02    6.8989199e-01
 2.0405978e-02    7.0473466e-01
 2.0199525e-02    7.1957732e-01
 1.9997353e-02    7.3441998e-01
 1.9799292e-02    7.4926264e-01
 1.9605182e-02    7.6410530e-01
 1.9414871e-02    7.7894796e-01
 1.9228217e-02    7.9379062e-01
 1.9045085e-02    8.0863329e-01
 1.8865347e-02    8.2347595e-01
 1.8688882e-02    8.3831861e-01
 1.8515575e-02    8.5316127e-01
 1.8345318e-02    8.6800393e-01
 1.8178009e-02    8.8284659e-01
 1.8013549e-02    8.9768925e-01
 1.7851845e-02    9.1253192e-01
 1.7692811e-02    9.2737458e-01
 1.7536360e-02    9.4221724e-01
 1.7382412e-02    9.5705990e-01
 1.7230890e-02    9.7190256e-01
 1.7081721e-02    9.8674522e-01
 1.6934835e-02    1.0015879e+00
 1.6790166e-02    1.0164305e+00
 1.6647649e-02    1.0312732e+00
 1.6507224e-02    1.0461159e+00
 1.6368833e-02    1.0609585e+00
 1.6232418e-02    1.0758012e+00
 1.6097926e-02    1.0906439e+00
 1.5965304e-02    1.1054865e+00
 1.5834504e-02    1.1203292e+00
 1.5705477e-02    1.1351718e+00
 1.5578178e-02    1.1500145e+00
 1.5452563e-02    1.1648572e+00
 1.5328589e-02    1.1796998e+00
 1.5206215e-02    1.1945425e+00
 1.5085403e-02    1.2093851e+00
 1.4966115e-02    1.2242278e+00
 1.4848314e-02    1.2390705e+00
 1.4731964e-02    1.2539131e+00
 1.4617031e-02    1.2687558e+00
 1.4503484e-02    1.2835985e+00
 1.4391289e-02    1.2984411e+00
 1.4280417e-02    1.3132838e+00
 1.4170838e-02    1.3281264e+00
 1.4062524e-02    1.3429691e+00
 1.3955447e-02    1.3578118e+00
 1.3849579e-02    1.3726544e+00
 1.3744896e-02    1.3874971e+00
 1.3641373e-02    1.4023397e+00
 1.3538983e-02    1.4171824e+00
 1.3437706e-02    1.4320251e+00
 1.3337516e-02    1.4468677e+00
 1.3238393e-02    1.4617104e+00
 1.3140316e-02    1.4765531e+00
 1.3043262e-02    1.4913957e+00
 1.2947213e-02    1.5062384e+00
 1.2852148e-02    1.5210810e+00
 1.2758048e-02    1.5359237e+00
 1.2664896e-02    1.5507664e+00
 1.2572673e-02    1.5656090e+00
 1.2481361e-02    1.5804517e+00
 1.2390943e-02    1.5952943e+00
 1.2301404e-02    1.6101370e+00
 1.2212727e-02    1.6249797e+00
 1.2124897e-02    1.6398223e+00
 1.2037898e-02    1.6546650e+00
 1.1951715e-02    1.6695076e+00
 1.1866335e-02    1.6843503e+00
 1.1781743e-02    1.6991930e+00
 1.1697925e-02    1.7140356e+00
 1.1614868e-02    1.7288783e+00
 1.1532560e-02    1.7437210e+00
 1.1450987e-02    1.7585636e+00
 1.1370138e-02    1.7734063e+00
 1.1290000e-02    1.7882489e+00
 1.1210561e-02    1.8030916e+00
 1.1131811e-02    1.8179343e+00
 1.1053738e-02    1.8327769e+00
 1.0976331e-02    1.8476196e+00
 1.0899579e-02    1.8624622e+00
 1.0823473e-02    1.8773049e+00
 1.0748001e-02    1.8921476e+00
 1.0673155e-02    1.9069902e+00
 1.0598924e-02    1.9218329e+00
 1.0525299e-02    1.9366756e+00
 1.0452271e-02    1.9515182e+00
 1.0379830e-02    1.9663609e+00
 1.0307969e-02    1.9812035e+00
 1.0236678e-02    1.9960462e+00
 1.0165948e-02    2.0108889e+00
 1.0095773e-02    2.0257315e+00
 1.0026143e-02    2.0405742e+00
 9.9570503e-03    2.0554168e+00
 9.8884878e-03    2.0702595e+00
 9.8204477e-03    2.0851022e+00
 9.7529226e-03    2.0999448e+00
 9.6859052e-03    2.1147875e+00
 9.6193885e-03    2.1296302e+00
 9.5533654e-03    2.1444728e+00
 9.4878292e-03    2.1593155e+00
 9.4227732e-03    2.1741581e+00
 9.3581908e-03    2.1890008e+00
 9.2940757e-03    2.2038435e+00
 9.2304215e-03    2.2186861e+00
 9.1672222e-03    2.2335288e+00
 9.1044717e-03    2.2483714e+00
 9.0421642e-03    2.2632141e+00
 8.9802936e-03    2.2780568e+00
 8.9188545e-03    2.2928994e+00
 8.8578412e-03    2.3077421e+00
 8.7972483e-03    2.3225848e+00
 8.7370703e-03    2.3374274e+00
 8.6773020e-03    2.3522701e+00
 8.6179383e-03    2.3671127e+00
 8.5589740e-03    2.3819554e+00
 8.5004042e-03    2.3967981e+00
 8.4422241e-03    2.4116407e+00
 8.3844287e-03    2.4264834e+00
 8.3270134e-03    2.4413260e+00
 8.2699736e-03    2.4561687e+00
 8.2133046e-03    2.4710114e+00
 8.1570021e-03    2.4858540e+00
 8.1010617e-03    2.5006967e+00
 8.0454790e-03    2.5155394e+00
 7.9902498e-03    2.5303820e+00
 7.9353700e-03    2.5452247e+00
 7.8808354e-03    2.5600673e+00
 7.8266421e-03    2.5749100e+00
 7.7727861e-03    2.5897527e+00
 7.7192634e-03    2.6045953e+00
 7.6660704e-03    2.6194380e+00
 7.6132031e-03    2.6342806e+00
 7.5606580e-03    2.6491233e+00
 7.5084314e-03    2.6639660e+00
 7.4565198e-03    2.6788086e+00
 7.4049195e-03    2.6936513e+00
 7.3536272e-03    2.7084939e+00
 7.3026395e-03    2.7233366e+00
 7.2519529e-03    2.7381793e+00
 7.2015643e-03    2.7530219e+00
 7.1514704e-03    2.7678646e+00
 7.1016679e-03    2.7827073e+00
 7.0521538e-03    2.7975499e+00
 7.0029249e-03    2.8123926e+00
 6.9539783e-03    2.8272352e+00
 6.9053108e-03    2.8420779e+00
 6.8569197e-03    2.8569206e+00
 6.8088018e-03    2.8717632e+00
 6.7609545e-03    2.8866059e+00
 6.7133749e-03    2.9014485e+00
 6.6660602e-03    2.9162912e+00
 6.6190077e-03    2.9311339e+00
 6.5722146e-03    2.9459765e+00
 6.5256784e-03    2.9608192e+00
 6.4793964e-03    2.9756619e+00
 6.4333660e-03    2.9905045e+00
 6.3875848e-03    3.0053472e+00
 6.3420501e-03    3.0201898e+00
 6.2967596e-03    3.0350325e+00
 6.2517108e-03    3.0498752e+00
 6.2069013e-03    3.0647178e+00
 6.1623288e-03    3.0795605e+00
 6.1179909e-03    3.0944031e+00
 6.0738853e-03    3.1092458e+00
 6.0300099e-03    3.1240885e+00
 5.9863622e-03    3.1389311e+00
 5.9429402e-03    3.1537738e+00
 5.8997417e-03    3.1686165e+00
 5.8567645e-03    3.1834591e+00
 5.8140065e-03    3.1983018e+00
 5.7714657e-03    3.2131444e+00
 5.7291399e-03    3.2279871e+00
 5.6870273e-03    3.2428298e+00
 5.6451257e-03    3.2576724e+00
 5.6034331e-03    3.2725151e+00
 5.5619478e-03    3.2873577e+00
 5.5206676e-03    3.3022004e+00
 5.4795908e-03    3.3170431e+00
 5.4387155e-03    3.3318857e+00
 5.3980398e-03    3.3467284e+00
 5.3575618e-03    3.3615711e+00
 5.3172799e-03    3.3764137e+00
 5.2771922e-03    3.3912564e+00
 5.2372970e-03    3.4060990e+00
 5.1975925e-03    3.4209417e+00
 5.1580770e-03    3.4357844e+00
 5.1187490e-03    3.4506270e+00
 5.0796065e-03    3.4654697e+00
 5.0406482e-03    3.4803123e+00
 5.0018722e-03    3.4951550e+00
 4.9632771e-03    3.5099977e+00
 4.9248612e-03    3.5248403e+00
 4.8866229e-03    3.5396830e+00
 4.8485608e-03    3.5545256e+00
 4.8106733e-03    3.5693683e+00
 4.7729588e-03    3.5842110e+00
 4.7354160e-03    3.5990536e+00
 4.6980433e-03    3.6138963e+00
 4.6608393e-03    3.6287390e+00
 4.6238025e-03    3.6435816e+00
 4.5869315e-03    3.6584243e+00
 4.5502249e-03    3.6732669e+00
 4.5136814e-03    3.6881096e+00
 4.4772995e-03    3.7029523e+00
 4.4410779e-03    3.7177949e+00
 4.4050154e-03    3.7326376e+00
 4.3691104e-03    3.7474802e+00
 4.3333618e-03    3.7623229e+00
 4.2977682e-03    3.7771656e+00
 4.2623284e-03    3.7920082e+00
 4.2270411e-03    3.8068509e+00
 4.1919051e-03    3.8216936e+00
 4.1569191e-03    3.8365362e+00
 4.1220819e-03    3.8513789e+00
 4.0873923e-03    3.8662215e+00
 4.0528490e-03    3.8810642e+00
 4.0184511e-03    3.8959069e+00
 3.9841971e-03    3.9107495e+00
 3.9500861e-03    3.9255922e+00
 3.9161168e-03    3.9404348e+00
 3.8822882e-03    3.9552775e+00
 3.8485991e-03    3.9701202e+00
 3.8150484e-03    3.9849628e+00
 3.7816350e-03    3.9998055e+00
 3.7483578e-03    4.0146482e+00
 3.7152158e-03    4.0294908e+00
 3.6822079e-03    4.0443335e+00
 3.6493331e-03    4.0591761e+00
 3.6165903e-03    4.0740188e+00
 3.5839785e-03    4.0888615e+00
 3.5514967e-03    4.1037041e+00
 3.5191439e-03    4.1185468e+00
 3.4869191e-03    4.1333894e+00
 3.4548213e-03    4.1482321e+00
 3.4228496e-03    4.1630748e+00
 3.3910029e-03    4.1779174e+00
 3.3592803e-03    4.1927601e+00
 3.3276809e-03    4.2076028e+00
 3.2962038e-03    4.2224454e+00
 3.2648480e-03    4.2372881e+00
 3.2336126e-03    4.2521307e+00
 3.2024968e-03    4.2669734e+00
 3.1714995e-03    4.2818161e+00
 3.1406200e-03    4.2966587e+00
 3.1098573e-03    4.3115014e+00
 3.0792106e-03    4.3263440e+00
 3.0486790e-03    4.3411867e+00
 3.0182617e-03    4.3560294e+00
 2.9879578e-03    4.3708720e+00
 2.9577665e-03    4.3857147e+00
 2.9276870e-03    4.4005574e+00
 2.8977184e-03    4.4154000e+00
 2.8678600e-03    4.4302427e+00
 2.8381108e-03    4.4450853e+00
 2.8084702e-03    4.4599280e+00
 2.7789374e-03    4.4747707e+00
 2.7495115e-03    4.4896133e+00
 2.7201918e-03    4.5044560e+00
 2.6909776e-03    4.5192986e+00
 2.6618680e-03    4.5341413e+00
 2.6328623e-03    4.5489840e+00
 2.6039598e-03    4.5638266e+00
 2.5751597e-03    4.5786693e+00
 2.5464614e-03    4.5935119e+00
 2.5178640e-03    4.6083546e+00
 2.4893669e-03    4.6231973e+00
 2.4609693e-03    4.6380399e+00
 2.4326706e-03    4.6528826e+00
 2.4044701e-03    4.6677253e+00
 2.3763670e-03    4.6825679e+00
 2.3483607e-03    4.6974106e+00
 2.3204505e-03    4.7122532e+00
 2.2926358e-03    4.7270959e+00
 2.2649158e-03    4.7419386e+00
 2.2372899e-03    4.7567812e+00
 2.2097574e-03    4.7716239e+00
 2.1823178e-03    4.7864665e+00
 2.1549703e-03    4.8013092e+00
 2.1277143e-03    4.8161519e+00
 2.1005492e-03    4.8309945e+00
 2.0734744e-03    4.8458372e+00
 2.0464893e-03    4.8606799e+00
 2.0195931e-03    4.8755225e+00
 1.9927854e-03    4.8903652e+00
 1.9660655e-03    4.9052078e+00
 1.9394328e-03    4.9200505e+00
 1.9128868e-03    4.9348932e+00
 1.8864267e-03    4.9497358e+00
 1.8600522e-03    4.9645785e+00
 1.8337625e-03    4.9794211e+00
 1.8075571e-03    4.9942638e+00
 1.7814354e-03    5.0091065e+00
 1.7553969e-03    5.0239491e+00
 1.7294410e-03    5.0387918e+00
 1.7035671e-03    5.0536345e+00
 1.6777748e-03    5.0684771e+00
 1.6520634e-03    5.0833198e+00
 1.6264324e-03    5.0981624e+00
 1.6008813e-03    5.1130051e+00
 1.5754096e-03    5.1278478e+00
 1.5500167e-03    5.1426904e+00
 1.5247020e-03    5.1575331e+00
 1.4994652e-03    5.1723757e+00
 1.4743056e-03    5.1872184e+00
 1.4492228e-03    5.2020611e+00
 1.4242162e-03    5.2169037e+00
 1.3992854e-03    5.2317464e+00
 1.3744298e-03    5.2465891e+00
 1.3496489e-03    5.2614317e+00
 1.3249424e-03    5.2762744e+00
 1.3003096e-03    5.2911170e+00
 1.2757501e-03    5.3059597e+00
 1.2512634e-03    5.3208024e+00
 1.2268490e-03    5.3356450e+00
 1.2025066e-03    5.3504877e+00
 1.1782355e-03    5.3653303e+00
 1.1540354e-03    5.3801730e+00
 1.1299057e-03    5.3950157e+00
 1.1058461e-03    5.4098583e+00
 1.0818560e-03    5.4247010e+00
 1.0579351e-03    5.4395437e+00
 1.0340828e-03    5.4543863e+00
 1.0102988e-03    5.4692290e+00
 9.8658256e-04    5.4840716e+00
 9.6293368e-04    5.4989143e+00
 9.3935173e-04    5.5137570e+00
 9.1583627e-04    5.5285996e+00
 8.9238688e-04    5.5434423e+00
 8.6900313e-04    5.5582849e+00
 8.4568462e-04    5.5731276e+00
 8.2243092e-04    5.5879703e+00
 7.9924161e-04    5.6028129e+00
 7.7611630e-04    5.6176556e+00
 7.5305456e-04    5.6324982e+00
 7.3005601e-04    5.6473409e+00
 7.0712023e-04    5.6621836e+00
 6.8424683e-04    5.6770262e+00
 6.6143541e-04    5.6918689e+00
 6.3868558e-04    5.7067116e+00
 6.1599695e-04    5.7215542e+00
 5.9336914e-04    5.7363969e+00
 5.7080176e-04    5.7512395e+00
 5.4829443e-04    5.7660822e+00
 5.2584677e-04    5.7809249e+00
 5.0345841e-04    5.7957675e+00
 4.8112898e-04    5.8106102e+00
 4.5885809e-04    5.8254528e+00
 4.3664540e-04    5.8402955e+00
 4.1449052e-04    5.8551382e+00
 3.9239310e-04    5.8699808e+00
 3.7035279e-04    5.8848235e+00
 3.4836921e-04    5.8996662e+00
 3.2644203e-04    5.9145088e+00
 3.0457088e-04    5.9293515e+00
 2.8275541e-04    5.9441941e+00
 2.6099529e-04    5.9590368e+00
 2.3929015e-04    5.9738795e+00
 2.1763967e-04    5.9887221e+00
 1.9604350e-04    6.0035648e+00
 1.7450131e-04    6.0184074e+00
 1.5301275e-04    6.0332501e+00
 1.3157750e-04    6.0480928e+00
 1.1019522e-04    6.0629354e+00
 8.8865587e-05    6.0777781e+00
 6.7588275e-05    6.0926208e+00
 4.6362957e-05    6.1074634e+00
 2.5189314e-05    6.1223061e+00
 4.0670235e-06    6.1371487e+00
-1.7004231e-05    6.1519914e+00
-3.8024764e-05    6.1668341e+00
-5.8994891e-05    6.1816767e+00
-7.9914922e-05    6.1965194e+00
-1.0078517e-04    6.2113620e+00
-1.2160593e-04    6.2262047e+00
-1.4237752e-04    6.2410474e+00
-1.6310024e-04    6.2558900e+00
-1.8377439e-04    6.2707327e+00
-2.0440027e-04    6.2855754e+00
-2.2497817e-04    6.3004180e+00
-2.4550840e-04    6.3152607e+00
-2.6599124e-04    6.3301033e+00
-2.8642699e-04    6.3449460e+00
-3.0681593e-04    6.3597887e+00
-3.2715836e-04    6.3746313e+00
-3.4745455e-04    6.3894740e+00
-3.6770480e-04    6.4043166e+00
-3.8790939e-04    6.4191593e+00
-4.0806859e-04    6.4340020e+00
-4.2818269e-04    6.4488446e+00
-4.4825196e-04    6.4636873e+00
-4.6827667e-04    6.4785300e+00
-4.8825711e-04    6.4933726e+00
-5.0819354e-04    6.5082153e+00
-5.2808623e-04    6.5230579e+00
-5.4793545e-04    6.5379006e+00
-5.6774147e-04    6.5527433e+00
-5.8750455e-04    6.5675859e+00
-6.0722495e-04    6.5824286e+00
-6.2690295e-04    6.5972712e+00
-6.4653879e-04    6.6121139e+00
-6.6613273e-04    6.6269566e+00
-6.8568504e-04    6.6417992e+00
-7.0519596e-04    6.6566419e+00
-7.2466576e-04    6.6714845e+00
-7.4409468e-04    6.6863272e+00
-7.6348297e-04    6.7011699e+00
-7.8283089e-04    6.7160125e+00
-8.0213868e-04    6.7308552e+00
-8.2140659e-04    6.7456979e+00
-8.4063486e-04    6.7605405e+00
-8.5982374e-04    6.7753832e+00
-8.7897346e-04    6.7902258e+00
-8.9808427e-04    6.8050685e+00
-9.1715641e-04    6.8199112e+00
-9.3619011e-04    6.8347538e+00
-9.5518562e-04    6.8495965e+00
-9.7414316e-04    6.8644391e+00
-9.9306296e-04    6.8792818e+00
-1.0119453e-03    6.8941245e+00
-1.0307903e-03    6.9089671e+00
-1.0495983e-03    6.9238098e+00
-1.0683695e-03    6.9386525e+00
-1.0871041e-03    6.9534951e+00
-1.1058024e-03    6.9683378e+00
-1.1244645e-03    6.9831804e+00
-1.1430907e-03    6.9980231e+00
-1.1616812e-03    7.0128658e+00
-1.1802362e-03    7.0277084e+00
-1.1987560e-03    7.0425511e+00
-1.2172408e-03    7.0573937e+00
-1.2356907e-03    7.0722364e+00
-1.2541060e-03    7.0870791e+00
-1.2724870e-03    7.1019217e+00
-1.2908337e-03    7.1167644e+00
-1.3091466e-03    7.1316071e+00
-1.3274256e-03    7.1464497e+00
-1.3456711e-03    7.1612924e+00
-1.3638833e-03    7.1761350e+00
-1.3820624e-03    7.1909777e+00
-1.4002085e-03    7.2058204e+00
-1.4183219e-03    7.2206630e+00
-1.4364028e-03    7.2355057e+00
-1.4544514e-03    7.2503483e+00
-1.4724679e-03    7.2651910e+00
-1.4904524e-03    7.2800337e+00
-1.5084053e-03    7.2948763e+00
-1.5263267e-03    7.3097190e+00
-1.5442167e-03    7.3245617e+00
-1.5620756e-03    7.3394043e+00
-1.5799036e-03    7.3542470e+00
-1.5977009e-03    7.3690896e+00
-1.6154676e-03    7.3839323e+00
-1.6332040e-03    7.3987750e+00
-1.6509102e-03    7.4136176e+00
-1.6685865e-03    7.4284603e+00
-1.6862330e-03    7.4433029e+00
-1.7038499e-03    7.4581456e+00
-1.7214374e-03    7.4729883e+00
-1.7389957e-03    7.4878309e+00
-1.7565249e-03    7.5026736e+00
-1.7740253e-03    7.5175162e+00
-1.7914971e-03    7.5323589e+00
-1.8089404e-03    7.5472016e+00
-1.8263553e-03    7.5620442e+00
-1.8437422e-03    7.5768869e+00
-1.8611011e-03    7.5917296e+00
-1.8784323e-03    7.6065722e+00
-1.8957358e-03    7.6214149e+00
-1.9130120e-03    7.6362575e+00
-1.9302609e-03    7.6511002e+00
-1.9474828e-03    7.6659429e+00
-1.9646778e-03    7.6807855e+00
-1.9818461e-03    7.6956282e+00
-1.9989878e-03    7.7104708e+00
-2.0161032e-03    7.7253135e+00
-2.0331924e-03    7.7401562e+00
-2.0502555e-03    7.7549988e+00
-2.0672928e-03    7.7698415e+00
-2.0843044e-03    7.7846842e+00
-2.1012905e-03    7.7995268e+00
-2.1182512e-03    7.8143695e+00
-2.1351867e-03    7.8292121e+00
-2.1520972e-03    7.8440548e+00
-2.1689829e-03    7.8588975e+00
-2.1858438e-03    7.8737401e+00
-2.2026802e-03    7.8885828e+00
-2.2194923e-03    7.9034254e+00
-2.2362801e-03    7.9182681e+00
-2.2530438e-03    7.9331108e+00
-2.2697837e-03    7.9479534e+00
-2.2864998e-03    7.9627961e+00
-2.3031923e-03    7.9776388e+00
-2.3198615e-03    7.9924814e+00
-2.3365073e-03    8.0073241e+00
-2.3531300e-03    8.0221667e+00
-2.3697298e-03    8.0370094e+00
-2.3863068e-03    8.0518521e+00
-2.4028611e-03    8.0666947e+00
-2.4193929e-03    8.0815374e+00
-2.4359024e-03    8.0963800e+00
-2.4523897e-03    8.1112227e+00
-2.4688549e-03    8.1260654e+00
-2.4852982e-03    8.1409080e+00
-2.5017198e-03    8.1557507e+00
-2.5181198e-03    8.1705934e+00
-2.5344984e-03    8.1854360e+00
-2.5508556e-03    8.2002787e+00
-2.5671917e-03    8.2151213e+00
-2.5835067e-03    8.2299640e+00
-2.5998009e-03    8.2448067e+00
-2.6160744e-03    8.2596493e+00
-2.6323273e-03    8.2744920e+00
-2.6485598e-03    8.2893346e+00
-2.6647719e-03    8.3041773e+00
-2.6809639e-03    8.3190200e+00
-2.6971359e-03    8.3338626e+00
-2.7132880e-03    8.3487053e+00
-2.7294204e-03    8.3635480e+00
-2.7455332e-03    8.3783906e+00
-2.7616266e-03    8.3932333e+00
-2.7777006e-03    8.4080759e+00
-2.7937554e-03    8.4229186e+00
-2.8097912e-03    8.4377613e+00
-2.8258081e-03    8.4526039e+00
-2.8418063e-03    8.4674466e+00
-2.8577858e-03    8.4822892e+00
-2.8737467e-03    8.4971319e+00
-2.8896894e-03    8.5119746e+00
-2.9056138e-03    8.5268172e+00
-2.9215200e-03    8.5416599e+00
-2.9374084e-03    8.5565025e+00
-2.9532788e-03    8.5713452e+00
-2.9691316e-03    8.5861879e+00
-2.9849668e-03    8.6010305e+00
-3.0007845e-03    8.6158732e+00
-3.0165850e-03    8.6307159e+00
-3.0323682e-03    8.6455585e+00
-3.0481344e-03    8.6604012e+00
-3.0638836e-03    8.6752438e+00
-3.0796160e-03    8.6900865e+00
-3.0953318e-03    8.7049292e+00
-3.1110310e-03    8.7197718e+00
-3.1267138e-03    8.7346145e+00
-3.1423802e-03    8.7494571e+00
-3.1580305e-03    8.7642998e+00
-3.1736648e-03    8.7791425e+00
-3.1892831e-03    8.7939851e+00
-3.2048856e-03    8.8088278e+00
-3.2204724e-03    8.8236705e+00
-3.2360436e-03    8.8385131e+00
-3.2515994e-03    8.8533558e+00
-3.2671399e-03    8.8681984e+00
-3.2826652e-03    8.8830411e+00
-3.2981754e-03    8.8978838e+00
-3.3136706e-03    8.9127264e+00
-3.3291510e-03    8.9275691e+00
-3.3446167e-03    8.9424117e+00
-3.3600678e-03    8.9572544e+00
-3.3755043e-03    8.9720971e+00
-3.3909265e-03    8.9869397e+00
-3.4063345e-03    9.0017824e+00
-3.4217283e-03    9.0166251e+00
-3.4371081e-03    9.0314677e+00
-3.4524740e-03    9.0463104e+00
-3.4678261e-03    9.0611530e+00
-3.4831645e-03    9.0759957e+00
-3.4984894e-03    9.0908384e+00
-3.5138008e-03    9.1056810e+00
-3.5290989e-03    9.1205237e+00
-3.5443837e-03    9.1353663e+00
-3.5596555e-03    9.1502090e+00
-3.5749142e-03    9.1650517e+00
-3.5901601e-03    9.1798943e+00
-3.6053931e-03    9.1947370e+00
-3.6206136e-03    9.2095797e+00
-3.6358214e-03    9.2244223e+00
-3.6510168e-03    9.2392650e+00
-3.6661999e-03    9.2541076e+00
-3.6813708e-03    9.2689503e+00
-3.6965295e-03    9.2837930e+00
-3.7116762e-03    9.2986356e+00
-3.7268110e-03    9.3134783e+00
-3.7419340e-03    9.3283209e+00
-3.7570454e-03    9.3431636e+00
-3.7721451e-03    9.3580063e+00
-3.7872334e-03    9.3728489e+00
-3.8023103e-03    9.3876916e+00
-3.8173760e-03    9.4025343e+00
-3.8324305e-03    9.4173769e+00
-3.8474739e-03    9.4322196e+00
-3.8625064e-03    9.4470622e+00
-3.8775280e-03    9.4619049e+00
-3.8925389e-03    9.4767476e+00
-3.9075392e-03    9.4915902e+00
-3.9225289e-03    9.5064329e+00
-3.9375082e-03    9.5212755e+00
-3.9524771e-03    9.5361182e+00
-3.9674358e-03    9.5509609e+00
-3.9823844e-03    9.5658035e+00
-3.9973230e-03    9.5806462e+00
-4.0122517e-03    9.5954888e+00
-4.0271705e-03    9.6103315e+00
-4.0420796e-03    9.6251742e+00
-4.0569790e-03    9.6400168e+00
-4.0718690e-03    9.6548595e+00
-4.0867495e-03    9.6697022e+00
-4.1016207e-03    9.6845448e+00
-4.1164826e-03    9.6993875e+00
-4.1313354e-03    9.7142301e+00
-4.1461792e-03    9.7290728e+00
-4.1610141e-03    9.7439155e+00
-4.1758401e-03    9.7587581e+00
-4.1906573e-03    9.7736008e+00
-4.2054660e-03    9.7884434e+00
-4.2202660e-03    9.8032861e+00
-4.2350576e-03    9.8181288e+00
-4.2498409e-03    9.8329714e+00
-4.2646159e-03    9.8478141e+00
-4.2793827e-03    9.8626568e+00
-4.2941414e-03    9.8774994e+00
-4.3088922e-03    9.8923421e+00
-4.3236350e-03    9.9071847e+00
-4.3383701e-03    9.9220274e+00
-4.3530975e-03    9.9368701e+00
-4.3678173e-03    9.9517127e+00
-4.3825295e-03    9.9665554e+00
-4.3972344e-03    9.9813980e+00
-4.4119319e-03    9.9962407e+00
-4.4266221e-03    1.0011083e+01
-4.4413052e-03    1.0025926e+01
-4.4559813e-03    1.0040769e+01
-4.4706504e-03    1.0055611e+01
-4.4853126e-03    1.0070454e+01
-4.4999681e-03    1.0085297e+01
-4.5146168e-03    1.0100139e+01
-4.5292589e-03    1.0114982e+01
-4.5438946e-03    1.0129825e+01
-4.5585238e-03    1.0144667e+01
-4.5731466e-03    1.0159510e+01
-4.5877633e-03    1.0174353e+01
-4.6023737e-03    1.0189195e+01
-4.6169781e-03    1.0204038e+01
-4.6315765e-03    1.0218881e+01
-4.6461691e-03    1.0233723e+01
-4.6607558e-03    1.0248566e+01
-4.6753368e-03    1.0263409e+01
-4.6899121e-03    1.0278251e+01
-4.7044819e-03    1.0293094e+01
-4.7190463e-03    1.0307937e+01
-4.7336053e-03    1.0322779e+01
-4.7481590e-03    1.0337622e+01
-4.7627075e-03    1.0352465e+01
-4.7772508e-03    1.0367307e+01
-4.7917892e-03    1.0382150e+01
-4.8063226e-03    1.0396993e+01
-4.8208511e-03    1.0411835e+01
-4.8353749e-03    1.0426678e+01
-4.8498939e-03    1.0441521e+01
-4.8644084e-03    1.0456363e+01
-4.8789183e-03    1.0471206e+01
-4.8934238e-03    1.0486049e+01
-4.9079250e-03    1.0500891e+01
-4.9224218e-03    1.0515734e+01
-4.9369145e-03    1.0530577e+01
-4.9514030e-03    1.0545419e+01
-4.9658876e-03    1.0560262e+01
-4.9803681e-03    1.0575105e+01
-4.9948449e-03    1.0589947e+01
-5.0093178e-03    1.0604790e+01
-5.0237870e-03    1.0619632e+01
-5.0382527e-03    1.0634475e+01
-5.0527147e-03    1.0649318e+01
-5.0671734e-03    1.0664160e+01
-5.0816286e-03    1.0679003e+01
-5.0960806e-03    1.0693846e+01
-5.1105293e-03    1.0708688e+01
-5.1249749e-03    1.0723531e+01
-5.1394174e-03    1.0738374e+01
-5.1538570e-03    1.0753216e+01
-5.1682937e-03    1.0768059e+01
-5.1827275e-03    1.0782902e+01
-5.1971586e-03    1.0797744e+01
-5.2115871e-03    1.0812587e+01
-5.2260129e-03    1.0827430e+01
-5.2404363e-03    1.0842272e+01
-5.2548572e-03    1.0857115e+01
-5.2692758e-03    1.0871958e+01
-5.2836921e-03    1.0886800e+01
-5.2981062e-03    1.0901643e+01
-5.3125183e-03    1.0916486e+01
-5.3269282e-03    1.0931328e+01
-5.3413362e-03    1.0946171e+01
-5.3557424e-03    1.0961014e+01
-5.3701467e-03    1.0975856e+01
-5.3845493e-03    1.0990699e+01
-5.3989502e-03    1.1005542e+01
-5.4133495e-03    1.1020384e+01
-5.4277474e-03    1.1035227e+01
-5.4421438e-03    1.1050070e+01
-5.4565388e-03    1.1064912e+01
-5.4709326e-03    1.1079755e+01
-5.4853252e-03    1.1094598e+01
-5.4997167e-03    1.1109440e+01
-5.5141071e-03    1.1124283e+01
-5.5284965e-03    1.1139126e+01
-5.5428850e-03    1.1153968e+01
-5.5572727e-03    1.1168811e+01
-5.5716597e-03    1.1183654e+01
-5.5860459e-03    1.1198496e+01
-5.6004316e-03    1.1213339e+01
-5.6148167e-03    1.1228182e+01
-5.6292013e-03    1.1243024e+01
-5.6435856e-03    1.1257867e+01
-5.6579695e-03    1.1272710e+01
-5.6723532e-03    1.1287552e+01
-5.6867368e-03    1.1302395e+01
-5.7011202e-03    1.1317238e+01
-5.7155036e-03    1.1332080e+01
-5.7298871e-03    1.1346923e+01
-5.7442707e-03    1.1361766e+01
-5.7586545e-03    1.1376608e+01
-5.7730385e-03    1.1391451e+01
-5.7874229e-03    1.1406294e+01
-5.8018077e-03    1.1421136e+01
-5.8161929e-03    1.1435979e+01
-5.8305787e-03    1.1450822e+01
-5.8449652e-03    1.1465664e+01
-5.8593523e-03    1.1480507e+01
-5.8737402e-03    1.1495350e+01
-5.8881289e-03    1.1510192e+01
-5.9025185e-03    1.1525035e+01
-5.9169091e-03    1.1539877e+01
-5.9313007e-03    1.1554720e+01
-5.9456935e-03    1.1569563e+01
-5.9600874e-03    1.1584405e+01
-5.9744826e-03    1.1599248e+01
-5.9888791e-03    1.1614091e+01
-6.0032770e-03    1.1628933e+01
-6.0176764e-03    1.1643776e+01
-6.0320772e-03    1.1658619e+01
-6.0464797e-03    1.1673461e+01
-6.0608839e-03    1.1688304e+01
-6.0752898e-03    1.1703147e+01
-6.0896974e-03    1.1717989e+01
-6.1041070e-03    1.1732832e+01
-6.1185185e-03    1.1747675e+01
-6.1329320e-03    1.1762517e+01
-6.1473476e-03    1.1777360e+01
-6.1617654e-03    1.1792203e+01
-6.1761853e-03    1.1807045e+01
-6.1906075e-03    1.1821888e+01
-6.2050321e-03    1.1836731e+01
-6.2194591e-03    1.1851573e+01
-6.2338886e-03    1.1866416e+01
-6.2483206e-03    1.1881259e+01
-6.2627553e-03    1.1896101e+01
-6.2771926e-03    1.1910944e+01
-6.2916327e-03    1.1925787e+01
-6.3060756e-03    1.1940629e+01
-6.3205214e-03    1.1955472e+01
-6.3349701e-03    1.1970315e+01
-6.3494219e-03    1.1985157e+01
-6.3638767e-03    1.2000000e+01
 0.0000000e+00    1.2050125e+01
 0.0000000e+00    1.2100251e+01
 0.0000000e+00    1.2150376e+01
 0.0000000e+00    1.2200501e+01
 0.0000000e+00    1.2250627e+01
 0.0000000e+00    1.2300752e+01
 0.0000000e+00    1.2350877e+01
 0.0000000e+00    1.2401003e+01
 0.0000000e+00    1.2451128e+01
 0.0000000e+00    1.2501253e+01
 0.0000000e+00    1.2551378e+01
 0.0000000e+00    1.2601504e+01
 0.0000000e+00    1.2651629e+01
 0.0000000e+00    1.2701754e+01
 0.0000000e+00    1.2751880e+01
 0.0000000e+00    1.2802005e+01
 0.0000000e+00    1.2852130e+01
 0.0000000e+00    1.2902256e+01
 0.0000000e+00    1.2952381e+01
 0.0000000e+00    1.3002506e+01
 0.0000000e+00    1.3052632e+01
 0.0000000e+00    1.3102757e+01
 0.0000000e+00    1.3152882e+01
 0.0000000e+00    1.3203008e+01
 0.0000000e+00    1.3253133e+01
 0.0000000e+00    1.3303258e+01
 0.0000000e+00    1.3353383e+01
 0.0000000e+00    1.3403509e+01
 0.0000000e+00    1.3453634e+01
 0.0000000e+00    1.3503759e+01
 0.0000000e+00    1.3553885e+01
 0.0000000e+00    1.3604010e+01
 0.0000000e+00    1.3654135e+01
 0.0000000e+00    1.3704261e+01
 0.0000000e+00    1.3754386e+01
 0.0000000e+00    1.3804511e+01
 0.0000000e+00    1.3854637e+01
 0.0000000e+00    1.3904762e+01
 0.0000000e+00    1.3954887e+01
 0.0000000e+00    1.4005013e+01
 0.0000000e+00    1.4055138e+01
 0.0000000e+00    1.4105263e+01
 0.0000000e+00    1.4155388e+01
 0.0000000e+00    1.4205514e+01
 0.0000000e+00    1.4255639e+01
 0.0000000e+00    1.4305764e+01
 0.0000000e+00    1.4355890e+01
 0.0000000e+00    1.4406015e+01
 0.0000000e+00    1.4456140e+01
 0.0000000e+00    1.4506266e+01
 0.0000000e+00    1.4556391e+01
 0.0000000e+00    1.4606516e+01
 0.0000000e+00    1.4656642e+01
 0.0000000e+00    1.4706767e+01
 0.0000000e+00    1.4756892e+01
 0.0000000e+00    1.4807018e+01
 0.0000000e+00    1.4857143e+01
 0.0000000e+00    1.4907268e+01
 0.0000000e+00    1.4957393e+01
 0.0000000e+00    1.5007519e+01
 0.0000000e+00    1.5057644e+01
 0.0000000e+00    1.5107769e+01
 0.0000000e+00    1.5157895e+01
 0.0000000e+00    1.5208020e+01
 0.0000000e+00    1.5258145e+01
 0.0000000e+00    1.5308271e+01
 0.0000000e+00    1.5358396e+01
 0.0000000e+00    1.5408521e+01
 0.0000000e+00    1.5458647e+01
 0.0000000e+00    1.5508772e+01
 0.0000000e+00    1.5558897e+01
 0.0000000e+00    1.5609023e+01
 0.0000000e+00    1.5659148e+01
 0.0000000e+00    1.5709273e+01
 0.0000000e+00    1.5759398e+01
 0.0000000e+00    1.5809524e+01
 0.0000000e+00    1.5859649e+01
 0.0000000e+00    1.5909774e+01
 0.0000000e+00    1.5959900e+01
 0.0000000e+00    1.6010025e+01
 0.0000000e+00    1.6060150e+01
 0.0000000e+00    1.6110276e+01
 0.0000000e+00    1.6160401e+01
 0.0000000e+00    1.6210526e+01
 0.0000000e+00    1.6260652e+01
 0.0000000e+00    1.6310777e+01
 0.0000000e+00    1.6360902e+01
 0.0000000e+00    1.6411028e+01
 0.0000000e+00    1.6461153e+01
 0.0000000e+00    1.6511278e+01
 0.0000000e+00    1.6561404e+01
 0.0000000e+00    1.6611529e+01
 0.0000000e+00    1.6661654e+01
 0.0000000e+00    1.6711779e+01
 0.0000000e+00    1.6761905e+01
 0.0000000e+00    1.6812030e+01
 0.0000000e+00    1.6862155e+01
 0.0000000e+00    1.6912281e+01
 0.0000000e+00    1.6962406e+01
 0.0000000e+00    1.7012531e+01
 0.0000000e+00    1.7062657e+01
 0.0000000e+00    1.7112782e+01
 0.0000000e+00    1.7162907e+01
 0.0000000e+00    1.7213033e+01
 0.0000000e+00    1.7263158e+01
 0.0000000e+00    1.7313283e+01
 0.0000000e+00    1.7363409e+01
 0.0000000e+00    1.7413534e+01
 0.0000000e+00    1.7463659e+01
 0.0000000e+00    1.7513784e+01
 0.0000000e+00    1.7563910e+01
 0.0000000e+00    1.7614035e+01
 0.0000000e+00    1.7664160e+01
 0.0000000e+00    1.7714286e+01
 0.0000000e+00    1.7764411e+01
 0.0000000e+00    1.7814536e+01
 0.0000000e+00    1.7864662e+01
 0.0000000e+00    1.7914787e+01
 0.0000000e+00    1.7964912e+01
 0.0000000e+00    1.8015038e+01
 0.0000000e+00    1.8065163e+01
 0.0000000e+00    1.8115288e+01
 0.0000000e+00    1.8165414e+01
 0.0000000e+00    1.8215539e+01
 0.0000000e+00    1.8265664e+01
 0.0000000e+00    1.8315789e+01
 0.0000000e+00    1.8365915e+01
 0.0000000e+00    1.8416040e+01
 0.0000000e+00    1.8466165e+01
 0.0000000e+00    1.8516291e+01
 0.0000000e+00    1.8566416e+01
 0.0000000e+00    1.8616541e+01
 0.0000000e+00    1.8666667e+01
 0.0000000e+00    1.8716792e+01
 0.0000000e+00    1.8766917e+01
 0.0000000e+00    1.8817043e+01
 0.0000000e+00    1.8867168e+01
 0.0000000e+00    1.8917293e+01
 0.0000000e+00    1.8967419e+01
 0.0000000e+00    1.9017544e+01
 0.0000000e+00    1.9067669e+01
 0.0000000e+00    1.9117794e+01
 0.0000000e+00    1.9167920e+01
 0.0000000e+00    1.9218045e+01
 0.0000000e+00    1.9268170e+01
 0.0000000e+00    1.9318296e+01
 0.0000000e+00    1.9368421e+01
 0.0000000e+00    1.9418546e+01
 0.0000000e+00    1.9468672e+01
 0.0000000e+00    1.9518797e+01
 0.0000000e+00    1.9568922e+01
 0.0000000e+00    1.9619048e+01
 0.0000000e+00    1.9669173e+01
 0.0000000e+00    1.9719298e+01
 0.0000000e+00    1.9769424e+01
 0.0000000e+00    1.9819549e+01
 0.0000000e+00    1.9869674e+01
 0.0000000e+00    1.9919799e+01
 0.0000000e+00    1.9969925e+01
 0.0000000e+00    2.0020050e+01
 0.0000000e+00    2.0070175e+01
 0.0000000e+00    2.0120301e+01
 0.0000000e+00    2.0170426e+01
 0.0000000e+00    2.0220551e+01
 0.0000000e+00    2.0270677e+01
 0.0000000e+00    2.0320802e+01
 0.0000000e+00    2.0370927e+01
 0.0000000e+00    2.0421053e+01
 0.0000000e+00    2.0471178e+01
 0.0000000e+00    2.0521303e+01
 0.0000000e+00    2.0571429e+01
 0.0000000e+00    2.0621554e+01
 0.0000000e+00    2.0671679e+01
 0.0000000e+00    2.0721805e+01
 0.0000000e+00    2.0771930e+01
 0.0000000e+00    2.0822055e+01
 0.0000000e+00    2.0872180e+01
 0.0000000e+00    2.0922306e+01
 0.0000000e+00    2.0972431e+01
 0.0000000e+00    2.1022556e+01
 0.0000000e+00    2.1072682e+01
 0.0000000e+00    2.1122807e+01
 0.0000000e+00    2.1172932e+01
 0.0000000e+00    2.1223058e+01
 0.0000000e+00    2.1273183e+01
 0.0000000e+00    2.1323308e+01
 0.0000000e+00    2.1373434e+01
 0.0000000e+00    2.1423559e+01
 0.0000000e+00    2.1473684e+01
 0.0000000e+00    2.1523810e+01
 0.0000000e+00    2.1573935e+01
 0.0000000e+00    2.1624060e+01
 0.0000000e+00    2.1674185e+01
 0.0000000e+00    2.1724311e+01
 0.0000000e+00    2.1774436e+01
 0.0000000e+00    2.1824561e+01
 0.0000000e+00    2.1874687e+01
 0.0000000e+00    2.1924812e+01
 0.0000000e+00    2.1974937e+01
 0.0000000e+00    2.2025063e+01
 0.0000000e+00    2.2075188e+01
 0.0000000e+00    2.2125313e+01
 0.0000000e+00    2.2175439e+01
 0.0000000e+00    2.2225564e+01
 0.0000000e+00    2.2275689e+01
 0.0000000e+00    2.2325815e+01
 0.0000000e+00    2.2375940e+01
 0.0000000e+00    2.2426065e+01
 0.0000000e+00    2.2476190e+01
 0.0000000e+00    2.2526316e+01
 0.0000000e+00    2.2576441e+01
 0.0000000e+00    2.2626566e+01
 0.0000000e+00    2.2676692e+01
 0.0000000e+00    2.2726817e+01
 0.0000000e+00    2.2776942e+01
 0.0000000e+00    2.2827068e+01
 0.0000000e+00    2.2877193e+01
 0.0000000e+00    2.2927318e+01
 0.0000000e+00    2.2977444e+01
 0.0000000e+00    2.3027569e+01
 0.0000000e+00    2.3077694e+01
 0.0000000e+00    2.3127820e+01
 0.0000000e+00    2.3177945e+01
 0.0000000e+00    2.3228070e+01
 0.0000000e+00    2.3278195e+01
 0.0000000e+00    2.3328321e+01
 0.0000000e+00    2.3378446e+01
 0.0000000e+00    2.3428571e+01
 0.0000000e+00    2.3478697e+01
 0.0000000e+00    2.3528822e+01
 0.0000000e+00    2.3578947e+01
 0.0000000e+00    2.3629073e+01
 0.0000000e+00    2.3679198e+01
 0.0000000e+00    2.3729323e+01
 0.0000000e+00    2.3779449e+01
 0.0000000e+00    2.3829574e+01
 0.0000000e+00    2.3879699e+01
 0.0000000e+00    2.3929825e+01
 0.0000000e+00    2.3979950e+01
 0.0000000e+00    2.4030075e+01
 0.0000000e+00    2.4080201e+01
 0.0000000e+00    2.4130326e+01
 0.0000000e+00    2.4180451e+01
 0.0000000e+00    2.4230576e+01
 0.0000000e+00    2.4280702e+01
 0.0000000e+00    2.4330827e+01
 0.0000000e+00    2.4380952e+01
 0.0000000e+00    2.4431078e+01
 0.0000000e+00    2.4481203e+01
 0.0000000e+00    2.4531328e+01
 0.0000000e+00    2.4581454e+01
 0.0000000e+00    2.4631579e+01
 0.0000000e+00    2.4681704e+01
 0.0000000e+00    2.4731830e+01
 0.0000000e+00    2.4781955e+01
 0.0000000e+00    2.4832080e+01
 0.0000000e+00    2.4882206e+01
 0.0000000e+00    2.4932331e+01
 0.0000000e+00    2.4982456e+01
 0.0000000e+00    2.5032581e+01
 0.0000000e+00    2.5082707e+01
 0.0000000e+00    2.5132832e+01
 0.0000000e+00    2.5182957e+01
 0.0000000e+00    2.5233083e+01
 0.0000000e+00    2.5283208e+01
 0.0000000e+00    2.5333333e+01
 0.0000000e+00    2.5383459e+01
 0.0000000e+00    2.5433584e+01
 0.0000000e+00    2.5483709e+01
 0.0000000e+00    2.5533835e+01
 0.0000000e+00    2.5583960e+01
 0.0000000e+00    2.5634085e+01
 0.0000000e+00    2.5684211e+01
 0.0000000e+00    2.5734336e+01
 0.0000000e+00    2.5784461e+01
 0.0000000e+00    2.5834586e+01
 0.0000000e+00    2.5884712e+01
 0.0000000e+00    2.5934837e+01
 0.0000000e+00    2.5984962e+01
 0.0000000e+00    2.6035088e+01
 0.0000000e+00    2.6085213e+01
 0.0000000e+00    2.6135338e+01
 0.0000000e+00    2.6185464e+01
 0.0000000e+00    2.6235589e+01
 0.0000000e+00    2.6285714e+01
 0.0000000e+00    2.6335840e+01
 0.0000000e+00    2.6385965e+01
 0.0000000e+00    2.6436090e+01
 0.0000000e+00    2.6486216e+01
 0.0000000e+00    2.6536341e+01
 0.0000000e+00    2.6586466e+01
 0.0000000e+00    2.6636591e+01
 0.0000000e+00    2.6686717e+01
 0.0000000e+00    2.6736842e+01
 0.0000000e+00    2.6786967e+01
 0.0000000e+00    2.6837093e+01
 0.0000000e+00    2.6887218e+01
 0.0000000e+00    2.6937343e+01
 0.0000000e+00    2.6987469e+01
 0.0000000e+00    2.7037594e+01
 0.0000000e+00    2.7087719e+01
 0.0000000e+00    2.7137845e+01
 0.0000000e+00    2.7187970e+01
 0.0000000e+00    2.7238095e+01
 0.0000000e+00    2.7288221e+01
 0.0000000e+00    2.7338346e+01
 0.0000000e+00    2.7388471e+01
 0.0000000e+00    2.7438596e+01
 0.0000000e+00    2.7488722e+01
 0.0000000e+00    2.7538847e+01
 0.0000000e+00    2.7588972e+01
 0.0000000e+00    2.7639098e+01
 0.0000000e+00    2.7689223e+01
 0.0000000e+00    2.7739348e+01
 0.0000000e+00    2.7789474e+01
 0.0000000e+00    2.7839599e+01
 0.0000000e+00    2.7889724e+01
 0.0000000e+00    2.7939850e+01
 0.0000000e+00    2.7989975e+01
 0.0000000e+00    2.8040100e+01
 0.0000000e+00    2.8090226e+01
 0.0000000e+00    2.8140351e+01
 0.0000000e+00    2.8190476e+01
 0.0000000e+00    2.8240602e+01
 0.0000000e+00    2.8290727e+01
 0.0000000e+00    2.8340852e+01
 0.0000000e+00    2.8390977e+01
 0.0000000e+00    2.8441103e+01
 0.0000000e+00    2.8491228e+01
 0.0000000e+00    2.8541353e+01
 0.0000000e+00    2.8591479e+01
 0.0000000e+00    2.8641604e+01
 0.0000000e+00    2.8691729e+01
 0.0000000e+00    2.8741855e+01
 0.0000000e+00    2.8791980e+01
 0.0000000e+00    2.8842105e+01
 0.0000000e+00    2.8892231e+01
 0.0000000e+00    2.8942356e+01
 0.0000000e+00    2.8992481e+01
 0.0000000e+00    2.9042607e+01
 0.0000000e+00    2.9092732e+01
 0.0000000e+00    2.9142857e+01
 0.0000000e+00    2.9192982e+01
 0.0000000e+00    2.9243108e+01
 0.0000000e+00    2.9293233e+01
 0.0000000e+00    2.9343358e+01
 0.0000000e+00    2.9393484e+01
 0.0000000e+00    2.9443609e+01
 0.0000000e+00    2.9493734e+01
 0.0000000e+00    2.9543860e+01
 0.0000000e+00    2.9593985e+01
 0.0000000e+00    2.9644110e+01
 0.0000000e+00    2.9694236e+01
 0.0000000e+00    2.9744361e+01
 0.0000000e+00    2.9794486e+01
 0.0000000e+00    2.9844612e+01
 0.0000000e+00    2.9894737e+01
 0.0000000e+00    2.9944862e+01
 0.0000000e+00    2.9994987e+01
 0.0000000e+00    3.0045113e+01
 0.0000000e+00    3.0095238e+01
 0.0000000e+00    3.0145363e+01
 0.0000000e+00    3.0195489e+01
 0.0000000e+00    3.0245614e+01
 0.0000000e+00    3.0295739e+01
 0.0000000e+00    3.0345865e+01
 0.0000000e+00    3.0395990e+01
 0.0000000e+00    3.0446115e+01
 0.0000000e+00    3.0496241e+01
 0.0000000e+00    3.0546366e+01
 0.0000000e+00    3.0596491e+01
 0.0000000e+00    3.0646617e+01
 0.0000000e+00    3.0696742e+01
 0.0000000e+00    3.0746867e+01
 0.0000000e+00    3.0796992e+01
 0.0000000e+00    3.0847118e+01
 0.0000000e+00    3.0897243e+01
 0.0000000e+00    3.0947368e+01
 0.0000000e+00    3.0997494e+01
 0.0000000e+00    3.1047619e+01
 0.0000000e+00    3.1097744e+01
 0.0000000e+00    3.1147870e+01
 0.0000000e+00    3.1197995e+01
 0.0000000e+00    3.1248120e+01
 0.0000000e+00    3.1298246e+01
 0.0000000e+00    3.1348371e+01
 0.0000000e+00    3.1398496e+01
 0.0000000e+00    3.1448622e+01
 0.0000000e+00    3.1498747e+01
 0.0000000e+00    3.1548872e+01
 0.0000000e+00    3.1598997e+01
 0.0000000e+00    3.1649123e+01
 0.0000000e+00    3.1699248e+01
 0.0000000e+00    3.1749373e+01
 0.0000000e+00    3.1799499e+01
 0.0000000e+00    3.1849624e+01
 0.0000000e+00    3.1899749e+01
 0.0000000e+00    3.1949875e+01
 0.0000000e+00    3.2000000e+01
