-1.7487066e+00    1.0000000e-08
-1.7487031e+00    2.6999324e-03
-1.7486925e+00    5.3895798e-03
-1.7486749e+00    8.0791876e-03
-1.7486502e+00    1.0768737e-02
-1.7486184e+00    1.3458208e-02
-1.7485796e+00    1.6147581e-02
-1.7485338e+00    1.8836835e-02
-1.7484809e+00    2.1525951e-02
-1.7484210e+00    2.4214910e-02
-1.7483540e+00    2.6903693e-02
-1.7482800e+00    2.9592280e-02
-1.7481990e+00    3.2280652e-02
-1.7481109e+00    3.4968788e-02
-1.7480157e+00    3.7656669e-02
-1.7479135e+00    4.0344275e-02
-1.7478043e+00    4.3031585e-02
-1.7476880e+00    4.5718581e-02
-1.7475647e+00    4.8405242e-02
-1.7474344e+00    5.1091550e-02
-1.7472970e+00    5.3777485e-02
-1.7471526e+00    5.6463029e-02
-1.7470011e+00    5.9148161e-02
-1.7468427e+00    6.1832862e-02
-1.7466771e+00    6.4517112e-02
-1.7465046e+00    6.7200892e-02
-1.7463250e+00    6.9884180e-02
-1.7461384e+00    7.2566959e-02
-1.7459448e+00    7.5249207e-02
-1.7457441e+00    7.7930906e-02
-1.7455365e+00    8.0612035e-02
-1.7453218e+00    8.3292577e-02
-1.7451000e+00    8.5972510e-02
-1.7448713e+00    8.8651816e-02
-1.7446355e+00    9.1330475e-02
-1.7443928e+00    9.4008469e-02
-1.7441430e+00    9.6685777e-02
-1.7438862e+00    9.9362380e-02
-1.7436224e+00    1.0203826e-01
-1.7433516e+00    1.0471339e-01
-1.7430738e+00    1.0738776e-01
-1.7427890e+00    1.1006135e-01
-1.7424972e+00    1.1273413e-01
-1.7421984e+00    1.1540609e-01
-1.7418926e+00    1.1807721e-01
-1.7415798e+00    1.2074747e-01
-1.7412600e+00    1.2341684e-01
-1.7409332e+00    1.2608532e-01
-1.7405995e+00    1.2875288e-01
-1.7402588e+00    1.3141949e-01
-1.7399110e+00    1.3408515e-01
-1.7395564e+00    1.3674983e-01
-1.7391947e+00    1.3941352e-01
-1.7388261e+00    1.4207619e-01
-1.7384505e+00    1.4473782e-01
-1.7380679e+00    1.4739839e-01
-1.7376784e+00    1.5005790e-01
-1.7372819e+00    1.5271630e-01
-1.7368785e+00    1.5537360e-01
-1.7364681e+00    1.5802976e-01
-1.7360508e+00    1.6068477e-01
-1.7356265e+00    1.6333861e-01
-1.7351953e+00    1.6599125e-01
-1.7347571e+00    1.6864269e-01
-1.7343121e+00    1.7129290e-01
-1.7338600e+00    1.7394185e-01
-1.7334011e+00    1.7658954e-01
-1.7329352e+00    1.7923595e-01
-1.7324624e+00    1.8188104e-01
-1.7319828e+00    1.8452482e-01
-1.7314961e+00    1.8716724e-01
-1.7310026e+00    1.8980831e-01
-1.7305022e+00    1.9244799e-01
-1.7299949e+00    1.9508627e-01
-1.7294807e+00    1.9772313e-01
-1.7289596e+00    2.0035854e-01
-1.7284316e+00    2.0299250e-01
-1.7278967e+00    2.0562498e-01
-1.7273550e+00    2.0825596e-01
-1.7268063e+00    2.1088542e-01
-1.7262509e+00    2.1351335e-01
-1.7256885e+00    2.1613973e-01
-1.7251193e+00    2.1876452e-01
-1.7245432e+00    2.2138773e-01
-1.7239603e+00    2.2400932e-01
-1.7233705e+00    2.2662928e-01
-1.7227739e+00    2.2924760e-01
-1.7221705e+00    2.3186424e-01
-1.7215602e+00    2.3447919e-01
-1.7209431e+00    2.3709244e-01
-1.7203192e+00    2.3970397e-01
-1.7196884e+00    2.4231374e-01
-1.7190509e+00    2.4492176e-01
-1.7184065e+00    2.4752799e-01
-1.7177554e+00    2.5013242e-01
-1.7170974e+00    2.5273503e-01
-1.7164327e+00    2.5533580e-01
-1.7157612e+00    2.5793472e-01
-1.7150829e+00    2.6053175e-01
-1.7143978e+00    2.6312690e-01
-1.7137059e+00    2.6572012e-01
-1.7130073e+00    2.6831142e-01
-1.7123020e+00    2.7090076e-01
-1.7115899e+00    2.7348813e-01
-1.7108710e+00    2.7607352e-01
-1.7101454e+00    2.7865689e-01
-1.7094131e+00    2.8123824e-01
-1.7086740e+00    2.8381755e-01
-1.7079282e+00    2.8639479e-01
-1.7071757e+00    2.8896995e-01
-1.7064165e+00    2.9154301e-01
-1.7056506e+00    2.9411395e-01
-1.7048780e+00    2.9668276e-01
-1.7040987e+00    2.9924940e-01
-1.7033127e+00    3.0181387e-01
-1.7025201e+00    3.0437615e-01
-1.7017207e+00    3.0693622e-01
-1.7009147e+00    3.0949406e-01
-1.7001021e+00    3.1204965e-01
-1.6992828e+00    3.1460297e-01
-1.6984568e+00    3.1715401e-01
-1.6976242e+00    3.1970274e-01
-1.6967850e+00    3.2224915e-01
-1.6959392e+00    3.2479323e-01
-1.6950867e+00    3.2733494e-01
-1.6942276e+00    3.2987428e-01
-1.6933619e+00    3.3241122e-01
-1.6924896e+00    3.3494575e-01
-1.6916108e+00    3.3747785e-01
-1.6907253e+00    3.4000750e-01
-1.6898333e+00    3.4253468e-01
-1.6889347e+00    3.4505938e-01
-1.6880295e+00    3.4758157e-01
-1.6871178e+00    3.5010124e-01
-1.6861996e+00    3.5261837e-01
-1.6852748e+00    3.5513294e-01
-1.6843434e+00    3.5764494e-01
-1.6834056e+00    3.6015434e-01
-1.6824612e+00    3.6266113e-01
-1.6815103e+00    3.6516530e-01
-1.6805529e+00    3.6766681e-01
-1.6795890e+00    3.7016566e-01
-1.6786187e+00    3.7266182e-01
-1.6776418e+00    3.7515529e-01
-1.6766585e+00    3.7764603e-01
-1.6756687e+00    3.8013404e-01
-1.6746725e+00    3.8261929e-01
-1.6736698e+00    3.8510178e-01
-1.6726607e+00    3.8758147e-01
-1.6716452e+00    3.9005835e-01
-1.6706232e+00    3.9253241e-01
-1.6695948e+00    3.9500363e-01
-1.6685600e+00    3.9747198e-01
-1.6675189e+00    3.9993746e-01
-1.6664713e+00    4.0240004e-01
-1.6654173e+00    4.0485971e-01
-1.6643570e+00    4.0731645e-01
-1.6632903e+00    4.0977024e-01
-1.6622173e+00    4.1222106e-01
-1.6611379e+00    4.1466890e-01
-1.6600522e+00    4.1711374e-01
-1.6589601e+00    4.1955556e-01
-1.6578617e+00    4.2199435e-01
-1.6567571e+00    4.2443008e-01
-1.6556461e+00    4.2686275e-01
-1.6545288e+00    4.2929233e-01
-1.6534052e+00    4.3171880e-01
-1.6522754e+00    4.3414216e-01
-1.6511393e+00    4.3656237e-01
-1.6499969e+00    4.3897943e-01
-1.6488483e+00    4.4139332e-01
-1.6476935e+00    4.4380401e-01
-1.6465324e+00    4.4621150e-01
-1.6453651e+00    4.4861577e-01
-1.6441916e+00    4.5101679e-01
-1.6430119e+00    4.5341456e-01
-1.6418260e+00    4.5580905e-01
-1.6406339e+00    4.5820025e-01
-1.6394356e+00    4.6058814e-01
-1.6382312e+00    4.6297271e-01
-1.6370207e+00    4.6535393e-01
-1.6358039e+00    4.6773180e-01
-1.6345811e+00    4.7010629e-01
-1.6333521e+00    4.7247739e-01
-1.6321170e+00    4.7484507e-01
-1.6308758e+00    4.7720934e-01
-1.6296286e+00    4.7957016e-01
-1.6283752e+00    4.8192752e-01
-1.6271158e+00    4.8428140e-01
-1.6258502e+00    4.8663180e-01
-1.6245787e+00    4.8897868e-01
-1.6233011e+00    4.9132204e-01
-1.6220174e+00    4.9366186e-01
-1.6207278e+00    4.9599812e-01
-1.6194321e+00    4.9833080e-01
-1.6181304e+00    5.0065990e-01
-1.6168228e+00    5.0298539e-01
-1.6155091e+00    5.0530725e-01
-1.6141895e+00    5.0762548e-01
-1.6128639e+00    5.0994005e-01
-1.6115324e+00    5.1225094e-01
-1.6101949e+00    5.1455815e-01
-1.6088515e+00    5.1686166e-01
-1.6075022e+00    5.1916144e-01
-1.6061469e+00    5.2145749e-01
-1.6047858e+00    5.2374979e-01
-1.6034188e+00    5.2603832e-01
-1.6020459e+00    5.2832306e-01
-1.6006672e+00    5.3060401e-01
-1.5992826e+00    5.3288114e-01
-1.5978921e+00    5.3515444e-01
-1.5964959e+00    5.3742388e-01
-1.5950938e+00    5.3968947e-01
-1.5936859e+00    5.4195118e-01
-1.5922722e+00    5.4420899e-01
-1.5908527e+00    5.4646289e-01
-1.5894274e+00    5.4871287e-01
-1.5879964e+00    5.5095890e-01
-1.5865596e+00    5.5320098e-01
-1.5851171e+00    5.5543908e-01
-1.5836689e+00    5.5767320e-01
-1.5822149e+00    5.5990331e-01
-1.5807552e+00    5.6212940e-01
-1.5792899e+00    5.6435146e-01
-1.5778188e+00    5.6656947e-01
-1.5763421e+00    5.6878341e-01
-1.5748598e+00    5.7099328e-01
-1.5733717e+00    5.7319904e-01
-1.5718781e+00    5.7540070e-01
-1.5703788e+00    5.7759823e-01
-1.5688739e+00    5.7979162e-01
-1.5673634e+00    5.8198085e-01
-1.5658473e+00    5.8416591e-01
-1.5643257e+00    5.8634679e-01
-1.5627985e+00    5.8852346e-01
-1.5612657e+00    5.9069592e-01
-1.5597274e+00    5.9286415e-01
-1.5581835e+00    5.9502813e-01
-1.5566342e+00    5.9718785e-01
-1.5550793e+00    5.9934329e-01
-1.5535190e+00    6.0149444e-01
-1.5519531e+00    6.0364129e-01
-1.5503818e+00    6.0578382e-01
-1.5488051e+00    6.0792201e-01
-1.5472229e+00    6.1005586e-01
-1.5456353e+00    6.1218534e-01
-1.5440423e+00    6.1431044e-01
-1.5424438e+00    6.1643116e-01
-1.5408400e+00    6.1854746e-01
-1.5392308e+00    6.2065934e-01
-1.5376162e+00    6.2276679e-01
-1.5359963e+00    6.2486978e-01
-1.5343710e+00    6.2696832e-01
-1.5327405e+00    6.2906237e-01
-1.5311045e+00    6.3115193e-01
-1.5294633e+00    6.3323698e-01
-1.5278169e+00    6.3531751e-01
-1.5261651e+00    6.3739351e-01
-1.5245081e+00    6.3946496e-01
-1.5228458e+00    6.4153184e-01
-1.5211783e+00    6.4359415e-01
-1.5195055e+00    6.4565186e-01
-1.5178276e+00    6.4770497e-01
-1.5161444e+00    6.4975347e-01
-1.5144561e+00    6.5179732e-01
-1.5127626e+00    6.5383654e-01
-1.5110639e+00    6.5587109e-01
-1.5093601e+00    6.5790096e-01
-1.5076512e+00    6.5992615e-01
-1.5059372e+00    6.6194664e-01
-1.5042180e+00    6.6396242e-01
-1.5024938e+00    6.6597346e-01
-1.5007645e+00    6.6797977e-01
-1.4990301e+00    6.6998131e-01
-1.4972907e+00    6.7197809e-01
-1.4955462e+00    6.7397009e-01
-1.4937967e+00    6.7595729e-01
-1.4920422e+00    6.7793969e-01
-1.4902827e+00    6.7991726e-01
-1.4885183e+00    6.8188999e-01
-1.4867488e+00    6.8385788e-01
-1.4849744e+00    6.8582091e-01
-1.4831951e+00    6.8777906e-01
-1.4814109e+00    6.8973233e-01
-1.4796217e+00    6.9168069e-01
-1.4778276e+00    6.9362414e-01
-1.4760287e+00    6.9556267e-01
-1.4742249e+00    6.9749625e-01
-1.4724162e+00    6.9942489e-01
-1.4706027e+00    7.0134856e-01
-1.4687844e+00    7.0326725e-01
-1.4669612e+00    7.0518095e-01
-1.4651333e+00    7.0708965e-01
-1.4633006e+00    7.0899334e-01
-1.4614631e+00    7.1089199e-01
-1.4596208e+00    7.1278561e-01
-1.4577738e+00    7.1467417e-01
-1.4559221e+00    7.1655767e-01
-1.4540657e+00    7.1843609e-01
-1.4522046e+00    7.2030942e-01
-1.4503388e+00    7.2217765e-01
-1.4484683e+00    7.2404076e-01
-1.4465931e+00    7.2589875e-01
-1.4447134e+00    7.2775160e-01
-1.4428290e+00    7.2959929e-01
-1.4409400e+00    7.3144183e-01
-1.4390464e+00    7.3327919e-01
-1.4371482e+00    7.3511136e-01
-1.4352454e+00    7.3693833e-01
-1.4333381e+00    7.3876009e-01
-1.4314263e+00    7.4057663e-01
-1.4295099e+00    7.4238794e-01
-1.4275891e+00    7.4419400e-01
-1.4256637e+00    7.4599480e-01
-1.4237339e+00    7.4779033e-01
-1.4217996e+00    7.4958058e-01
-1.4198609e+00    7.5136554e-01
-1.4179177e+00    7.5314519e-01
-1.4159701e+00    7.5491953e-01
-1.4140181e+00    7.5668854e-01
-1.4120617e+00    7.5845221e-01
-1.4101010e+00    7.6021053e-01
-1.4081359e+00    7.6196349e-01
-1.4061664e+00    7.6371107e-01
-1.4041927e+00    7.6545328e-01
-1.4022146e+00    7.6719008e-01
-1.4002322e+00    7.6892149e-01
-1.3982456e+00    7.7064747e-01
-1.3962546e+00    7.7236803e-01
-1.3942595e+00    7.7408314e-01
-1.3922601e+00    7.7579281e-01
-1.3902564e+00    7.7749702e-01
-1.3882486e+00    7.7919575e-01
-1.3862366e+00    7.8088900e-01
-1.3842204e+00    7.8257676e-01
-1.3822001e+00    7.8425901e-01
-1.3801756e+00    7.8593575e-01
-1.3781470e+00    7.8760696e-01
-1.3761143e+00    7.8927264e-01
-1.3740775e+00    7.9093277e-01
-1.3720366e+00    7.9258734e-01
-1.3699916e+00    7.9423635e-01
-1.3679426e+00    7.9587978e-01
-1.3658896e+00    7.9751762e-01
-1.3638326e+00    7.9914986e-01
-1.3617715e+00    8.0077649e-01
-1.3597065e+00    8.0239751e-01
-1.3576375e+00    8.0401289e-01
-1.3555645e+00    8.0562264e-01
-1.3534877e+00    8.0722673e-01
-1.3514069e+00    8.0882517e-01
-1.3493222e+00    8.1041794e-01
-1.3472336e+00    8.1200503e-01
-1.3451411e+00    8.1358643e-01
-1.3430448e+00    8.1516213e-01
-1.3409446e+00    8.1673212e-01
-1.3388406e+00    8.1829640e-01
-1.3367328e+00    8.1985494e-01
-1.3346212e+00    8.2140775e-01
-1.3325059e+00    8.2295481e-01
-1.3303868e+00    8.2449612e-01
-1.3282639e+00    8.2603166e-01
-1.3261373e+00    8.2756142e-01
-1.3240070e+00    8.2908540e-01
-1.3218730e+00    8.3060359e-01
-1.3197354e+00    8.3211597e-01
-1.3175940e+00    8.3362253e-01
-1.3154490e+00    8.3512328e-01
-1.3133004e+00    8.3661819e-01
-1.3111482e+00    8.3810727e-01
-1.3089924e+00    8.3959049e-01
-1.3068330e+00    8.4106786e-01
-1.3046700e+00    8.4253936e-01
-1.3025035e+00    8.4400498e-01
-1.3003335e+00    8.4546472e-01
-1.2981599e+00    8.4691857e-01
-1.2959829e+00    8.4836651e-01
-1.2938024e+00    8.4980854e-01
-1.2916184e+00    8.5124465e-01
-1.2894309e+00    8.5267483e-01
-1.2872400e+00    8.5409907e-01
-1.2850458e+00    8.5551737e-01
-1.2828481e+00    8.5692972e-01
-1.2806470e+00    8.5833610e-01
-1.2784426e+00    8.5973651e-01
-1.2762348e+00    8.6113094e-01
-1.2740237e+00    8.6251939e-01
-1.2718093e+00    8.6390184e-01
-1.2695916e+00    8.6527828e-01
-1.2673706e+00    8.6664872e-01
-1.2651463e+00    8.6801313e-01
-1.2629188e+00    8.6937151e-01
-1.2606880e+00    8.7072386e-01
-1.2584541e+00    8.7207017e-01
-1.2562169e+00    8.7341042e-01
-1.2539766e+00    8.7474461e-01
-1.2517331e+00    8.7607274e-01
-1.2494865e+00    8.7739479e-01
-1.2472367e+00    8.7871076e-01
-1.2449838e+00    8.8002063e-01
-1.2427279e+00    8.8132441e-01
-1.2404688e+00    8.8262208e-01
-1.2382067e+00    8.8391364e-01
-1.2359416e+00    8.8519908e-01
-1.2336734e+00    8.8647840e-01
-1.2314022e+00    8.8775157e-01
-1.2291280e+00    8.8901860e-01
-1.2268509e+00    8.9027949e-01
-1.2245708e+00    8.9153421e-01
-1.2222877e+00    8.9278278e-01
-1.2200017e+00    8.9402517e-01
-1.2177129e+00    8.9526138e-01
-1.2154211e+00    8.9649141e-01
-1.2131265e+00    8.9771525e-01
-1.2108290e+00    8.9893288e-01
-1.2085286e+00    9.0014431e-01
-1.2062255e+00    9.0134953e-01
-1.2039195e+00    9.0254853e-01
-1.2016108e+00    9.0374130e-01
-1.1992993e+00    9.0492784e-01
-1.1969850e+00    9.0610814e-01
-1.1946680e+00    9.0728220e-01
-1.1923483e+00    9.0845000e-01
-1.1900259e+00    9.0961154e-01
-1.1877008e+00    9.1076682e-01
-1.1853731e+00    9.1191583e-01
-1.1830427e+00    9.1305856e-01
-1.1807096e+00    9.1419501e-01
-1.1783740e+00    9.1532516e-01
-1.1760358e+00    9.1644902e-01
-1.1736950e+00    9.1756658e-01
-1.1713516e+00    9.1867782e-01
-1.1690057e+00    9.1978276e-01
-1.1666573e+00    9.2088137e-01
-1.1643063e+00    9.2197366e-01
-1.1619529e+00    9.2305961e-01
-1.1595970e+00    9.2413923e-01
-1.1572386e+00    9.2521251e-01
-1.1548779e+00    9.2627943e-01
-1.1525146e+00    9.2734000e-01
-1.1501490e+00    9.2839421e-01
-1.1477810e+00    9.2944205e-01
-1.1454107e+00    9.3048353e-01
-1.1430380e+00    9.3151862e-01
-1.1406629e+00    9.3254733e-01
-1.1382856e+00    9.3356966e-01
-1.1359060e+00    9.3458559e-01
-1.1335240e+00    9.3559513e-01
-1.1311399e+00    9.3659826e-01
-1.1287534e+00    9.3759498e-01
-1.1263648e+00    9.3858529e-01
-1.1239739e+00    9.3956918e-01
-1.1215809e+00    9.4054665e-01
-1.1191857e+00    9.4151769e-01
-1.1167883e+00    9.4248229e-01
-1.1143888e+00    9.4344046e-01
-1.1119872e+00    9.4439219e-01
-1.1095835e+00    9.4533747e-01
-1.1071777e+00    9.4627629e-01
-1.1047698e+00    9.4720866e-01
-1.1023599e+00    9.4813457e-01
-1.0999479e+00    9.4905401e-01
-1.0975340e+00    9.4996698e-01
-1.0951180e+00    9.5087348e-01
-1.0927001e+00    9.5177349e-01
-1.0902802e+00    9.5266703e-01
-1.0878584e+00    9.5355407e-01
-1.0854347e+00    9.5443463e-01
-1.0830090e+00    9.5530869e-01
-1.0805815e+00    9.5617625e-01
-1.0781521e+00    9.5703730e-01
-1.0757209e+00    9.5789185e-01
-1.0732878e+00    9.5873988e-01
-1.0708529e+00    9.5958140e-01
-1.0684162e+00    9.6041640e-01
-1.0659777e+00    9.6124487e-01
-1.0635375e+00    9.6206682e-01
-1.0610955e+00    9.6288223e-01
-1.0586518e+00    9.6369111e-01
-1.0562064e+00    9.6449345e-01
-1.0537594e+00    9.6528925e-01
-1.0513106e+00    9.6607851e-01
-1.0488602e+00    9.6686121e-01
-1.0464081e+00    9.6763737e-01
-1.0439545e+00    9.6840697e-01
-1.0414992e+00    9.6917000e-01
-1.0390424e+00    9.6992648e-01
-1.0365840e+00    9.7067639e-01
-1.0341240e+00    9.7141973e-01
-1.0316625e+00    9.7215651e-01
-1.0291996e+00    9.7288670e-01
-1.0267351e+00    9.7361032e-01
-1.0242691e+00    9.7432736e-01
-1.0218017e+00    9.7503781e-01
-1.0193329e+00    9.7574168e-01
-1.0168627e+00    9.7643896e-01
-1.0143910e+00    9.7712965e-01
-1.0119180e+00    9.7781374e-01
-1.0094436e+00    9.7849124e-01
-1.0069678e+00    9.7916213e-01
-1.0044908e+00    9.7982643e-01
-1.0020124e+00    9.8048412e-01
-9.9953270e-01    9.8113520e-01
-9.9705176e-01    9.8177967e-01
-9.9456955e-01    9.8241753e-01
-9.9208612e-01    9.8304878e-01
-9.8960146e-01    9.8367341e-01
-9.8711560e-01    9.8429142e-01
-9.8462856e-01    9.8490281e-01
-9.8214035e-01    9.8550758e-01
-9.7965100e-01    9.8610572e-01
-9.7716052e-01    9.8669724e-01
-9.7466892e-01    9.8728212e-01
-9.7217624e-01    9.8786038e-01
-9.6968248e-01    9.8843201e-01
-9.6718767e-01    9.8899700e-01
-9.6469181e-01    9.8955535e-01
-9.6219494e-01    9.9010707e-01
-9.5969707e-01    9.9065215e-01
-9.5719821e-01    9.9119059e-01
-9.5469839e-01    9.9172238e-01
-9.5219762e-01    9.9224753e-01
-9.4969592e-01    9.9276604e-01
-9.4719331e-01    9.9327790e-01
-9.4468981e-01    9.9378311e-01
-9.4218543e-01    9.9428168e-01
-9.3968019e-01    9.9477359e-01
-9.3717412e-01    9.9525885e-01
-9.3466723e-01    9.9573746e-01
-9.3215953e-01    9.9620942e-01
-9.2965105e-01    9.9667472e-01
-9.2714181e-01    9.9713336e-01
-9.2463182e-01    9.9758535e-01
-9.2212109e-01    9.9803069e-01
-9.1960966e-01    9.9846936e-01
-9.1709753e-01    9.9890137e-01
-9.1458473e-01    9.9932673e-01
-9.1207127e-01    9.9974543e-01
-9.0955717e-01    1.0001575e+00
-9.0704245e-01    1.0005628e+00
-9.0452713e-01    1.0009615e+00
-9.0201123e-01    1.0013536e+00
-8.9949475e-01    1.0017390e+00
-8.9697773e-01    1.0021177e+00
-8.9446018e-01    1.0024898e+00
-8.9194212e-01    1.0028552e+00
-8.8942356e-01    1.0032139e+00
-8.8690453e-01    1.0035660e+00
-8.8438504e-01    1.0039114e+00
-8.8186511e-01    1.0042501e+00
-8.7934476e-01    1.0045822e+00
-8.7682401e-01    1.0049076e+00
-8.7430287e-01    1.0052263e+00
-8.7178136e-01    1.0055384e+00
-8.6925951e-01    1.0058439e+00
-8.6673732e-01    1.0061426e+00
-8.6421482e-01    1.0064347e+00
-8.6169203e-01    1.0067201e+00
-8.5916896e-01    1.0069989e+00
-8.5664563e-01    1.0072710e+00
-8.5412206e-01    1.0075365e+00
-8.5159827e-01    1.0077953e+00
-8.4907427e-01    1.0080474e+00
-8.4655009e-01    1.0082928e+00
-8.4402574e-01    1.0085317e+00
-8.4150124e-01    1.0087638e+00
-8.3897661e-01    1.0089893e+00
-8.3645187e-01    1.0092081e+00
-8.3392702e-01    1.0094203e+00
-8.3140210e-01    1.0096258e+00
-8.2887713e-01    1.0098247e+00
-8.2635210e-01    1.0100169e+00
-8.2382706e-01    1.0102025e+00
-8.2130201e-01    1.0103814e+00
-8.1877697e-01    1.0105537e+00
-8.1625197e-01    1.0107193e+00
-8.1372701e-01    1.0108783e+00
-8.1120211e-01    1.0110306e+00
-8.0867731e-01    1.0111763e+00
-8.0615260e-01    1.0113154e+00
-8.0362802e-01    1.0114478e+00
-8.0110357e-01    1.0115735e+00
-7.9857928e-01    1.0116927e+00
-7.9605516e-01    1.0118052e+00
-7.9353124e-01    1.0119110e+00
-7.9100753e-01    1.0120102e+00
-7.8848404e-01    1.0121028e+00
-7.8596080e-01    1.0121888e+00
-7.8343783e-01    1.0122681e+00
-7.8091513e-01    1.0123409e+00
-7.7839274e-01    1.0124070e+00
-7.7587066e-01    1.0124664e+00
-7.7334892e-01    1.0125193e+00
-7.7082754e-01    1.0125655e+00
-7.6830653e-01    1.0126051e+00
-7.6578590e-01    1.0126382e+00
-7.6326568e-01    1.0126646e+00
-7.6074589e-01    1.0126844e+00
-7.5822654e-01    1.0126975e+00
-7.5570765e-01    1.0127041e+00
-7.5318924e-01    1.0127041e+00
-7.5067133e-01    1.0126975e+00
-7.4815393e-01    1.0126843e+00
-7.4563707e-01    1.0126645e+00
-7.4312075e-01    1.0126381e+00
-7.4060500e-01    1.0126051e+00
-7.3808984e-01    1.0125656e+00
-7.3557528e-01    1.0125195e+00
-7.3306135e-01    1.0124667e+00
-7.3054805e-01    1.0124074e+00
-7.2803541e-01    1.0123416e+00
-7.2552344e-01    1.0122692e+00
-7.2301216e-01    1.0121902e+00
-7.2050160e-01    1.0121046e+00
-7.1799176e-01    1.0120125e+00
-7.1548267e-01    1.0119138e+00
-7.1297434e-01    1.0118086e+00
-7.1046680e-01    1.0116968e+00
-7.0796005e-01    1.0115785e+00
-7.0545412e-01    1.0114536e+00
-7.0294902e-01    1.0113222e+00
-7.0044477e-01    1.0111842e+00
-6.9794139e-01    1.0110398e+00
-6.9543890e-01    1.0108888e+00
-6.9293732e-01    1.0107312e+00
-6.9043665e-01    1.0105672e+00
-6.8793693e-01    1.0103966e+00
-6.8543816e-01    1.0102195e+00
-6.8294037e-01    1.0100359e+00
-6.8044357e-01    1.0098458e+00
-6.7794778e-01    1.0096492e+00
-6.7545302e-01    1.0094461e+00
-6.7295930e-01    1.0092365e+00
-6.7046665e-01    1.0090205e+00
-6.6797507e-01    1.0087979e+00
-6.6548460e-01    1.0085689e+00
-6.6299524e-01    1.0083333e+00
-6.6050701e-01    1.0080913e+00
-6.5801993e-01    1.0078429e+00
-6.5553402e-01    1.0075879e+00
-6.5304929e-01    1.0073266e+00
-6.5056577e-01    1.0070587e+00
-6.4808346e-01    1.0067844e+00
-6.4560240e-01    1.0065037e+00
-6.4312258e-01    1.0062165e+00
-6.4064404e-01    1.0059229e+00
-6.3816679e-01    1.0056229e+00
-6.3569085e-01    1.0053164e+00
-6.3321623e-01    1.0050035e+00
-6.3074295e-01    1.0046842e+00
-6.2827103e-01    1.0043585e+00
-6.2580049e-01    1.0040263e+00
-6.2333134e-01    1.0036878e+00
-6.2086360e-01    1.0033429e+00
-6.1839728e-01    1.0029916e+00
-6.1593242e-01    1.0026339e+00
-6.1346901e-01    1.0022698e+00
-6.1100709e-01    1.0018993e+00
-6.0854666e-01    1.0015225e+00
-6.0608774e-01    1.0011393e+00
-6.0363036e-01    1.0007498e+00
-6.0117453e-01    1.0003538e+00
-5.9872026e-01    9.9995159e-01
-5.9626757e-01    9.9954300e-01
-5.9381648e-01    9.9912806e-01
-5.9136701e-01    9.9870680e-01
-5.8891917e-01    9.9827921e-01
-5.8647299e-01    9.9784530e-01
-5.8402847e-01    9.9740507e-01
-5.8158564e-01    9.9695854e-01
-5.7914451e-01    9.9650571e-01
-5.7670509e-01    9.9604658e-01
-5.7426742e-01    9.9558116e-01
-5.7183150e-01    9.9510945e-01
-5.6939734e-01    9.9463147e-01
-5.6696498e-01    9.9414722e-01
-5.6453442e-01    9.9365670e-01
-5.6210568e-01    9.9315993e-01
-5.5967878e-01    9.9265690e-01
-5.5725373e-01    9.9214762e-01
-5.5483055e-01    9.9163211e-01
-5.5240927e-01    9.9111036e-01
-5.4998988e-01    9.9058238e-01
-5.4757242e-01    9.9004819e-01
-5.4515690e-01    9.8950778e-01
-5.4274334e-01    9.8896116e-01
-5.4033174e-01    9.8840835e-01
-5.3792214e-01    9.8784934e-01
-5.3551454e-01    9.8728414e-01
-5.3310897e-01    9.8671277e-01
-5.3070543e-01    9.8613522e-01
-5.2830396e-01    9.8555150e-01
-5.2590455e-01    9.8496163e-01
-5.2350723e-01    9.8436561e-01
-5.2111202e-01    9.8376344e-01
-5.1871894e-01    9.8315513e-01
-5.1632799e-01    9.8254070e-01
-5.1393920e-01    9.8192014e-01
-5.1155258e-01    9.8129347e-01
-5.0916815e-01    9.8066068e-01
-5.0678592e-01    9.8002180e-01
-5.0440592e-01    9.7937682e-01
-5.0202816e-01    9.7872576e-01
-4.9965265e-01    9.7806862e-01
-4.9727942e-01    9.7740541e-01
-4.9490847e-01    9.7673614e-01
-4.9253982e-01    9.7606081e-01
-4.9017350e-01    9.7537943e-01
-4.8780952e-01    9.7469202e-01
-4.8544789e-01    9.7399857e-01
-4.8308863e-01    9.7329910e-01
-4.8073175e-01    9.7259361e-01
-4.7837728e-01    9.7188211e-01
-4.7602523e-01    9.7116462e-01
-4.7367561e-01    9.7044113e-01
-4.7132845e-01    9.6971166e-01
-4.6898375e-01    9.6897622e-01
-4.6664154e-01    9.6823480e-01
-4.6430183e-01    9.6748743e-01
-4.6196463e-01    9.6673411e-01
-4.5962997e-01    9.6597484e-01
-4.5729786e-01    9.6520965e-01
-4.5496831e-01    9.6443852e-01
-4.5264134e-01    9.6366148e-01
-4.5031697e-01    9.6287854e-01
-4.4799522e-01    9.6208969e-01
-4.4567609e-01    9.6129495e-01
-4.4335961e-01    9.6049433e-01
-4.4104579e-01    9.5968784e-01
-4.3873465e-01    9.5887548e-01
-4.3642620e-01    9.5805727e-01
-4.3412046e-01    9.5723321e-01
-4.3181745e-01    9.5640332e-01
-4.2951718e-01    9.5556759e-01
-4.2721967e-01    9.5472605e-01
-4.2492492e-01    9.5387870e-01
-4.2263297e-01    9.5302554e-01
-4.2034383e-01    9.5216660e-01
-4.1805750e-01    9.5130187e-01
-4.1577401e-01    9.5043137e-01
-4.1349337e-01    9.4955511e-01
-4.1121560e-01    9.4867309e-01
-4.0894072e-01    9.4778532e-01
-4.0666873e-01    9.4689182e-01
-4.0439966e-01    9.4599260e-01
-4.0213352e-01    9.4508766e-01
-3.9987032e-01    9.4417701e-01
-3.9761009e-01    9.4326067e-01
-3.9535284e-01    9.4233864e-01
-3.9309858e-01    9.4141094e-01
-3.9084733e-01    9.4047756e-01
-3.8859910e-01    9.3953854e-01
-3.8635391e-01    9.3859386e-01
-3.8411178e-01    9.3764355e-01
-3.8187272e-01    9.3668761e-01
-3.7963675e-01    9.3572605e-01
-3.7740388e-01    9.3475889e-01
-3.7517412e-01    9.3378613e-01
-3.7294750e-01    9.3280778e-01
-3.7072402e-01    9.3182386e-01
-3.6850371e-01    9.3083438e-01
-3.6628658e-01    9.2983934e-01
-3.6407264e-01    9.2883875e-01
-3.6186192e-01    9.2783264e-01
-3.5965441e-01    9.2682100e-01
-3.5745015e-01    9.2580385e-01
-3.5524914e-01    9.2478119e-01
-3.5305140e-01    9.2375305e-01
-3.5085695e-01    9.2271942e-01
-3.4866580e-01    9.2168033e-01
-3.4647796e-01    9.2063578e-01
-3.4429345e-01    9.1958578e-01
-3.4211229e-01    9.1853035e-01
-3.3993449e-01    9.1746949e-01
-3.3776007e-01    9.1640321e-01
-3.3558904e-01    9.1533154e-01
-3.3342141e-01    9.1425447e-01
-3.3125721e-01    9.1317203e-01
-3.2909644e-01    9.1208421e-01
-3.2693912e-01    9.1099104e-01
-3.2478527e-01    9.0989252e-01
-3.2263489e-01    9.0878867e-01
-3.2048802e-01    9.0767949e-01
-3.1834465e-01    9.0656500e-01
-3.1620481e-01    9.0544522e-01
-3.1406851e-01    9.0432014e-01
-3.1193576e-01    9.0318979e-01
-3.0980658e-01    9.0205418e-01
-3.0768099e-01    9.0091331e-01
-3.0555899e-01    8.9976721e-01
-3.0344061e-01    8.9861587e-01
-3.0132586e-01    8.9745932e-01
-2.9921475e-01    8.9629756e-01
-2.9710729e-01    8.9513062e-01
-2.9500351e-01    8.9395849e-01
-2.9290341e-01    8.9278120e-01
-2.9080702e-01    8.9159875e-01
-2.8871434e-01    8.9041115e-01
-2.8662539e-01    8.8921843e-01
-2.8454018e-01    8.8802059e-01
-2.8245873e-01    8.8681764e-01
-2.8038106e-01    8.8560961e-01
-2.7830717e-01    8.8439649e-01
-2.7623708e-01    8.8317830e-01
-2.7417081e-01    8.8195506e-01
-2.7210837e-01    8.8072678e-01
-2.7004978e-01    8.7949347e-01
-2.6799504e-01    8.7825514e-01
-2.6594417e-01    8.7701181e-01
-2.6389720e-01    8.7576349e-01
-2.6185412e-01    8.7451019e-01
-2.5981496e-01    8.7325193e-01
-2.5777973e-01    8.7198872e-01
-2.5574844e-01    8.7072058e-01
-2.5372111e-01    8.6944750e-01
-2.5169775e-01    8.6816952e-01
-2.4967838e-01    8.6688664e-01
-2.4766300e-01    8.6559888e-01
-2.4565164e-01    8.6430625e-01
-2.4364431e-01    8.6300876e-01
-2.4164102e-01    8.6170643e-01
-2.3964178e-01    8.6039927e-01
-2.3764661e-01    8.5908730e-01
-2.3565553e-01    8.5777052e-01
-2.3366854e-01    8.5644896e-01
-2.3168566e-01    8.5512263e-01
-2.2970691e-01    8.5379153e-01
-2.2773229e-01    8.5245569e-01
-2.2576182e-01    8.5111512e-01
-2.2379552e-01    8.4976984e-01
-2.2183340e-01    8.4841985e-01
-2.1987547e-01    8.4706517e-01
-2.1792175e-01    8.4570582e-01
-2.1597225e-01    8.4434181e-01
-2.1402697e-01    8.4297316e-01
-2.1208595e-01    8.4159987e-01
-2.1014918e-01    8.4022198e-01
-2.0821669e-01    8.3883948e-01
-2.0628849e-01    8.3745239e-01
-2.0436458e-01    8.3606074e-01
-2.0244499e-01    8.3466452e-01
-2.0052972e-01    8.3326377e-01
-1.9861880e-01    8.3185849e-01
-1.9671223e-01    8.3044871e-01
-1.9481002e-01    8.2903442e-01
-1.9291219e-01    8.2761566e-01
-1.9101876e-01    8.2619243e-01
-1.8912973e-01    8.2476475e-01
-1.8724512e-01    8.2333263e-01
-1.8536494e-01    8.2189610e-01
-1.8348921e-01    8.2045517e-01
-1.8161794e-01    8.1900984e-01
-1.7975114e-01    8.1756015e-01
-1.7788882e-01    8.1610610e-01
-1.7603100e-01    8.1464771e-01
-1.7417769e-01    8.1318499e-01
-1.7232890e-01    8.1171797e-01
-1.7048464e-01    8.1024665e-01
-1.6864494e-01    8.0877106e-01
-1.6680980e-01    8.0729121e-01
-1.6497923e-01    8.0580711e-01
-1.6315324e-01    8.0431879e-01
-1.6133186e-01    8.0282625e-01
-1.5951509e-01    8.0132952e-01
-1.5770294e-01    7.9982862e-01
-1.5589543e-01    7.9832355e-01
-1.5409257e-01    7.9681434e-01
-1.5229437e-01    7.9530100e-01
-1.5050085e-01    7.9378354e-01
-1.4871202e-01    7.9226200e-01
-1.4692788e-01    7.9073637e-01
-1.4514846e-01    7.8920669e-01
-1.4337376e-01    7.8767296e-01
-1.4160380e-01    7.8613521e-01
-1.3983858e-01    7.8459345e-01
-1.3807813e-01    7.8304769e-01
-1.3632246e-01    7.8149797e-01
-1.3457156e-01    7.7994428e-01
-1.3282547e-01    7.7838666e-01
-1.3108419e-01    7.7682511e-01
-1.2934773e-01    7.7525967e-01
-1.2761610e-01    7.7369033e-01
-1.2588932e-01    7.7211713e-01
-1.2416740e-01    7.7054008e-01
-1.2245035e-01    7.6895920e-01
-1.2073818e-01    7.6737450e-01
-1.1903091e-01    7.6578601e-01
-1.1732854e-01    7.6419374e-01
-1.1563109e-01    7.6259771e-01
-1.1393857e-01    7.6099794e-01
-1.1225099e-01    7.5939445e-01
-1.1056837e-01    7.5778725e-01
-1.0889071e-01    7.5617637e-01
-1.0721803e-01    7.5456183e-01
-1.0555034e-01    7.5294364e-01
-1.0388764e-01    7.5132181e-01
-1.0222996e-01    7.4969638e-01
-1.0057730e-01    7.4806736e-01
-9.8929677e-02    7.4643477e-01
-9.7287099e-02    7.4479863e-01
-9.5649578e-02    7.4315896e-01
-9.4017127e-02    7.4151577e-01
-9.2389756e-02    7.3986909e-01
-9.0767476e-02    7.3821893e-01
-8.9150300e-02    7.3656532e-01
-8.7538237e-02    7.3490828e-01
-8.5931300e-02    7.3324782e-01
-8.4329499e-02    7.3158397e-01
-8.2732846e-02    7.2991675e-01
-8.1141352e-02    7.2824617e-01
-7.9555028e-02    7.2657226e-01
-7.7973884e-02    7.2489503e-01
-7.6397932e-02    7.2321451e-01
-7.4827182e-02    7.2153072e-01
-7.3261647e-02    7.1984368e-01
-7.1701335e-02    7.1815340e-01
-7.0146259e-02    7.1645992e-01
-6.8596429e-02    7.1476325e-01
-6.7051856e-02    7.1306341e-01
-6.5512550e-02    7.1136042e-01
-6.3978522e-02    7.0965430e-01
-6.2449783e-02    7.0794509e-01
-6.0926343e-02    7.0623278e-01
-5.9408213e-02    7.0451742e-01
-5.7895404e-02    7.0279902e-01
-5.6387925e-02    7.0107760e-01
-5.4885787e-02    6.9935318e-01
-5.3389001e-02    6.9762579e-01
-5.1897576e-02    6.9589545e-01
-5.0411524e-02    6.9416218e-01
-4.8930854e-02    6.9242599e-01
-4.7455577e-02    6.9068693e-01
-4.5985702e-02    6.8894500e-01
-4.4521240e-02    6.8720023e-01
-4.3062200e-02    6.8545264e-01
-4.1608594e-02    6.8370226e-01
-4.0160430e-02    6.8194911e-01
-3.8717719e-02    6.8019320e-01
-3.7280471e-02    6.7843458e-01
-3.5848695e-02    6.7667325e-01
-3.4422401e-02    6.7490924e-01
-3.3001599e-02    6.7314257e-01
-3.1586299e-02    6.7137327e-01
-3.0176509e-02    6.6960137e-01
-2.8772241e-02    6.6782688e-01
-2.7373503e-02    6.6604983e-01
-2.5980304e-02    6.6427024e-01
-2.4592655e-02    6.6248815e-01
-2.3210564e-02    6.6070356e-01
-2.1834042e-02    6.5891651e-01
-2.0463096e-02    6.5712702e-01
-1.9097738e-02    6.5533512e-01
-1.7737974e-02    6.5354083e-01
-1.6383816e-02    6.5174417e-01
-1.5035271e-02    6.4994518e-01
-1.3692349e-02    6.4814387e-01
-1.2355059e-02    6.4634027e-01
-1.1023410e-02    6.4453441e-01
-9.6974105e-03    6.4272632e-01
-8.3770692e-03    6.4091601e-01
-7.0623952e-03    6.3910351e-01
-5.7533969e-03    6.3728886e-01
-4.4500831e-03    6.3547207e-01
-3.1524623e-03    6.3365317e-01
-1.8605430e-03    6.3183220e-01
-5.7433375e-04    6.3000916e-01
 7.0615710e-04    6.2818410e-01
 1.9809212e-03    6.2635704e-01
 3.2499503e-03    6.2452801e-01
 4.5132361e-03    6.2269703e-01
 5.7707706e-03    6.2086413e-01
 7.0225456e-03    6.1902933e-01
 8.2685530e-03    6.1719268e-01
 9.5087849e-03    6.1535418e-01
 1.0743233e-02    6.1351388e-01
 1.1971891e-02    6.1167179e-01
 1.3194749e-02    6.0982795e-01
 1.4411801e-02    6.0798239e-01
 1.5623038e-02    6.0613513e-01
 1.6828453e-02    6.0428620e-01
 1.8028039e-02    6.0243563e-01
 1.9221788e-02    6.0058346e-01
 2.0409693e-02    5.9872970e-01
 2.1591746e-02    5.9687439e-01
 2.2767941e-02    5.9501756e-01
 2.3938270e-02    5.9315923e-01
 2.5102726e-02    5.9129944e-01
 2.6261302e-02    5.8943822e-01
 2.7413991e-02    5.8757560e-01
 2.8560786e-02    5.8571160e-01
 2.9701681e-02    5.8384626e-01
 3.0836668e-02    5.8197960e-01
 3.1965742e-02    5.8011167e-01
 3.3088895e-02    5.7824248e-01
 3.4206122e-02    5.7637208e-01
 3.5317415e-02    5.7450048e-01
 3.6422769e-02    5.7262773e-01
 3.7522177e-02    5.7075385e-01
 3.8615633e-02    5.6887888e-01
 3.9703132e-02    5.6700285e-01
 4.0784666e-02    5.6512578e-01
 4.1860231e-02    5.6324772e-01
 4.2929821e-02    5.6136870e-01
 4.3993429e-02    5.5948874e-01
 4.5051051e-02    5.5760788e-01
 4.6102680e-02    5.5572615e-01
 4.7148311e-02    5.5384359e-01
 4.8187940e-02    5.5196023e-01
 4.9221560e-02    5.5007610e-01
 5.0249167e-02    5.4819124e-01
 5.1270755e-02    5.4630568e-01
 5.2286320e-02    5.4441945e-01
 5.3295856e-02    5.4253260e-01
 5.4299360e-02    5.4064514e-01
 5.5296826e-02    5.3875713e-01
 5.6288250e-02    5.3686858e-01
 5.7273627e-02    5.3497954e-01
 5.8252954e-02    5.3309005e-01
 5.9226225e-02    5.3120014e-01
 6.0193437e-02    5.2930984e-01
 6.1154587e-02    5.2741918e-01
 6.1154587e-02    5.2741918e-01
 6.1204696e-02    5.2732184e-01
 6.1255961e-02    5.2722530e-01
 6.1308375e-02    5.2712955e-01
 6.1361933e-02    5.2703460e-01
 6.1416627e-02    5.2694045e-01
 6.1472450e-02    5.2684709e-01
 6.1529397e-02    5.2675453e-01
 6.1587460e-02    5.2666275e-01
 6.1646634e-02    5.2657177e-01
 6.1706911e-02    5.2648157e-01
 6.1768284e-02    5.2639216e-01
 6.1830748e-02    5.2630354e-01
 6.1894296e-02    5.2621570e-01
 6.1958921e-02    5.2612864e-01
 6.2024616e-02    5.2604237e-01
 6.2091375e-02    5.2595687e-01
 6.2159191e-02    5.2587216e-01
 6.2228059e-02    5.2578822e-01
 6.2297970e-02    5.2570505e-01
 6.2368919e-02    5.2562266e-01
 6.2440899e-02    5.2554105e-01
 6.2513904e-02    5.2546020e-01
 6.2587926e-02    5.2538013e-01
 6.2662959e-02    5.2530082e-01
 6.2738998e-02    5.2522228e-01
 6.2816034e-02    5.2514451e-01
 6.2894062e-02    5.2506750e-01
 6.2973075e-02    5.2499125e-01
 6.3053066e-02    5.2491576e-01
 6.3134029e-02    5.2484104e-01
 6.3215957e-02    5.2476707e-01
 6.3298844e-02    5.2469386e-01
 6.3382682e-02    5.2462141e-01
 6.3467466e-02    5.2454971e-01
 6.3553189e-02    5.2447876e-01
 6.3639845e-02    5.2440857e-01
 6.3727426e-02    5.2433913e-01
 6.3815926e-02    5.2427043e-01
 6.3905338e-02    5.2420248e-01
 6.3995657e-02    5.2413528e-01
 6.4086874e-02    5.2406882e-01
 6.4178985e-02    5.2400311e-01
 6.4271982e-02    5.2393813e-01
 6.4365858e-02    5.2387390e-01
 6.4460607e-02    5.2381041e-01
 6.4556223e-02    5.2374765e-01
 6.4652699e-02    5.2368563e-01
 6.4750028e-02    5.2362434e-01
 6.4848203e-02    5.2356379e-01
 6.4947219e-02    5.2350397e-01
 6.5047068e-02    5.2344488e-01
 6.5147745e-02    5.2338652e-01
 6.5249241e-02    5.2332888e-01
 6.5351551e-02    5.2327197e-01
 6.5454669e-02    5.2321579e-01
 6.5558587e-02    5.2316033e-01
 6.5663299e-02    5.2310559e-01
 6.5768799e-02    5.2305157e-01
 6.5875079e-02    5.2299827e-01
 6.5982134e-02    5.2294569e-01
 6.6089956e-02    5.2289383e-01
 6.6198539e-02    5.2284267e-01
 6.6307877e-02    5.2279224e-01
 6.6417963e-02    5.2274251e-01
 6.6528790e-02    5.2269349e-01
 6.6640352e-02    5.2264519e-01
 6.6752643e-02    5.2259759e-01
 6.6865655e-02    5.2255070e-01
 6.6979381e-02    5.2250451e-01
 6.7093817e-02    5.2245902e-01
 6.7208954e-02    5.2241424e-01
 6.7324786e-02    5.2237016e-01
 6.7441307e-02    5.2232678e-01
 6.7558510e-02    5.2228409e-01
 6.7676389e-02    5.2224210e-01
 6.7794937e-02    5.2220081e-01
 6.7914147e-02    5.2216021e-01
 6.8034013e-02    5.2212030e-01
 6.8154527e-02    5.2208108e-01
 6.8275685e-02    5.2204255e-01
 6.8397479e-02    5.2200471e-01
 6.8519902e-02    5.2196756e-01
 6.8642948e-02    5.2193109e-01
 6.8766610e-02    5.2189530e-01
 6.8890882e-02    5.2186019e-01
 6.9015757e-02    5.2182577e-01
 6.9141228e-02    5.2179203e-01
 6.9267289e-02    5.2175896e-01
 6.9393934e-02    5.2172657e-01
 6.9521156e-02    5.2169486e-01
 6.9648948e-02    5.2166381e-01
 6.9777303e-02    5.2163344e-01
 6.9906215e-02    5.2160375e-01
 7.0035678e-02    5.2157472e-01
 7.0165685e-02    5.2154636e-01
 7.0296229e-02    5.2151866e-01
 7.0427303e-02    5.2149163e-01
 7.0558902e-02    5.2146526e-01
 7.0691018e-02    5.2143956e-01
 7.0823646e-02    5.2141452e-01
 7.0956777e-02    5.2139013e-01
 7.1090407e-02    5.2136641e-01
 7.1224527e-02    5.2134334e-01
 7.1359132e-02    5.2132093e-01
 7.1494215e-02    5.2129917e-01
 7.1629770e-02    5.2127806e-01
 7.1765790e-02    5.2125760e-01
 7.1902267e-02    5.2123779e-01
 7.2039197e-02    5.2121863e-01
 7.2176571e-02    5.2120012e-01
 7.2314385e-02    5.2118225e-01
 7.2452630e-02    5.2116503e-01
 7.2591300e-02    5.2114845e-01
 7.2730389e-02    5.2113251e-01
 7.2869891e-02    5.2111721e-01
 7.3009798e-02    5.2110254e-01
 7.3150104e-02    5.2108852e-01
 7.3290802e-02    5.2107513e-01
 7.3431886e-02    5.2106237e-01
 7.3573350e-02    5.2105025e-01
 7.3715186e-02    5.2103875e-01
 7.3857389e-02    5.2102789e-01
 7.3999951e-02    5.2101765e-01
 7.4142866e-02    5.2100804e-01
 7.4286127e-02    5.2099906e-01
 7.4429728e-02    5.2099070e-01
 7.4573662e-02    5.2098296e-01
 7.4717923e-02    5.2097585e-01
 7.4862504e-02    5.2096935e-01
 7.5007398e-02    5.2096348e-01
 7.5152600e-02    5.2095821e-01
 7.5298101e-02    5.2095357e-01
 7.5443896e-02    5.2094954e-01
 7.5589978e-02    5.2094612e-01
 7.5736341e-02    5.2094331e-01
 7.5882978e-02    5.2094111e-01
 7.6029882e-02    5.2093952e-01
 7.6177047e-02    5.2093854e-01
 7.6324466e-02    5.2093816e-01
 7.6472133e-02    5.2093839e-01
 7.6620041e-02    5.2093922e-01
 7.6768183e-02    5.2094065e-01
 7.6916553e-02    5.2094268e-01
 7.7065145e-02    5.2094531e-01
 7.7213951e-02    5.2094854e-01
 7.7362965e-02    5.2095236e-01
 7.7512181e-02    5.2095678e-01
 7.7661591e-02    5.2096179e-01
 7.7811190e-02    5.2096739e-01
 7.7960971e-02    5.2097358e-01
 7.8110927e-02    5.2098035e-01
 7.8261052e-02    5.2098772e-01
 7.8411339e-02    5.2099567e-01
 7.8561781e-02    5.2100421e-01
 7.8712372e-02    5.2101333e-01
 7.8863105e-02    5.2102303e-01
 7.9013974e-02    5.2103331e-01
 7.9164972e-02    5.2104416e-01
 7.9316093e-02    5.2105560e-01
 7.9467329e-02    5.2106761e-01
 7.9618675e-02    5.2108020e-01
 7.9770124e-02    5.2109336e-01
 7.9921669e-02    5.2110709e-01
 8.0073304e-02    5.2112139e-01
 8.0225021e-02    5.2113625e-01
 8.0376816e-02    5.2115169e-01
 8.0528679e-02    5.2116769e-01
 8.0680607e-02    5.2118426e-01
 8.0832591e-02    5.2120139e-01
 8.0984625e-02    5.2121908e-01
 8.1136702e-02    5.2123733e-01
 8.1288817e-02    5.2125614e-01
 8.1440962e-02    5.2127551e-01
 8.1593131e-02    5.2129543e-01
 8.1745317e-02    5.2131591e-01
 8.1897513e-02    5.2133694e-01
 8.2049714e-02    5.2135852e-01
 8.2201912e-02    5.2138065e-01
 8.2354101e-02    5.2140333e-01
 8.2506274e-02    5.2142656e-01
 8.2658425e-02    5.2145033e-01
 8.2810547e-02    5.2147465e-01
 8.2962634e-02    5.2149952e-01
 8.3114678e-02    5.2152492e-01
 8.3266674e-02    5.2155086e-01
 8.3418615e-02    5.2157735e-01
 8.3570494e-02    5.2160437e-01
 8.3722304e-02    5.2163192e-01
 8.3874040e-02    5.2166001e-01
 8.4025694e-02    5.2168864e-01
 8.4177260e-02    5.2171779e-01
 8.4328731e-02    5.2174748e-01
 8.4480101e-02    5.2177770e-01
 8.4631363e-02    5.2180844e-01
 8.4782511e-02    5.2183971e-01
 8.4933537e-02    5.2187150e-01
 8.5084436e-02    5.2190382e-01
 8.5235201e-02    5.2193666e-01
 8.5385825e-02    5.2197002e-01
 8.5536301e-02    5.2200390e-01
 8.5686624e-02    5.2203829e-01
 8.5836786e-02    5.2207320e-01
 8.5986781e-02    5.2210863e-01
 8.6136602e-02    5.2214457e-01
 8.6286243e-02    5.2218102e-01
 8.6435697e-02    5.2221799e-01
 8.6584958e-02    5.2225546e-01
 8.6734018e-02    5.2229344e-01
 8.6882872e-02    5.2233192e-01
 8.7031513e-02    5.2237091e-01
 8.7179934e-02    5.2241041e-01
 8.7328129e-02    5.2245040e-01
 8.7476090e-02    5.2249090e-01
 8.7623812e-02    5.2253189e-01
 8.7771288e-02    5.2257339e-01
 8.7918512e-02    5.2261538e-01
 8.8065476e-02    5.2265786e-01
 8.8212174e-02    5.2270084e-01
 8.8358600e-02    5.2274431e-01
 8.8504746e-02    5.2278827e-01
 8.8650607e-02    5.2283272e-01
 8.8796176e-02    5.2287766e-01
 8.8941446e-02    5.2292308e-01
 8.9086411e-02    5.2296899e-01
 8.9231064e-02    5.2301539e-01
 8.9375398e-02    5.2306226e-01
 8.9519407e-02    5.2310962e-01
 8.9663084e-02    5.2315745e-01
 8.9806423e-02    5.2320577e-01
 8.9949417e-02    5.2325456e-01
 9.0092060e-02    5.2330382e-01
 9.0234345e-02    5.2335356e-01
 9.0376265e-02    5.2340377e-01
 9.0517814e-02    5.2345445e-01
 9.0658985e-02    5.2350560e-01
 9.0799772e-02    5.2355722e-01
 9.0940168e-02    5.2360931e-01
 9.1080166e-02    5.2366186e-01
 9.1219760e-02    5.2371487e-01
 9.1358944e-02    5.2376835e-01
 9.1497710e-02    5.2382228e-01
 9.1636052e-02    5.2387668e-01
 9.1773964e-02    5.2393154e-01
 9.1911439e-02    5.2398685e-01
 9.2048470e-02    5.2404261e-01
 9.2185051e-02    5.2409883e-01
 9.2321175e-02    5.2415551e-01
 9.2456836e-02    5.2421263e-01
 9.2592027e-02    5.2427020e-01
 9.2726741e-02    5.2432822e-01
 9.2860973e-02    5.2438669e-01
 9.2994714e-02    5.2444561e-01
 9.3127960e-02    5.2450496e-01
 9.3260702e-02    5.2456476e-01
 9.3392935e-02    5.2462500e-01
 9.3524652e-02    5.2468568e-01
 9.3655846e-02    5.2474680e-01
 9.3786512e-02    5.2480836e-01
 9.3916641e-02    5.2487035e-01
 9.4046228e-02    5.2493277e-01
 9.4175266e-02    5.2499563e-01
 9.4303749e-02    5.2505892e-01
 9.4431669e-02    5.2512264e-01
 9.4559021e-02    5.2518678e-01
 9.4685797e-02    5.2525136e-01
 9.4811992e-02    5.2531636e-01
 9.4937598e-02    5.2538178e-01
 9.5062609e-02    5.2544762e-01
 9.5187019e-02    5.2551389e-01
 9.5310820e-02    5.2558058e-01
 9.5434006e-02    5.2564768e-01
 9.5556572e-02    5.2571520e-01
 9.5678509e-02    5.2578314e-01
 9.5799812e-02    5.2585149e-01
 9.5920473e-02    5.2592025e-01
 9.6040487e-02    5.2598943e-01
 9.6159847e-02    5.2605901e-01
 9.6278546e-02    5.2612901e-01
 9.6396577e-02    5.2619941e-01
 9.6513934e-02    5.2627021e-01
 9.6630611e-02    5.2634142e-01
 9.6746600e-02    5.2641303e-01
 9.6861896e-02    5.2648505e-01
 9.6976491e-02    5.2655746e-01
 9.7090380e-02    5.2663027e-01
 9.7203555e-02    5.2670348e-01
 9.7316010e-02    5.2677709e-01
 9.7427738e-02    5.2685109e-01
 9.7538733e-02    5.2692548e-01
 9.7648988e-02    5.2700026e-01
 9.7758496e-02    5.2707544e-01
 9.7867252e-02    5.2715100e-01
 9.7975248e-02    5.2722695e-01
 9.8082477e-02    5.2730328e-01
 9.8188934e-02    5.2738000e-01
 9.8294612e-02    5.2745711e-01
 9.8399503e-02    5.2753459e-01
 9.8503603e-02    5.2761245e-01
 9.8606903e-02    5.2769070e-01
 9.8709397e-02    5.2776932e-01
 9.8811079e-02    5.2784831e-01
 9.8911942e-02    5.2792768e-01
 9.9011980e-02    5.2800742e-01
 9.9111186e-02    5.2808754e-01
 9.9209553e-02    5.2816802e-01
 9.9307075e-02    5.2824887e-01
 9.9403745e-02    5.2833010e-01
 9.9499557e-02    5.2841168e-01
 9.9594504e-02    5.2849363e-01
 9.9688579e-02    5.2857595e-01
 9.9781777e-02    5.2865862e-01
 9.9874089e-02    5.2874166e-01
 9.9965510e-02    5.2882505e-01
 1.0005603e-01    5.2890880e-01
 1.0014565e-01    5.2899291e-01
 1.0023436e-01    5.2907737e-01
 1.0032215e-01    5.2916219e-01
 1.0040902e-01    5.2924736e-01
 1.0049495e-01    5.2933287e-01
 1.0057995e-01    5.2941874e-01
 1.0066401e-01    5.2950495e-01
 1.0074711e-01    5.2959151e-01
 1.0082926e-01    5.2967842e-01
 1.0091044e-01    5.2976567e-01
 1.0099065e-01    5.2985325e-01
 1.0106989e-01    5.2994118e-01
 1.0114814e-01    5.3002945e-01
 1.0122540e-01    5.3011806e-01
 1.0130167e-01    5.3020700e-01
 1.0137693e-01    5.3029628e-01
 1.0145118e-01    5.3038589e-01
 1.0152442e-01    5.3047583e-01
 1.0159663e-01    5.3056610e-01
 1.0166782e-01    5.3065670e-01
 1.0173796e-01    5.3074763e-01
 1.0180707e-01    5.3083889e-01
 1.0187513e-01    5.3093047e-01
 1.0194213e-01    5.3102237e-01
 1.0200806e-01    5.3111460e-01
 1.0207293e-01    5.3120714e-01
 1.0213672e-01    5.3130001e-01
 1.0219944e-01    5.3139319e-01
 1.0226106e-01    5.3148669e-01
 1.0232158e-01    5.3158050e-01
 1.0238101e-01    5.3167463e-01
 1.0243933e-01    5.3176907e-01
 1.0249653e-01    5.3186382e-01
 1.0255261e-01    5.3195888e-01
 1.0260756e-01    5.3205424e-01
 1.0266137e-01    5.3214992e-01
 1.0271405e-01    5.3224589e-01
 1.0276558e-01    5.3234217e-01
 1.0281595e-01    5.3243876e-01
 1.0286516e-01    5.3253564e-01
 1.0291320e-01    5.3263282e-01
 1.0296007e-01    5.3273031e-01
 1.0300576e-01    5.3282808e-01
 1.0305026e-01    5.3292615e-01
 1.0309357e-01    5.3302452e-01
 1.0313567e-01    5.3312318e-01
 1.0317657e-01    5.3322213e-01
 1.0321626e-01    5.3332137e-01
 1.0325472e-01    5.3342089e-01
 1.0329196e-01    5.3352070e-01
 1.0332796e-01    5.3362080e-01
 1.0336272e-01    5.3372118e-01
 1.0339624e-01    5.3382185e-01
 1.0342850e-01    5.3392279e-01
 1.0345951e-01    5.3402401e-01
 1.0348925e-01    5.3412551e-01
 1.0351771e-01    5.3422729e-01
 1.0354489e-01    5.3432935e-01
 1.0357079e-01    5.3443167e-01
 1.0359540e-01    5.3453427e-01
 1.0361870e-01    5.3463714e-01
 1.0364070e-01    5.3474028e-01
 1.0366139e-01    5.3484369e-01
 1.0368076e-01    5.3494736e-01
 1.0369880e-01    5.3505130e-01
 1.0371551e-01    5.3515550e-01
 1.0373088e-01    5.3525997e-01
 1.0374491e-01    5.3536470e-01
 1.0375758e-01    5.3546968e-01
 1.0376889e-01    5.3557493e-01
 1.0377884e-01    5.3568043e-01
 1.0378742e-01    5.3578618e-01
 1.0379462e-01    5.3589219e-01
 1.0380043e-01    5.3599845e-01
 1.0380486e-01    5.3610497e-01
 1.0380788e-01    5.3621173e-01
 1.0380950e-01    5.3631874e-01
 1.0380971e-01    5.3642600e-01
 1.0380850e-01    5.3653350e-01
 1.0380586e-01    5.3664125e-01
 1.0380180e-01    5.3674924e-01
 1.0379630e-01    5.3685747e-01
 1.0378935e-01    5.3696594e-01
 1.0378095e-01    5.3707465e-01
 1.0377110e-01    5.3718359e-01
 1.0377110e-01    5.3718359e-01
 1.0237230e-01    5.5180453e-01
 1.0101215e-01    5.6642547e-01
 9.9688694e-02    5.8104641e-01
 9.8400093e-02    5.9566735e-01
 9.7144650e-02    6.1028829e-01
 9.5920800e-02    6.2490923e-01
 9.4727085e-02    6.3953017e-01
 9.3562149e-02    6.5415111e-01
 9.2424723e-02    6.6877205e-01
 9.1313617e-02    6.8339299e-01
 9.0227717e-02    6.9801393e-01
 8.9165989e-02    7.1263487e-01
 8.8127455e-02    7.2725581e-01
 8.7111201e-02    7.4187674e-01
 8.6116362e-02    7.5649768e-01
 8.5142122e-02    7.7111862e-01
 8.4187709e-02    7.8573956e-01
 8.3252399e-02    8.0036050e-01
 8.2335509e-02    8.1498144e-01
 8.1436389e-02    8.2960238e-01
 8.0554425e-02    8.4422332e-01
 7.9689035e-02    8.5884426e-01
 7.8839661e-02    8.7346520e-01
 7.8005776e-02    8.8808614e-01
 7.7186878e-02    9.0270708e-01
 7.6382494e-02    9.1732802e-01
 7.5592168e-02    9.3194896e-01
 7.4815469e-02    9.4656989e-01
 7.4051986e-02    9.6119083e-01
 7.3301324e-02    9.7581177e-01
 7.2563103e-02    9.9043271e-01
 7.1836962e-02    1.0050537e+00
 7.1122557e-02    1.0196746e+00
 7.0419558e-02    1.0342955e+00
 6.9727649e-02    1.0489165e+00
 6.9046528e-02    1.0635374e+00
 6.8375904e-02    1.0781583e+00
 6.7715498e-02    1.0927793e+00
 6.7065043e-02    1.1074002e+00
 6.6424279e-02    1.1220212e+00
 6.5792956e-02    1.1366421e+00
 6.5170838e-02    1.1512630e+00
 6.4557694e-02    1.1658840e+00
 6.3953305e-02    1.1805049e+00
 6.3357458e-02    1.1951259e+00
 6.2769948e-02    1.2097468e+00
 6.2190577e-02    1.2243677e+00
 6.1619156e-02    1.2389887e+00
 6.1055499e-02    1.2536096e+00
 6.0499427e-02    1.2682306e+00
 5.9950769e-02    1.2828515e+00
 5.9409358e-02    1.2974724e+00
 5.8875034e-02    1.3120934e+00
 5.8347643e-02    1.3267143e+00
 5.7827034e-02    1.3413353e+00
 5.7313061e-02    1.3559562e+00
 5.6805585e-02    1.3705771e+00
 5.6304469e-02    1.3851981e+00
 5.5809580e-02    1.3998190e+00
 5.5320790e-02    1.4144400e+00
 5.4837975e-02    1.4290609e+00
 5.4361014e-02    1.4436818e+00
 5.3889790e-02    1.4583028e+00
 5.3424191e-02    1.4729237e+00
 5.2964106e-02    1.4875446e+00
 5.2509428e-02    1.5021656e+00
 5.2060053e-02    1.5167865e+00
 5.1615881e-02    1.5314075e+00
 5.1176814e-02    1.5460284e+00
 5.0742755e-02    1.5606493e+00
 5.0313612e-02    1.5752703e+00
 4.9889294e-02    1.5898912e+00
 4.9469714e-02    1.6045122e+00
 4.9054786e-02    1.6191331e+00
 4.8644428e-02    1.6337540e+00
 4.8238558e-02    1.6483750e+00
 4.7837097e-02    1.6629959e+00
 4.7439968e-02    1.6776169e+00
 4.7047097e-02    1.6922378e+00
 4.6658410e-02    1.7068587e+00
 4.6273836e-02    1.7214797e+00
 4.5893306e-02    1.7361006e+00
 4.5516751e-02    1.7507216e+00
 4.5144106e-02    1.7653425e+00
 4.4775306e-02    1.7799634e+00
 4.4410288e-02    1.7945844e+00
 4.4048991e-02    1.8092053e+00
 4.3691355e-02    1.8238263e+00
 4.3337322e-02    1.8384472e+00
 4.2986833e-02    1.8530681e+00
 4.2639833e-02    1.8676891e+00
 4.2296268e-02    1.8823100e+00
 4.1956083e-02    1.8969309e+00
 4.1619227e-02    1.9115519e+00
 4.1285649e-02    1.9261728e+00
 4.0955299e-02    1.9407938e+00
 4.0628127e-02    1.9554147e+00
 4.0304087e-02    1.9700356e+00
 3.9983131e-02    1.9846566e+00
 3.9665214e-02    1.9992775e+00
 3.9350291e-02    2.0138985e+00
 3.9038318e-02    2.0285194e+00
 3.8729252e-02    2.0431403e+00
 3.8423051e-02    2.0577613e+00
 3.8119675e-02    2.0723822e+00
 3.7819082e-02    2.0870032e+00
 3.7521234e-02    2.1016241e+00
 3.7226091e-02    2.1162450e+00
 3.6933616e-02    2.1308660e+00
 3.6643772e-02    2.1454869e+00
 3.6356522e-02    2.1601079e+00
 3.6071830e-02    2.1747288e+00
 3.5789662e-02    2.1893497e+00
 3.5509983e-02    2.2039707e+00
 3.5232760e-02    2.2185916e+00
 3.4957959e-02    2.2332126e+00
 3.4685548e-02    2.2478335e+00
 3.4415495e-02    2.2624544e+00
 3.4147770e-02    2.2770754e+00
 3.3882341e-02    2.2916963e+00
 3.3619179e-02    2.3063172e+00
 3.3358254e-02    2.3209382e+00
 3.3099536e-02    2.3355591e+00
 3.2842999e-02    2.3501801e+00
 3.2588613e-02    2.3648010e+00
 3.2336351e-02    2.3794219e+00
 3.2086187e-02    2.3940429e+00
 3.1838093e-02    2.4086638e+00
 3.1592045e-02    2.4232848e+00
 3.1348016e-02    2.4379057e+00
 3.1105981e-02    2.4525266e+00
 3.0865916e-02    2.4671476e+00
 3.0627796e-02    2.4817685e+00
 3.0391598e-02    2.4963895e+00
 3.0157298e-02    2.5110104e+00
 2.9924873e-02    2.5256313e+00
 2.9694300e-02    2.5402523e+00
 2.9465558e-02    2.5548732e+00
 2.9238624e-02    2.5694942e+00
 2.9013477e-02    2.5841151e+00
 2.8790095e-02    2.5987360e+00
 2.8568458e-02    2.6133570e+00
 2.8348545e-02    2.6279779e+00
 2.8130336e-02    2.6425989e+00
 2.7913811e-02    2.6572198e+00
 2.7698951e-02    2.6718407e+00
 2.7485737e-02    2.6864617e+00
 2.7274148e-02    2.7010826e+00
 2.7064168e-02    2.7157035e+00
 2.6855777e-02    2.7303245e+00
 2.6648957e-02    2.7449454e+00
 2.6443691e-02    2.7595664e+00
 2.6239961e-02    2.7741873e+00
 2.6037750e-02    2.7888082e+00
 2.5837041e-02    2.8034292e+00
 2.5637816e-02    2.8180501e+00
 2.5440061e-02    2.8326711e+00
 2.5243757e-02    2.8472920e+00
 2.5048891e-02    2.8619129e+00
 2.4855444e-02    2.8765339e+00
 2.4663403e-02    2.8911548e+00
 2.4472751e-02    2.9057758e+00
 2.4283474e-02    2.9203967e+00
 2.4095557e-02    2.9350176e+00
 2.3908985e-02    2.9496386e+00
 2.3723744e-02    2.9642595e+00
 2.3539819e-02    2.9788805e+00
 2.3357196e-02    2.9935014e+00
 2.3175862e-02    3.0081223e+00
 2.2995802e-02    3.0227433e+00
 2.2817005e-02    3.0373642e+00
 2.2639455e-02    3.0519852e+00
 2.2463140e-02    3.0666061e+00
 2.2288047e-02    3.0812270e+00
 2.2114164e-02    3.0958480e+00
 2.1941477e-02    3.1104689e+00
 2.1769975e-02    3.1250898e+00
 2.1599645e-02    3.1397108e+00
 2.1430475e-02    3.1543317e+00
 2.1262453e-02    3.1689527e+00
 2.1095567e-02    3.1835736e+00
 2.0929807e-02    3.1981945e+00
 2.0765159e-02    3.2128155e+00
 2.0601614e-02    3.2274364e+00
 2.0439160e-02    3.2420574e+00
 2.0277785e-02    3.2566783e+00
 2.0117480e-02    3.2712992e+00
 1.9958233e-02    3.2859202e+00
 1.9800033e-02    3.3005411e+00
 1.9642871e-02    3.3151621e+00
 1.9486736e-02    3.3297830e+00
 1.9331618e-02    3.3444039e+00
 1.9177506e-02    3.3590249e+00
 1.9024391e-02    3.3736458e+00
 1.8872263e-02    3.3882668e+00
 1.8721112e-02    3.4028877e+00
 1.8570929e-02    3.4175086e+00
 1.8421704e-02    3.4321296e+00
 1.8273427e-02    3.4467505e+00
 1.8126091e-02    3.4613715e+00
 1.7979685e-02    3.4759924e+00
 1.7834200e-02    3.4906133e+00
 1.7689628e-02    3.5052343e+00
 1.7545960e-02    3.5198552e+00
 1.7403186e-02    3.5344761e+00
 1.7261300e-02    3.5490971e+00
 1.7120291e-02    3.5637180e+00
 1.6980152e-02    3.5783390e+00
 1.6840874e-02    3.5929599e+00
 1.6702450e-02    3.6075808e+00
 1.6564870e-02    3.6222018e+00
 1.6428128e-02    3.6368227e+00
 1.6292214e-02    3.6514437e+00
 1.6157122e-02    3.6660646e+00
 1.6022843e-02    3.6806855e+00
 1.5889371e-02    3.6953065e+00
 1.5756696e-02    3.7099274e+00
 1.5624813e-02    3.7245484e+00
 1.5493713e-02    3.7391693e+00
 1.5363389e-02    3.7537902e+00
 1.5233834e-02    3.7684112e+00
 1.5105041e-02    3.7830321e+00
 1.4977002e-02    3.7976531e+00
 1.4849711e-02    3.8122740e+00
 1.4723161e-02    3.8268949e+00
 1.4597345e-02    3.8415159e+00
 1.4472256e-02    3.8561368e+00
 1.4347888e-02    3.8707578e+00
 1.4224234e-02    3.8853787e+00
 1.4101286e-02    3.8999996e+00
 1.3979040e-02    3.9146206e+00
 1.3857488e-02    3.9292415e+00
 1.3736624e-02    3.9438624e+00
 1.3616442e-02    3.9584834e+00
 1.3496935e-02    3.9731043e+00
 1.3378098e-02    3.9877253e+00
 1.3259925e-02    4.0023462e+00
 1.3142408e-02    4.0169671e+00
 1.3025543e-02    4.0315881e+00
 1.2909323e-02    4.0462090e+00
 1.2793743e-02    4.0608300e+00
 1.2678797e-02    4.0754509e+00
 1.2564479e-02    4.0900718e+00
 1.2450784e-02    4.1046928e+00
 1.2337705e-02    4.1193137e+00
 1.2225238e-02    4.1339347e+00
 1.2113376e-02    4.1485556e+00
 1.2002115e-02    4.1631765e+00
 1.1891449e-02    4.1777975e+00
 1.1781372e-02    4.1924184e+00
 1.1671880e-02    4.2070394e+00
 1.1562967e-02    4.2216603e+00
 1.1454628e-02    4.2362812e+00
 1.1346858e-02    4.2509022e+00
 1.1239651e-02    4.2655231e+00
 1.1133004e-02    4.2801441e+00
 1.1026910e-02    4.2947650e+00
 1.0921365e-02    4.3093859e+00
 1.0816364e-02    4.3240069e+00
 1.0711903e-02    4.3386278e+00
 1.0607975e-02    4.3532487e+00
 1.0504577e-02    4.3678697e+00
 1.0401704e-02    4.3824906e+00
 1.0299352e-02    4.3971116e+00
 1.0197515e-02    4.4117325e+00
 1.0096189e-02    4.4263534e+00
 9.9953696e-03    4.4409744e+00
 9.8950523e-03    4.4555953e+00
 9.7952326e-03    4.4702163e+00
 9.6959061e-03    4.4848372e+00
 9.5970685e-03    4.4994581e+00
 9.4987155e-03    4.5140791e+00
 9.4008427e-03    4.5287000e+00
 9.3034459e-03    4.5433210e+00
 9.2065209e-03    4.5579419e+00
 9.1100636e-03    4.5725628e+00
 9.0140697e-03    4.5871838e+00
 8.9185353e-03    4.6018047e+00
 8.8234562e-03    4.6164257e+00
 8.7288285e-03    4.6310466e+00
 8.6346481e-03    4.6456675e+00
 8.5409111e-03    4.6602885e+00
 8.4476136e-03    4.6749094e+00
 8.3547517e-03    4.6895304e+00
 8.2623216e-03    4.7041513e+00
 8.1703193e-03    4.7187722e+00
 8.0787413e-03    4.7333932e+00
 7.9875836e-03    4.7480141e+00
 7.8968427e-03    4.7626351e+00
 7.8065147e-03    4.7772560e+00
 7.7165961e-03    4.7918769e+00
 7.6270832e-03    4.8064979e+00
 7.5379724e-03    4.8211188e+00
 7.4492603e-03    4.8357397e+00
 7.3609431e-03    4.8503607e+00
 7.2730175e-03    4.8649816e+00
 7.1854800e-03    4.8796026e+00
 7.0983270e-03    4.8942235e+00
 7.0115553e-03    4.9088444e+00
 6.9251614e-03    4.9234654e+00
 6.8391419e-03    4.9380863e+00
 6.7534936e-03    4.9527073e+00
 6.6682130e-03    4.9673282e+00
 6.5832970e-03    4.9819491e+00
 6.4987423e-03    4.9965701e+00
 6.4145456e-03    5.0111910e+00
 6.3307038e-03    5.0258120e+00
 6.2472137e-03    5.0404329e+00
 6.1640721e-03    5.0550538e+00
 6.0812759e-03    5.0696748e+00
 5.9988220e-03    5.0842957e+00
 5.9167073e-03    5.0989167e+00
 5.8349288e-03    5.1135376e+00
 5.7534834e-03    5.1281585e+00
 5.6723682e-03    5.1427795e+00
 5.5915802e-03    5.1574004e+00
 5.5111164e-03    5.1720214e+00
 5.4309738e-03    5.1866423e+00
 5.3511496e-03    5.2012632e+00
 5.2716409e-03    5.2158842e+00
 5.1924448e-03    5.2305051e+00
 5.1135584e-03    5.2451260e+00
 5.0349790e-03    5.2597470e+00
 4.9567037e-03    5.2743679e+00
 4.8787297e-03    5.2889889e+00
 4.8010544e-03    5.3036098e+00
 4.7236748e-03    5.3182307e+00
 4.6465884e-03    5.3328517e+00
 4.5697924e-03    5.3474726e+00
 4.4932842e-03    5.3620936e+00
 4.4170610e-03    5.3767145e+00
 4.3411203e-03    5.3913354e+00
 4.2654594e-03    5.4059564e+00
 4.1900757e-03    5.4205773e+00
 4.1149666e-03    5.4351983e+00
 4.0401296e-03    5.4498192e+00
 3.9655621e-03    5.4644401e+00
 3.8912616e-03    5.4790611e+00
 3.8172256e-03    5.4936820e+00
 3.7434515e-03    5.5083030e+00
 3.6699370e-03    5.5229239e+00
 3.5966795e-03    5.5375448e+00
 3.5236766e-03    5.5521658e+00
 3.4509259e-03    5.5667867e+00
 3.3784250e-03    5.5814077e+00
 3.3061714e-03    5.5960286e+00
 3.2341628e-03    5.6106495e+00
 3.1623969e-03    5.6252705e+00
 3.0908713e-03    5.6398914e+00
 3.0195837e-03    5.6545123e+00
 2.9485318e-03    5.6691333e+00
 2.8777132e-03    5.6837542e+00
 2.8071258e-03    5.6983752e+00
 2.7367671e-03    5.7129961e+00
 2.6666351e-03    5.7276170e+00
 2.5967274e-03    5.7422380e+00
 2.5270418e-03    5.7568589e+00
 2.4575762e-03    5.7714799e+00
 2.3883283e-03    5.7861008e+00
 2.3192959e-03    5.8007217e+00
 2.2504770e-03    5.8153427e+00
 2.1818693e-03    5.8299636e+00
 2.1134707e-03    5.8445846e+00
 2.0452791e-03    5.8592055e+00
 1.9772924e-03    5.8738264e+00
 1.9095086e-03    5.8884474e+00
 1.8419254e-03    5.9030683e+00
 1.7745409e-03    5.9176893e+00
 1.7073529e-03    5.9323102e+00
 1.6403596e-03    5.9469311e+00
 1.5735587e-03    5.9615521e+00
 1.5069484e-03    5.9761730e+00
 1.4405266e-03    5.9907940e+00
 1.3742913e-03    6.0054149e+00
 1.3082406e-03    6.0200358e+00
 1.2423724e-03    6.0346568e+00
 1.1766848e-03    6.0492777e+00
 1.1111759e-03    6.0638986e+00
 1.0458438e-03    6.0785196e+00
 9.8068649e-04    6.0931405e+00
 9.1570210e-04    6.1077615e+00
 8.5088872e-04    6.1223824e+00
 7.8624448e-04    6.1370033e+00
 7.2176751e-04    6.1516243e+00
 6.5745592e-04    6.1662452e+00
 5.9330788e-04    6.1808662e+00
 5.2932155e-04    6.1954871e+00
 4.6549508e-04    6.2101080e+00
 4.0182667e-04    6.2247290e+00
 3.3831449e-04    6.2393499e+00
 2.7495675e-04    6.2539709e+00
 2.1175166e-04    6.2685918e+00
 1.4869744e-04    6.2832127e+00
 8.5792321e-05    6.2978337e+00
 2.3034537e-05    6.3124546e+00
-3.9577659e-05    6.3270756e+00
-1.0204601e-04    6.3416965e+00
-1.6437224e-04    6.3563174e+00
-2.2655808e-04    6.3709384e+00
-2.8860523e-04    6.3855593e+00
-3.5051541e-04    6.4001803e+00
-4.1229030e-04    6.4148012e+00
-4.7393160e-04    6.4294221e+00
-5.3544097e-04    6.4440431e+00
-5.9682008e-04    6.4586640e+00
-6.5807059e-04    6.4732849e+00
-7.1919416e-04    6.4879059e+00
-7.8019242e-04    6.5025268e+00
-8.4106700e-04    6.5171478e+00
-9.0181953e-04    6.5317687e+00
-9.6245163e-04    6.5463896e+00
-1.0229649e-03    6.5610106e+00
-1.0833609e-03    6.5756315e+00
-1.1436413e-03    6.5902525e+00
-1.2038077e-03    6.6048734e+00
-1.2638616e-03    6.6194943e+00
-1.3238045e-03    6.6341153e+00
-1.3836381e-03    6.6487362e+00
-1.4433640e-03    6.6633572e+00
-1.5029835e-03    6.6779781e+00
-1.5624984e-03    6.6925990e+00
-1.6219100e-03    6.7072200e+00
-1.6812200e-03    6.7218409e+00
-1.7404299e-03    6.7364619e+00
-1.7995411e-03    6.7510828e+00
-1.8585551e-03    6.7657037e+00
-1.9174736e-03    6.7803247e+00
-1.9762978e-03    6.7949456e+00
-2.0350294e-03    6.8095666e+00
-2.0936698e-03    6.8241875e+00
-2.1522204e-03    6.8388084e+00
-2.2106828e-03    6.8534294e+00
-2.2690584e-03    6.8680503e+00
-2.3273485e-03    6.8826712e+00
-2.3855548e-03    6.8972922e+00
-2.4436785e-03    6.9119131e+00
-2.5017211e-03    6.9265341e+00
-2.5596841e-03    6.9411550e+00
-2.6175689e-03    6.9557759e+00
-2.6753768e-03    6.9703969e+00
-2.7331093e-03    6.9850178e+00
-2.7907678e-03    6.9996388e+00
-2.8483537e-03    7.0142597e+00
-2.9058683e-03    7.0288806e+00
-2.9633130e-03    7.0435016e+00
-3.0206892e-03    7.0581225e+00
-3.0779983e-03    7.0727435e+00
-3.1352417e-03    7.0873644e+00
-3.1924206e-03    7.1019853e+00
-3.2495365e-03    7.1166063e+00
-3.3065907e-03    7.1312272e+00
-3.3635845e-03    7.1458482e+00
-3.4205192e-03    7.1604691e+00
-3.4773963e-03    7.1750900e+00
-3.5342170e-03    7.1897110e+00
-3.5909827e-03    7.2043319e+00
-3.6476946e-03    7.2189529e+00
-3.7043541e-03    7.2335738e+00
-3.7609624e-03    7.2481947e+00
-3.8175210e-03    7.2628157e+00
-3.8740310e-03    7.2774366e+00
-3.9304938e-03    7.2920575e+00
-3.9869106e-03    7.3066785e+00
-4.0432828e-03    7.3212994e+00
-4.0996115e-03    7.3359204e+00
-4.1558982e-03    7.3505413e+00
-4.2121440e-03    7.3651622e+00
-4.2683503e-03    7.3797832e+00
-4.3245182e-03    7.3944041e+00
-4.3806491e-03    7.4090251e+00
-4.4367441e-03    7.4236460e+00
-4.4928046e-03    7.4382669e+00
-4.5488317e-03    7.4528879e+00
-4.6048268e-03    7.4675088e+00
-4.6607910e-03    7.4821298e+00
-4.7167255e-03    7.4967507e+00
-4.7726317e-03    7.5113716e+00
-4.8285107e-03    7.5259926e+00
-4.8843638e-03    7.5406135e+00
-4.9401921e-03    7.5552345e+00
-4.9959968e-03    7.5698554e+00
-5.0517793e-03    7.5844763e+00
-5.1075406e-03    7.5990973e+00
-5.1632820e-03    7.6137182e+00
-5.2190047e-03    7.6283392e+00
-5.2747099e-03    7.6429601e+00
-5.3303987e-03    7.6575810e+00
-5.3860724e-03    7.6722020e+00
-5.4417321e-03    7.6868229e+00
-5.4973790e-03    7.7014438e+00
-5.5530143e-03    7.7160648e+00
-5.6086391e-03    7.7306857e+00
-5.6642547e-03    7.7453067e+00
-5.7198621e-03    7.7599276e+00
-5.7754626e-03    7.7745485e+00
-5.8310573e-03    7.7891695e+00
-5.8866474e-03    7.8037904e+00
-5.9422340e-03    7.8184114e+00
-5.9978183e-03    7.8330323e+00
-6.0534014e-03    7.8476532e+00
-6.1089845e-03    7.8622742e+00
-6.1645687e-03    7.8768951e+00
-6.2201551e-03    7.8915161e+00
-6.2757450e-03    7.9061370e+00
-6.3313393e-03    7.9207579e+00
-6.3869393e-03    7.9353789e+00
-6.4425461e-03    7.9499998e+00
-6.4981608e-03    7.9646208e+00
-6.5537845e-03    7.9792417e+00
-6.6094183e-03    7.9938626e+00
-6.6650635e-03    8.0084836e+00
-6.7207210e-03    8.0231045e+00
-6.7763920e-03    8.0377255e+00
-6.8320776e-03    8.0523464e+00
-6.8877789e-03    8.0669673e+00
-6.9434971e-03    8.0815883e+00
-6.9992332e-03    8.0962092e+00
-7.0549883e-03    8.1108301e+00
-7.1107635e-03    8.1254511e+00
-7.1665600e-03    8.1400720e+00
-7.2223788e-03    8.1546930e+00
-7.2782210e-03    8.1693139e+00
-7.3340877e-03    8.1839348e+00
-7.3899800e-03    8.1985558e+00
-7.4458990e-03    8.2131767e+00
-7.5018458e-03    8.2277977e+00
-7.5578214e-03    8.2424186e+00
-7.6138270e-03    8.2570395e+00
-7.6698635e-03    8.2716605e+00
-7.7259322e-03    8.2862814e+00
-7.7820340e-03    8.3009024e+00
-7.8381701e-03    8.3155233e+00
-7.8943414e-03    8.3301442e+00
-7.9505492e-03    8.3447652e+00
-8.0067944e-03    8.3593861e+00
-8.0630782e-03    8.3740071e+00
-8.1194015e-03    8.3886280e+00
-8.1757655e-03    8.4032489e+00
-8.2321712e-03    8.4178699e+00
-8.2886197e-03    8.4324908e+00
-8.3451120e-03    8.4471118e+00
-8.4016492e-03    8.4617327e+00
-8.4582324e-03    8.4763536e+00
-8.5148626e-03    8.4909746e+00
-8.5715408e-03    8.5055955e+00
-8.6282682e-03    8.5202164e+00
-8.6850457e-03    8.5348374e+00
-8.7418745e-03    8.5494583e+00
-8.7987555e-03    8.5640793e+00
-8.8556899e-03    8.5787002e+00
-8.9126786e-03    8.5933211e+00
-8.9697227e-03    8.6079421e+00
-9.0268233e-03    8.6225630e+00
-9.0839815e-03    8.6371840e+00
-9.1411981e-03    8.6518049e+00
-9.1984744e-03    8.6664258e+00
-9.2558112e-03    8.6810468e+00
-9.3132098e-03    8.6956677e+00
-9.3706710e-03    8.7102887e+00
-9.4281960e-03    8.7249096e+00
-9.4857858e-03    8.7395305e+00
-9.5434415e-03    8.7541515e+00
-9.6011640e-03    8.7687724e+00
-9.6589543e-03    8.7833934e+00
-9.7168136e-03    8.7980143e+00
-9.7747429e-03    8.8126352e+00
-9.8327432e-03    8.8272562e+00
-9.8908155e-03    8.8418771e+00
-9.9489609e-03    8.8564981e+00
-1.0007180e-02    8.8711190e+00
-1.0065475e-02    8.8857399e+00
-1.0123846e-02    8.9003609e+00
-1.0182294e-02    8.9149818e+00
-1.0240820e-02    8.9296027e+00
-1.0299425e-02    8.9442237e+00
-1.0358111e-02    8.9588446e+00
-1.0416878e-02    8.9734656e+00
-1.0475727e-02    8.9880865e+00
-1.0534660e-02    9.0027074e+00
-1.0593677e-02    9.0173284e+00
-1.0652779e-02    9.0319493e+00
-1.0711968e-02    9.0465703e+00
-1.0771245e-02    9.0611912e+00
-1.0830610e-02    9.0758121e+00
-1.0890064e-02    9.0904331e+00
-1.0949609e-02    9.1050540e+00
-1.1009245e-02    9.1196750e+00
-1.1068974e-02    9.1342959e+00
-1.1128797e-02    9.1489168e+00
-1.1188714e-02    9.1635378e+00
-1.1248728e-02    9.1781587e+00
-1.1308837e-02    9.1927797e+00
-1.1369045e-02    9.2074006e+00
-1.1429351e-02    9.2220215e+00
-1.1489757e-02    9.2366425e+00
-1.1550264e-02    9.2512634e+00
-1.1610872e-02    9.2658844e+00
-1.1671584e-02    9.2805053e+00
-1.1732399e-02    9.2951262e+00
-1.1793319e-02    9.3097472e+00
-1.1854345e-02    9.3243681e+00
-1.1915479e-02    9.3389890e+00
-1.1976720e-02    9.3536100e+00
-1.2038070e-02    9.3682309e+00
-1.2099530e-02    9.3828519e+00
-1.2161101e-02    9.3974728e+00
-1.2222785e-02    9.4120937e+00
-1.2284581e-02    9.4267147e+00
-1.2346492e-02    9.4413356e+00
-1.2408518e-02    9.4559566e+00
-1.2470660e-02    9.4705775e+00
-1.2532919e-02    9.4851984e+00
-1.2595296e-02    9.4998194e+00
-1.2657793e-02    9.5144403e+00
-1.2720410e-02    9.5290613e+00
-1.2783149e-02    9.5436822e+00
-1.2846010e-02    9.5583031e+00
-1.2908994e-02    9.5729241e+00
-1.2972103e-02    9.5875450e+00
-1.3035338e-02    9.6021660e+00
-1.3098699e-02    9.6167869e+00
-1.3162187e-02    9.6314078e+00
-1.3225805e-02    9.6460288e+00
-1.3289551e-02    9.6606497e+00
-1.3353429e-02    9.6752707e+00
-1.3417438e-02    9.6898916e+00
-1.3481580e-02    9.7045125e+00
-1.3545856e-02    9.7191335e+00
-1.3610267e-02    9.7337544e+00
-1.3674814e-02    9.7483753e+00
-1.3739497e-02    9.7629963e+00
-1.3804319e-02    9.7776172e+00
-1.3869280e-02    9.7922382e+00
-1.3934380e-02    9.8068591e+00
-1.3999622e-02    9.8214800e+00
-1.4065007e-02    9.8361010e+00
-1.4130534e-02    9.8507219e+00
-1.4196206e-02    9.8653429e+00
-1.4262023e-02    9.8799638e+00
-1.4327986e-02    9.8945847e+00
-1.4394097e-02    9.9092057e+00
-1.4460356e-02    9.9238266e+00
-1.4526765e-02    9.9384476e+00
-1.4593325e-02    9.9530685e+00
-1.4660036e-02    9.9676894e+00
-1.4726900e-02    9.9823104e+00
-1.4793918e-02    9.9969313e+00
-1.4861091e-02    1.0011552e+01
-1.4928419e-02    1.0026173e+01
-1.4995905e-02    1.0040794e+01
-1.5063549e-02    1.0055415e+01
-1.5131352e-02    1.0070036e+01
-1.5199315e-02    1.0084657e+01
-1.5267439e-02    1.0099278e+01
-1.5335726e-02    1.0113899e+01
-1.5404176e-02    1.0128520e+01
-1.5472791e-02    1.0143141e+01
-1.5541572e-02    1.0157762e+01
-1.5610519e-02    1.0172383e+01
-1.5679633e-02    1.0187004e+01
-1.5748917e-02    1.0201624e+01
-1.5818370e-02    1.0216245e+01
-1.5887995e-02    1.0230866e+01
-1.5957792e-02    1.0245487e+01
-1.6027761e-02    1.0260108e+01
-1.6097906e-02    1.0274729e+01
-1.6168225e-02    1.0289350e+01
-1.6238721e-02    1.0303971e+01
-1.6309394e-02    1.0318592e+01
-1.6380247e-02    1.0333213e+01
-1.6451278e-02    1.0347834e+01
-1.6522491e-02    1.0362455e+01
-1.6593886e-02    1.0377076e+01
-1.6665464e-02    1.0391697e+01
-1.6737226e-02    1.0406318e+01
-1.6809173e-02    1.0420939e+01
-1.6881307e-02    1.0435559e+01
-1.6953628e-02    1.0450180e+01
-1.7026138e-02    1.0464801e+01
-1.7098837e-02    1.0479422e+01
-1.7171728e-02    1.0494043e+01
-1.7244810e-02    1.0508664e+01
-1.7318086e-02    1.0523285e+01
-1.7391555e-02    1.0537906e+01
-1.7465220e-02    1.0552527e+01
-1.7539082e-02    1.0567148e+01
-1.7613141e-02    1.0581769e+01
-1.7687399e-02    1.0596390e+01
-1.7761857e-02    1.0611011e+01
-1.7836516e-02    1.0625632e+01
-1.7911377e-02    1.0640253e+01
-1.7986442e-02    1.0654874e+01
-1.8061711e-02    1.0669495e+01
-1.8137185e-02    1.0684115e+01
-1.8212866e-02    1.0698736e+01
-1.8288755e-02    1.0713357e+01
-1.8364854e-02    1.0727978e+01
-1.8441162e-02    1.0742599e+01
-1.8517682e-02    1.0757220e+01
-1.8594414e-02    1.0771841e+01
-1.8671361e-02    1.0786462e+01
-1.8748522e-02    1.0801083e+01
-1.8825899e-02    1.0815704e+01
-1.8903493e-02    1.0830325e+01
-1.8981305e-02    1.0844946e+01
-1.9059338e-02    1.0859567e+01
-1.9137591e-02    1.0874188e+01
-1.9216066e-02    1.0888809e+01
-1.9294764e-02    1.0903430e+01
-1.9373686e-02    1.0918050e+01
-1.9452834e-02    1.0932671e+01
-1.9532208e-02    1.0947292e+01
-1.9611811e-02    1.0961913e+01
-1.9691642e-02    1.0976534e+01
-1.9771704e-02    1.0991155e+01
-1.9851997e-02    1.1005776e+01
-1.9932523e-02    1.1020397e+01
-2.0013283e-02    1.1035018e+01
-2.0094278e-02    1.1049639e+01
-2.0175509e-02    1.1064260e+01
-2.0256978e-02    1.1078881e+01
-2.0338686e-02    1.1093502e+01
-2.0420633e-02    1.1108123e+01
-2.0502822e-02    1.1122744e+01
-2.0585253e-02    1.1137365e+01
-2.0667928e-02    1.1151986e+01
-2.0750848e-02    1.1166606e+01
-2.0834014e-02    1.1181227e+01
-2.0917428e-02    1.1195848e+01
-2.1001090e-02    1.1210469e+01
-2.1085002e-02    1.1225090e+01
-2.1169165e-02    1.1239711e+01
-2.1253580e-02    1.1254332e+01
-2.1338250e-02    1.1268953e+01
-2.1423174e-02    1.1283574e+01
-2.1508354e-02    1.1298195e+01
-2.1593792e-02    1.1312816e+01
-2.1679488e-02    1.1327437e+01
-2.1765445e-02    1.1342058e+01
-2.1851662e-02    1.1356679e+01
-2.1938143e-02    1.1371300e+01
-2.2024887e-02    1.1385921e+01
-2.2111896e-02    1.1400541e+01
-2.2199171e-02    1.1415162e+01
-2.2286715e-02    1.1429783e+01
-2.2374527e-02    1.1444404e+01
-2.2462610e-02    1.1459025e+01
-2.2550964e-02    1.1473646e+01
-2.2639591e-02    1.1488267e+01
-2.2728492e-02    1.1502888e+01
-2.2817669e-02    1.1517509e+01
-2.2907123e-02    1.1532130e+01
-2.2996855e-02    1.1546751e+01
-2.3086867e-02    1.1561372e+01
-2.3177159e-02    1.1575993e+01
-2.3267733e-02    1.1590614e+01
-2.3358591e-02    1.1605235e+01
-2.3449734e-02    1.1619856e+01
-2.3541163e-02    1.1634477e+01
-2.3632880e-02    1.1649097e+01
-2.3724885e-02    1.1663718e+01
-2.3817181e-02    1.1678339e+01
-2.3909768e-02    1.1692960e+01
-2.4002648e-02    1.1707581e+01
-2.4095823e-02    1.1722202e+01
-2.4189293e-02    1.1736823e+01
-2.4283060e-02    1.1751444e+01
-2.4377126e-02    1.1766065e+01
-2.4471492e-02    1.1780686e+01
-2.4566159e-02    1.1795307e+01
-2.4661128e-02    1.1809928e+01
-2.4756402e-02    1.1824549e+01
-2.4851980e-02    1.1839170e+01
-2.4947866e-02    1.1853791e+01
-2.5044060e-02    1.1868412e+01
-2.5140564e-02    1.1883032e+01
-2.5237378e-02    1.1897653e+01
-2.5334505e-02    1.1912274e+01
-2.5431946e-02    1.1926895e+01
-2.5529702e-02    1.1941516e+01
-2.5627775e-02    1.1956137e+01
-2.5726167e-02    1.1970758e+01
-2.5824877e-02    1.1985379e+01
-2.5923909e-02    1.2000000e+01
 0.0000000e+00    1.2050125e+01
 0.0000000e+00    1.2100251e+01
 0.0000000e+00    1.2150376e+01
 0.0000000e+00    1.2200501e+01
 0.0000000e+00    1.2250627e+01
 0.0000000e+00    1.2300752e+01
 0.0000000e+00    1.2350877e+01
 0.0000000e+00    1.2401003e+01
 0.0000000e+00    1.2451128e+01
 0.0000000e+00    1.2501253e+01
 0.0000000e+00    1.2551378e+01
 0.0000000e+00    1.2601504e+01
 0.0000000e+00    1.2651629e+01
 0.0000000e+00    1.2701754e+01
 0.0000000e+00    1.2751880e+01
 0.0000000e+00    1.2802005e+01
 0.0000000e+00    1.2852130e+01
 0.0000000e+00    1.2902256e+01
 0.0000000e+00    1.2952381e+01
 0.0000000e+00    1.3002506e+01
 0.0000000e+00    1.3052632e+01
 0.0000000e+00    1.3102757e+01
 0.0000000e+00    1.3152882e+01
 0.0000000e+00    1.3203008e+01
 0.0000000e+00    1.3253133e+01
 0.0000000e+00    1.3303258e+01
 0.0000000e+00    1.3353383e+01
 0.0000000e+00    1.3403509e+01
 0.0000000e+00    1.3453634e+01
 0.0000000e+00    1.3503759e+01
 0.0000000e+00    1.3553885e+01
 0.0000000e+00    1.3604010e+01
 0.0000000e+00    1.3654135e+01
 0.0000000e+00    1.3704261e+01
 0.0000000e+00    1.3754386e+01
 0.0000000e+00    1.3804511e+01
 0.0000000e+00    1.3854637e+01
 0.0000000e+00    1.3904762e+01
 0.0000000e+00    1.3954887e+01
 0.0000000e+00    1.4005013e+01
 0.0000000e+00    1.4055138e+01
 0.0000000e+00    1.4105263e+01
 0.0000000e+00    1.4155388e+01
 0.0000000e+00    1.4205514e+01
 0.0000000e+00    1.4255639e+01
 0.0000000e+00    1.4305764e+01
 0.0000000e+00    1.4355890e+01
 0.0000000e+00    1.4406015e+01
 0.0000000e+00    1.4456140e+01
 0.0000000e+00    1.4506266e+01
 0.0000000e+00    1.4556391e+01
 0.0000000e+00    1.4606516e+01
 0.0000000e+00    1.4656642e+01
 0.0000000e+00    1.4706767e+01
 0.0000000e+00    1.4756892e+01
 0.0000000e+00    1.4807018e+01
 0.0000000e+00    1.4857143e+01
 0.0000000e+00    1.4907268e+01
 0.0000000e+00    1.4957393e+01
 0.0000000e+00    1.5007519e+01
 0.0000000e+00    1.5057644e+01
 0.0000000e+00    1.5107769e+01
 0.0000000e+00    1.5157895e+01
 0.0000000e+00    1.5208020e+01
 0.0000000e+00    1.5258145e+01
 0.0000000e+00    1.5308271e+01
 0.0000000e+00    1.5358396e+01
 0.0000000e+00    1.5408521e+01
 0.0000000e+00    1.5458647e+01
 0.0000000e+00    1.5508772e+01
 0.0000000e+00    1.5558897e+01
 0.0000000e+00    1.5609023e+01
 0.0000000e+00    1.5659148e+01
 0.0000000e+00    1.5709273e+01
 0.0000000e+00    1.5759398e+01
 0.0000000e+00    1.5809524e+01
 0.0000000e+00    1.5859649e+01
 0.0000000e+00    1.5909774e+01
 0.0000000e+00    1.5959900e+01
 0.0000000e+00    1.6010025e+01
 0.0000000e+00    1.6060150e+01
 0.0000000e+00    1.6110276e+01
 0.0000000e+00    1.6160401e+01
 0.0000000e+00    1.6210526e+01
 0.0000000e+00    1.6260652e+01
 0.0000000e+00    1.6310777e+01
 0.0000000e+00    1.6360902e+01
 0.0000000e+00    1.6411028e+01
 0.0000000e+00    1.6461153e+01
 0.0000000e+00    1.6511278e+01
 0.0000000e+00    1.6561404e+01
 0.0000000e+00    1.6611529e+01
 0.0000000e+00    1.6661654e+01
 0.0000000e+00    1.6711779e+01
 0.0000000e+00    1.6761905e+01
 0.0000000e+00    1.6812030e+01
 0.0000000e+00    1.6862155e+01
 0.0000000e+00    1.6912281e+01
 0.0000000e+00    1.6962406e+01
 0.0000000e+00    1.7012531e+01
 0.0000000e+00    1.7062657e+01
 0.0000000e+00    1.7112782e+01
 0.0000000e+00    1.7162907e+01
 0.0000000e+00    1.7213033e+01
 0.0000000e+00    1.7263158e+01
 0.0000000e+00    1.7313283e+01
 0.0000000e+00    1.7363409e+01
 0.0000000e+00    1.7413534e+01
 0.0000000e+00    1.7463659e+01
 0.0000000e+00    1.7513784e+01
 0.0000000e+00    1.7563910e+01
 0.0000000e+00    1.7614035e+01
 0.0000000e+00    1.7664160e+01
 0.0000000e+00    1.7714286e+01
 0.0000000e+00    1.7764411e+01
 0.0000000e+00    1.7814536e+01
 0.0000000e+00    1.7864662e+01
 0.0000000e+00    1.7914787e+01
 0.0000000e+00    1.7964912e+01
 0.0000000e+00    1.8015038e+01
 0.0000000e+00    1.8065163e+01
 0.0000000e+00    1.8115288e+01
 0.0000000e+00    1.8165414e+01
 0.0000000e+00    1.8215539e+01
 0.0000000e+00    1.8265664e+01
 0.0000000e+00    1.8315789e+01
 0.0000000e+00    1.8365915e+01
 0.0000000e+00    1.8416040e+01
 0.0000000e+00    1.8466165e+01
 0.0000000e+00    1.8516291e+01
 0.0000000e+00    1.8566416e+01
 0.0000000e+00    1.8616541e+01
 0.0000000e+00    1.8666667e+01
 0.0000000e+00    1.8716792e+01
 0.0000000e+00    1.8766917e+01
 0.0000000e+00    1.8817043e+01
 0.0000000e+00    1.8867168e+01
 0.0000000e+00    1.8917293e+01
 0.0000000e+00    1.8967419e+01
 0.0000000e+00    1.9017544e+01
 0.0000000e+00    1.9067669e+01
 0.0000000e+00    1.9117794e+01
 0.0000000e+00    1.9167920e+01
 0.0000000e+00    1.9218045e+01
 0.0000000e+00    1.9268170e+01
 0.0000000e+00    1.9318296e+01
 0.0000000e+00    1.9368421e+01
 0.0000000e+00    1.9418546e+01
 0.0000000e+00    1.9468672e+01
 0.0000000e+00    1.9518797e+01
 0.0000000e+00    1.9568922e+01
 0.0000000e+00    1.9619048e+01
 0.0000000e+00    1.9669173e+01
 0.0000000e+00    1.9719298e+01
 0.0000000e+00    1.9769424e+01
 0.0000000e+00    1.9819549e+01
 0.0000000e+00    1.9869674e+01
 0.0000000e+00    1.9919799e+01
 0.0000000e+00    1.9969925e+01
 0.0000000e+00    2.0020050e+01
 0.0000000e+00    2.0070175e+01
 0.0000000e+00    2.0120301e+01
 0.0000000e+00    2.0170426e+01
 0.0000000e+00    2.0220551e+01
 0.0000000e+00    2.0270677e+01
 0.0000000e+00    2.0320802e+01
 0.0000000e+00    2.0370927e+01
 0.0000000e+00    2.0421053e+01
 0.0000000e+00    2.0471178e+01
 0.0000000e+00    2.0521303e+01
 0.0000000e+00    2.0571429e+01
 0.0000000e+00    2.0621554e+01
 0.0000000e+00    2.0671679e+01
 0.0000000e+00    2.0721805e+01
 0.0000000e+00    2.0771930e+01
 0.0000000e+00    2.0822055e+01
 0.0000000e+00    2.0872180e+01
 0.0000000e+00    2.0922306e+01
 0.0000000e+00    2.0972431e+01
 0.0000000e+00    2.1022556e+01
 0.0000000e+00    2.1072682e+01
 0.0000000e+00    2.1122807e+01
 0.0000000e+00    2.1172932e+01
 0.0000000e+00    2.1223058e+01
 0.0000000e+00    2.1273183e+01
 0.0000000e+00    2.1323308e+01
 0.0000000e+00    2.1373434e+01
 0.0000000e+00    2.1423559e+01
 0.0000000e+00    2.1473684e+01
 0.0000000e+00    2.1523810e+01
 0.0000000e+00    2.1573935e+01
 0.0000000e+00    2.1624060e+01
 0.0000000e+00    2.1674185e+01
 0.0000000e+00    2.1724311e+01
 0.0000000e+00    2.1774436e+01
 0.0000000e+00    2.1824561e+01
 0.0000000e+00    2.1874687e+01
 0.0000000e+00    2.1924812e+01
 0.0000000e+00    2.1974937e+01
 0.0000000e+00    2.2025063e+01
 0.0000000e+00    2.2075188e+01
 0.0000000e+00    2.2125313e+01
 0.0000000e+00    2.2175439e+01
 0.0000000e+00    2.2225564e+01
 0.0000000e+00    2.2275689e+01
 0.0000000e+00    2.2325815e+01
 0.0000000e+00    2.2375940e+01
 0.0000000e+00    2.2426065e+01
 0.0000000e+00    2.2476190e+01
 0.0000000e+00    2.2526316e+01
 0.0000000e+00    2.2576441e+01
 0.0000000e+00    2.2626566e+01
 0.0000000e+00    2.2676692e+01
 0.0000000e+00    2.2726817e+01
 0.0000000e+00    2.2776942e+01
 0.0000000e+00    2.2827068e+01
 0.0000000e+00    2.2877193e+01
 0.0000000e+00    2.2927318e+01
 0.0000000e+00    2.2977444e+01
 0.0000000e+00    2.3027569e+01
 0.0000000e+00    2.3077694e+01
 0.0000000e+00    2.3127820e+01
 0.0000000e+00    2.3177945e+01
 0.0000000e+00    2.3228070e+01
 0.0000000e+00    2.3278195e+01
 0.0000000e+00    2.3328321e+01
 0.0000000e+00    2.3378446e+01
 0.0000000e+00    2.3428571e+01
 0.0000000e+00    2.3478697e+01
 0.0000000e+00    2.3528822e+01
 0.0000000e+00    2.3578947e+01
 0.0000000e+00    2.3629073e+01
 0.0000000e+00    2.3679198e+01
 0.0000000e+00    2.3729323e+01
 0.0000000e+00    2.3779449e+01
 0.0000000e+00    2.3829574e+01
 0.0000000e+00    2.3879699e+01
 0.0000000e+00    2.3929825e+01
 0.0000000e+00    2.3979950e+01
 0.0000000e+00    2.4030075e+01
 0.0000000e+00    2.4080201e+01
 0.0000000e+00    2.4130326e+01
 0.0000000e+00    2.4180451e+01
 0.0000000e+00    2.4230576e+01
 0.0000000e+00    2.4280702e+01
 0.0000000e+00    2.4330827e+01
 0.0000000e+00    2.4380952e+01
 0.0000000e+00    2.4431078e+01
 0.0000000e+00    2.4481203e+01
 0.0000000e+00    2.4531328e+01
 0.0000000e+00    2.4581454e+01
 0.0000000e+00    2.4631579e+01
 0.0000000e+00    2.4681704e+01
 0.0000000e+00    2.4731830e+01
 0.0000000e+00    2.4781955e+01
 0.0000000e+00    2.4832080e+01
 0.0000000e+00    2.4882206e+01
 0.0000000e+00    2.4932331e+01
 0.0000000e+00    2.4982456e+01
 0.0000000e+00    2.5032581e+01
 0.0000000e+00    2.5082707e+01
 0.0000000e+00    2.5132832e+01
 0.0000000e+00    2.5182957e+01
 0.0000000e+00    2.5233083e+01
 0.0000000e+00    2.5283208e+01
 0.0000000e+00    2.5333333e+01
 0.0000000e+00    2.5383459e+01
 0.0000000e+00    2.5433584e+01
 0.0000000e+00    2.5483709e+01
 0.0000000e+00    2.5533835e+01
 0.0000000e+00    2.5583960e+01
 0.0000000e+00    2.5634085e+01
 0.0000000e+00    2.5684211e+01
 0.0000000e+00    2.5734336e+01
 0.0000000e+00    2.5784461e+01
 0.0000000e+00    2.5834586e+01
 0.0000000e+00    2.5884712e+01
 0.0000000e+00    2.5934837e+01
 0.0000000e+00    2.5984962e+01
 0.0000000e+00    2.6035088e+01
 0.0000000e+00    2.6085213e+01
 0.0000000e+00    2.6135338e+01
 0.0000000e+00    2.6185464e+01
 0.0000000e+00    2.6235589e+01
 0.0000000e+00    2.6285714e+01
 0.0000000e+00    2.6335840e+01
 0.0000000e+00    2.6385965e+01
 0.0000000e+00    2.6436090e+01
 0.0000000e+00    2.6486216e+01
 0.0000000e+00    2.6536341e+01
 0.0000000e+00    2.6586466e+01
 0.0000000e+00    2.6636591e+01
 0.0000000e+00    2.6686717e+01
 0.0000000e+00    2.6736842e+01
 0.0000000e+00    2.6786967e+01
 0.0000000e+00    2.6837093e+01
 0.0000000e+00    2.6887218e+01
 0.0000000e+00    2.6937343e+01
 0.0000000e+00    2.6987469e+01
 0.0000000e+00    2.7037594e+01
 0.0000000e+00    2.7087719e+01
 0.0000000e+00    2.7137845e+01
 0.0000000e+00    2.7187970e+01
 0.0000000e+00    2.7238095e+01
 0.0000000e+00    2.7288221e+01
 0.0000000e+00    2.7338346e+01
 0.0000000e+00    2.7388471e+01
 0.0000000e+00    2.7438596e+01
 0.0000000e+00    2.7488722e+01
 0.0000000e+00    2.7538847e+01
 0.0000000e+00    2.7588972e+01
 0.0000000e+00    2.7639098e+01
 0.0000000e+00    2.7689223e+01
 0.0000000e+00    2.7739348e+01
 0.0000000e+00    2.7789474e+01
 0.0000000e+00    2.7839599e+01
 0.0000000e+00    2.7889724e+01
 0.0000000e+00    2.7939850e+01
 0.0000000e+00    2.7989975e+01
 0.0000000e+00    2.8040100e+01
 0.0000000e+00    2.8090226e+01
 0.0000000e+00    2.8140351e+01
 0.0000000e+00    2.8190476e+01
 0.0000000e+00    2.8240602e+01
 0.0000000e+00    2.8290727e+01
 0.0000000e+00    2.8340852e+01
 0.0000000e+00    2.8390977e+01
 0.0000000e+00    2.8441103e+01
 0.0000000e+00    2.8491228e+01
 0.0000000e+00    2.8541353e+01
 0.0000000e+00    2.8591479e+01
 0.0000000e+00    2.8641604e+01
 0.0000000e+00    2.8691729e+01
 0.0000000e+00    2.8741855e+01
 0.0000000e+00    2.8791980e+01
 0.0000000e+00    2.8842105e+01
 0.0000000e+00    2.8892231e+01
 0.0000000e+00    2.8942356e+01
 0.0000000e+00    2.8992481e+01
 0.0000000e+00    2.9042607e+01
 0.0000000e+00    2.9092732e+01
 0.0000000e+00    2.9142857e+01
 0.0000000e+00    2.9192982e+01
 0.0000000e+00    2.9243108e+01
 0.0000000e+00    2.9293233e+01
 0.0000000e+00    2.9343358e+01
 0.0000000e+00    2.9393484e+01
 0.0000000e+00    2.9443609e+01
 0.0000000e+00    2.9493734e+01
 0.0000000e+00    2.9543860e+01
 0.0000000e+00    2.9593985e+01
 0.0000000e+00    2.9644110e+01
 0.0000000e+00    2.9694236e+01
 0.0000000e+00    2.9744361e+01
 0.0000000e+00    2.9794486e+01
 0.0000000e+00    2.9844612e+01
 0.0000000e+00    2.9894737e+01
 0.0000000e+00    2.9944862e+01
 0.0000000e+00    2.9994987e+01
 0.0000000e+00    3.0045113e+01
 0.0000000e+00    3.0095238e+01
 0.0000000e+00    3.0145363e+01
 0.0000000e+00    3.0195489e+01
 0.0000000e+00    3.0245614e+01
 0.0000000e+00    3.0295739e+01
 0.0000000e+00    3.0345865e+01
 0.0000000e+00    3.0395990e+01
 0.0000000e+00    3.0446115e+01
 0.0000000e+00    3.0496241e+01
 0.0000000e+00    3.0546366e+01
 0.0000000e+00    3.0596491e+01
 0.0000000e+00    3.0646617e+01
 0.0000000e+00    3.0696742e+01
 0.0000000e+00    3.0746867e+01
 0.0000000e+00    3.0796992e+01
 0.0000000e+00    3.0847118e+01
 0.0000000e+00    3.0897243e+01
 0.0000000e+00    3.0947368e+01
 0.0000000e+00    3.0997494e+01
 0.0000000e+00    3.1047619e+01
 0.0000000e+00    3.1097744e+01
 0.0000000e+00    3.1147870e+01
 0.0000000e+00    3.1197995e+01
 0.0000000e+00    3.1248120e+01
 0.0000000e+00    3.1298246e+01
 0.0000000e+00    3.1348371e+01
 0.0000000e+00    3.1398496e+01
 0.0000000e+00    3.1448622e+01
 0.0000000e+00    3.1498747e+01
 0.0000000e+00    3.1548872e+01
 0.0000000e+00    3.1598997e+01
 0.0000000e+00    3.1649123e+01
 0.0000000e+00    3.1699248e+01
 0.0000000e+00    3.1749373e+01
 0.0000000e+00    3.1799499e+01
 0.0000000e+00    3.1849624e+01
 0.0000000e+00    3.1899749e+01
 0.0000000e+00    3.1949875e+01
 0.0000000e+00    3.2000000e+01
