-1.7061361e+00    1.0000000e-08
-1.7061325e+00    2.7172868e-03
-1.7061219e+00    5.4242222e-03
-1.7061041e+00    8.1311170e-03
-1.7060793e+00    1.0837952e-02
-1.7060473e+00    1.3544707e-02
-1.7060083e+00    1.6251362e-02
-1.7059622e+00    1.8957896e-02
-1.7059089e+00    2.1664288e-02
-1.7058486e+00    2.4370519e-02
-1.7057812e+00    2.7076570e-02
-1.7057067e+00    2.9782422e-02
-1.7056252e+00    3.2488053e-02
-1.7055365e+00    3.5193444e-02
-1.7054407e+00    3.7898573e-02
-1.7053379e+00    4.0603421e-02
-1.7052280e+00    4.3307967e-02
-1.7051110e+00    4.6012191e-02
-1.7049869e+00    4.8716074e-02
-1.7048557e+00    5.1419595e-02
-1.7047174e+00    5.4122736e-02
-1.7045721e+00    5.6825475e-02
-1.7044197e+00    5.9527795e-02
-1.7042602e+00    6.2229674e-02
-1.7040936e+00    6.4931091e-02
-1.7039200e+00    6.7632027e-02
-1.7037392e+00    7.0332462e-02
-1.7035514e+00    7.3032375e-02
-1.7033566e+00    7.5731746e-02
-1.7031546e+00    7.8430556e-02
-1.7029456e+00    8.1128784e-02
-1.7027296e+00    8.3826410e-02
-1.7025064e+00    8.6523414e-02
-1.7022762e+00    8.9219778e-02
-1.7020390e+00    9.1915480e-02
-1.7017947e+00    9.4610502e-02
-1.7015433e+00    9.7304823e-02
-1.7012849e+00    9.9998424e-02
-1.7010194e+00    1.0269128e-01
-1.7007469e+00    1.0538338e-01
-1.7004673e+00    1.0807470e-01
-1.7001807e+00    1.1076522e-01
-1.6998871e+00    1.1345491e-01
-1.6995864e+00    1.1614377e-01
-1.6992786e+00    1.1883176e-01
-1.6989639e+00    1.2151888e-01
-1.6986421e+00    1.2420509e-01
-1.6983132e+00    1.2689038e-01
-1.6979774e+00    1.2957474e-01
-1.6976345e+00    1.3225813e-01
-1.6972846e+00    1.3494054e-01
-1.6969277e+00    1.3762196e-01
-1.6965638e+00    1.4030235e-01
-1.6961928e+00    1.4298171e-01
-1.6958149e+00    1.4566001e-01
-1.6954299e+00    1.4833723e-01
-1.6950380e+00    1.5101335e-01
-1.6946390e+00    1.5368836e-01
-1.6942331e+00    1.5636222e-01
-1.6938201e+00    1.5903493e-01
-1.6934002e+00    1.6170646e-01
-1.6929733e+00    1.6437679e-01
-1.6925394e+00    1.6704591e-01
-1.6920985e+00    1.6971379e-01
-1.6916507e+00    1.7238041e-01
-1.6911959e+00    1.7504575e-01
-1.6907341e+00    1.7770981e-01
-1.6902654e+00    1.8037254e-01
-1.6897897e+00    1.8303394e-01
-1.6893070e+00    1.8569399e-01
-1.6888174e+00    1.8835266e-01
-1.6883209e+00    1.9100994e-01
-1.6878174e+00    1.9366581e-01
-1.6873070e+00    1.9632025e-01
-1.6867896e+00    1.9897323e-01
-1.6862653e+00    2.0162474e-01
-1.6857341e+00    2.0427476e-01
-1.6851960e+00    2.0692327e-01
-1.6846510e+00    2.0957025e-01
-1.6840990e+00    2.1221568e-01
-1.6835401e+00    2.1485953e-01
-1.6829744e+00    2.1750180e-01
-1.6824017e+00    2.2014247e-01
-1.6818222e+00    2.2278150e-01
-1.6812357e+00    2.2541889e-01
-1.6806424e+00    2.2805461e-01
-1.6800422e+00    2.3068865e-01
-1.6794352e+00    2.3332098e-01
-1.6788213e+00    2.3595159e-01
-1.6782005e+00    2.3858045e-01
-1.6775728e+00    2.4120755e-01
-1.6769383e+00    2.4383287e-01
-1.6762970e+00    2.4645639e-01
-1.6756488e+00    2.4907809e-01
-1.6749938e+00    2.5169795e-01
-1.6743320e+00    2.5431595e-01
-1.6736633e+00    2.5693207e-01
-1.6729878e+00    2.5954629e-01
-1.6723055e+00    2.6215860e-01
-1.6716164e+00    2.6476897e-01
-1.6709205e+00    2.6737739e-01
-1.6702178e+00    2.6998383e-01
-1.6695084e+00    2.7258828e-01
-1.6687921e+00    2.7519072e-01
-1.6680691e+00    2.7779112e-01
-1.6673392e+00    2.8038948e-01
-1.6666027e+00    2.8298577e-01
-1.6658593e+00    2.8557997e-01
-1.6651093e+00    2.8817206e-01
-1.6643524e+00    2.9076203e-01
-1.6635889e+00    2.9334986e-01
-1.6628186e+00    2.9593552e-01
-1.6620416e+00    2.9851900e-01
-1.6612578e+00    3.0110027e-01
-1.6604674e+00    3.0367933e-01
-1.6596702e+00    3.0625615e-01
-1.6588664e+00    3.0883071e-01
-1.6580558e+00    3.1140300e-01
-1.6572386e+00    3.1397299e-01
-1.6564147e+00    3.1654066e-01
-1.6555841e+00    3.1910601e-01
-1.6547468e+00    3.2166900e-01
-1.6539029e+00    3.2422962e-01
-1.6530524e+00    3.2678786e-01
-1.6521952e+00    3.2934368e-01
-1.6513313e+00    3.3189709e-01
-1.6504609e+00    3.3444805e-01
-1.6495838e+00    3.3699654e-01
-1.6487001e+00    3.3954256e-01
-1.6478098e+00    3.4208607e-01
-1.6469129e+00    3.4462707e-01
-1.6460094e+00    3.4716553e-01
-1.6450993e+00    3.4970144e-01
-1.6441826e+00    3.5223478e-01
-1.6432594e+00    3.5476552e-01
-1.6423296e+00    3.5729365e-01
-1.6413933e+00    3.5981916e-01
-1.6404504e+00    3.6234202e-01
-1.6395010e+00    3.6486221e-01
-1.6385450e+00    3.6737973e-01
-1.6375825e+00    3.6989454e-01
-1.6366135e+00    3.7240663e-01
-1.6356380e+00    3.7491598e-01
-1.6346561e+00    3.7742259e-01
-1.6336676e+00    3.7992641e-01
-1.6326726e+00    3.8242745e-01
-1.6316712e+00    3.8492567e-01
-1.6306633e+00    3.8742107e-01
-1.6296489e+00    3.8991363e-01
-1.6286282e+00    3.9240332e-01
-1.6276009e+00    3.9489013e-01
-1.6265673e+00    3.9737404e-01
-1.6255272e+00    3.9985503e-01
-1.6244807e+00    4.0233309e-01
-1.6234278e+00    4.0480820e-01
-1.6223685e+00    4.0728033e-01
-1.6213028e+00    4.0974948e-01
-1.6202307e+00    4.1221563e-01
-1.6191523e+00    4.1467874e-01
-1.6180675e+00    4.1713882e-01
-1.6169764e+00    4.1959584e-01
-1.6158789e+00    4.2204979e-01
-1.6147751e+00    4.2450064e-01
-1.6136650e+00    4.2694837e-01
-1.6125485e+00    4.2939298e-01
-1.6114258e+00    4.3183445e-01
-1.6102968e+00    4.3427275e-01
-1.6091614e+00    4.3670786e-01
-1.6080198e+00    4.3913978e-01
-1.6068720e+00    4.4156849e-01
-1.6057179e+00    4.4399396e-01
-1.6045575e+00    4.4641618e-01
-1.6033909e+00    4.4883513e-01
-1.6022180e+00    4.5125080e-01
-1.6010390e+00    4.5366317e-01
-1.5998537e+00    4.5607221e-01
-1.5986623e+00    4.5847793e-01
-1.5974646e+00    4.6088028e-01
-1.5962608e+00    4.6327927e-01
-1.5950508e+00    4.6567487e-01
-1.5938347e+00    4.6806706e-01
-1.5926124e+00    4.7045583e-01
-1.5913840e+00    4.7284117e-01
-1.5901494e+00    4.7522305e-01
-1.5889087e+00    4.7760146e-01
-1.5876619e+00    4.7997637e-01
-1.5864090e+00    4.8234779e-01
-1.5851501e+00    4.8471568e-01
-1.5838850e+00    4.8708003e-01
-1.5826139e+00    4.8944082e-01
-1.5813368e+00    4.9179804e-01
-1.5800536e+00    4.9415168e-01
-1.5787643e+00    4.9650170e-01
-1.5774691e+00    4.9884811e-01
-1.5761678e+00    5.0119088e-01
-1.5748605e+00    5.0352999e-01
-1.5735473e+00    5.0586542e-01
-1.5722280e+00    5.0819718e-01
-1.5709028e+00    5.1052522e-01
-1.5695716e+00    5.1284955e-01
-1.5682345e+00    5.1517013e-01
-1.5668915e+00    5.1748697e-01
-1.5655425e+00    5.1980003e-01
-1.5641876e+00    5.2210931e-01
-1.5628268e+00    5.2441479e-01
-1.5614601e+00    5.2671645e-01
-1.5600876e+00    5.2901427e-01
-1.5587091e+00    5.3130824e-01
-1.5573248e+00    5.3359835e-01
-1.5559347e+00    5.3588458e-01
-1.5545387e+00    5.3816690e-01
-1.5531370e+00    5.4044532e-01
-1.5517294e+00    5.4271980e-01
-1.5503160e+00    5.4499034e-01
-1.5488968e+00    5.4725691e-01
-1.5474718e+00    5.4951951e-01
-1.5460411e+00    5.5177811e-01
-1.5446046e+00    5.5403271e-01
-1.5431624e+00    5.5628328e-01
-1.5417144e+00    5.5852981e-01
-1.5402608e+00    5.6077229e-01
-1.5388014e+00    5.6301069e-01
-1.5373364e+00    5.6524501e-01
-1.5358656e+00    5.6747522e-01
-1.5343892e+00    5.6970132e-01
-1.5329071e+00    5.7192329e-01
-1.5314194e+00    5.7414111e-01
-1.5299261e+00    5.7635476e-01
-1.5284271e+00    5.7856423e-01
-1.5269226e+00    5.8076952e-01
-1.5254124e+00    5.8297059e-01
-1.5238966e+00    5.8516743e-01
-1.5223753e+00    5.8736004e-01
-1.5208485e+00    5.8954840e-01
-1.5193160e+00    5.9173248e-01
-1.5177781e+00    5.9391228e-01
-1.5162346e+00    5.9608778e-01
-1.5146856e+00    5.9825897e-01
-1.5131312e+00    6.0042583e-01
-1.5115712e+00    6.0258834e-01
-1.5100058e+00    6.0474649e-01
-1.5084349e+00    6.0690028e-01
-1.5068586e+00    6.0904967e-01
-1.5052768e+00    6.1119466e-01
-1.5036896e+00    6.1333523e-01
-1.5020970e+00    6.1547138e-01
-1.5004991e+00    6.1760307e-01
-1.4988957e+00    6.1973031e-01
-1.4972870e+00    6.2185306e-01
-1.4956729e+00    6.2397133e-01
-1.4940535e+00    6.2608510e-01
-1.4924288e+00    6.2819435e-01
-1.4907987e+00    6.3029906e-01
-1.4891634e+00    6.3239923e-01
-1.4875227e+00    6.3449483e-01
-1.4858768e+00    6.3658586e-01
-1.4842257e+00    6.3867231e-01
-1.4825692e+00    6.4075414e-01
-1.4809076e+00    6.4283136e-01
-1.4792407e+00    6.4490395e-01
-1.4775687e+00    6.4697190e-01
-1.4758914e+00    6.4903518e-01
-1.4742089e+00    6.5109379e-01
-1.4725213e+00    6.5314772e-01
-1.4708286e+00    6.5519694e-01
-1.4691307e+00    6.5724145e-01
-1.4674276e+00    6.5928123e-01
-1.4657195e+00    6.6131627e-01
-1.4640063e+00    6.6334656e-01
-1.4622880e+00    6.6537207e-01
-1.4605646e+00    6.6739281e-01
-1.4588362e+00    6.6940875e-01
-1.4571027e+00    6.7141987e-01
-1.4553642e+00    6.7342618e-01
-1.4536207e+00    6.7542765e-01
-1.4518722e+00    6.7742427e-01
-1.4501187e+00    6.7941603e-01
-1.4483602e+00    6.8140291e-01
-1.4465968e+00    6.8338491e-01
-1.4448284e+00    6.8536200e-01
-1.4430551e+00    6.8733418e-01
-1.4412769e+00    6.8930143e-01
-1.4394938e+00    6.9126374e-01
-1.4377058e+00    6.9322110e-01
-1.4359130e+00    6.9517348e-01
-1.4341153e+00    6.9712089e-01
-1.4323127e+00    6.9906331e-01
-1.4305053e+00    7.0100072e-01
-1.4286931e+00    7.0293312e-01
-1.4268761e+00    7.0486048e-01
-1.4250544e+00    7.0678280e-01
-1.4232278e+00    7.0870007e-01
-1.4213965e+00    7.1061227e-01
-1.4195605e+00    7.1251939e-01
-1.4177198e+00    7.1442141e-01
-1.4158743e+00    7.1631833e-01
-1.4140241e+00    7.1821013e-01
-1.4121693e+00    7.2009681e-01
-1.4103098e+00    7.2197834e-01
-1.4084456e+00    7.2385471e-01
-1.4065769e+00    7.2572592e-01
-1.4047034e+00    7.2759195e-01
-1.4028254e+00    7.2945279e-01
-1.4009428e+00    7.3130843e-01
-1.3990557e+00    7.3315885e-01
-1.3971639e+00    7.3500405e-01
-1.3952676e+00    7.3684401e-01
-1.3933668e+00    7.3867872e-01
-1.3914615e+00    7.4050817e-01
-1.3895517e+00    7.4233234e-01
-1.3876374e+00    7.4415123e-01
-1.3857186e+00    7.4596482e-01
-1.3837954e+00    7.4777310e-01
-1.3818677e+00    7.4957606e-01
-1.3799356e+00    7.5137370e-01
-1.3779991e+00    7.5316599e-01
-1.3760582e+00    7.5495292e-01
-1.3741130e+00    7.5673449e-01
-1.3721633e+00    7.5851068e-01
-1.3702094e+00    7.6028148e-01
-1.3682511e+00    7.6204689e-01
-1.3662884e+00    7.6380688e-01
-1.3643215e+00    7.6556146e-01
-1.3623503e+00    7.6731060e-01
-1.3603749e+00    7.6905429e-01
-1.3583952e+00    7.7079253e-01
-1.3564112e+00    7.7252531e-01
-1.3544230e+00    7.7425261e-01
-1.3524307e+00    7.7597442e-01
-1.3504341e+00    7.7769074e-01
-1.3484334e+00    7.7940155e-01
-1.3464285e+00    7.8110683e-01
-1.3444194e+00    7.8280659e-01
-1.3424063e+00    7.8450081e-01
-1.3403890e+00    7.8618947e-01
-1.3383676e+00    7.8787258e-01
-1.3363422e+00    7.8955011e-01
-1.3343127e+00    7.9122206e-01
-1.3322792e+00    7.9288842e-01
-1.3302416e+00    7.9454917e-01
-1.3282000e+00    7.9620432e-01
-1.3261544e+00    7.9785383e-01
-1.3241048e+00    7.9949772e-01
-1.3220513e+00    8.0113596e-01
-1.3199938e+00    8.0276855e-01
-1.3179324e+00    8.0439548e-01
-1.3158671e+00    8.0601673e-01
-1.3137979e+00    8.0763230e-01
-1.3117247e+00    8.0924217e-01
-1.3096478e+00    8.1084634e-01
-1.3075669e+00    8.1244481e-01
-1.3054823e+00    8.1403754e-01
-1.3033938e+00    8.1562455e-01
-1.3013015e+00    8.1720581e-01
-1.2992054e+00    8.1878133e-01
-1.2971056e+00    8.2035108e-01
-1.2950020e+00    8.2191506e-01
-1.2928947e+00    8.2347327e-01
-1.2907836e+00    8.2502568e-01
-1.2886688e+00    8.2657230e-01
-1.2865504e+00    8.2811311e-01
-1.2844283e+00    8.2964811e-01
-1.2823025e+00    8.3117728e-01
-1.2801731e+00    8.3270061e-01
-1.2780401e+00    8.3421810e-01
-1.2759035e+00    8.3572974e-01
-1.2737633e+00    8.3723552e-01
-1.2716195e+00    8.3873542e-01
-1.2694722e+00    8.4022945e-01
-1.2673213e+00    8.4171759e-01
-1.2651669e+00    8.4319984e-01
-1.2630090e+00    8.4467617e-01
-1.2608476e+00    8.4614660e-01
-1.2586828e+00    8.4761110e-01
-1.2565145e+00    8.4906967e-01
-1.2543427e+00    8.5052230e-01
-1.2521676e+00    8.5196898e-01
-1.2499890e+00    8.5340971e-01
-1.2478071e+00    8.5484447e-01
-1.2456218e+00    8.5627326e-01
-1.2434331e+00    8.5769607e-01
-1.2412411e+00    8.5911289e-01
-1.2390458e+00    8.6052371e-01
-1.2368472e+00    8.6192853e-01
-1.2346453e+00    8.6332733e-01
-1.2324401e+00    8.6472011e-01
-1.2302317e+00    8.6610686e-01
-1.2280201e+00    8.6748758e-01
-1.2258052e+00    8.6886225e-01
-1.2235872e+00    8.7023086e-01
-1.2213659e+00    8.7159342e-01
-1.2191415e+00    8.7294991e-01
-1.2169140e+00    8.7430032e-01
-1.2146833e+00    8.7564465e-01
-1.2124495e+00    8.7698289e-01
-1.2102126e+00    8.7831503e-01
-1.2079727e+00    8.7964107e-01
-1.2057297e+00    8.8096099e-01
-1.2034836e+00    8.8227479e-01
-1.2012345e+00    8.8358246e-01
-1.1989824e+00    8.8488400e-01
-1.1967273e+00    8.8617940e-01
-1.1944693e+00    8.8746865e-01
-1.1922083e+00    8.8875174e-01
-1.1899443e+00    8.9002867e-01
-1.1876774e+00    8.9129943e-01
-1.1854076e+00    8.9256401e-01
-1.1831350e+00    8.9382241e-01
-1.1808594e+00    8.9507462e-01
-1.1785811e+00    8.9632063e-01
-1.1762998e+00    8.9756044e-01
-1.1740158e+00    8.9879403e-01
-1.1717290e+00    9.0002141e-01
-1.1694394e+00    9.0124257e-01
-1.1671470e+00    9.0245749e-01
-1.1648518e+00    9.0366618e-01
-1.1625540e+00    9.0486863e-01
-1.1602534e+00    9.0606483e-01
-1.1579502e+00    9.0725477e-01
-1.1556442e+00    9.0843845e-01
-1.1533356e+00    9.0961586e-01
-1.1510244e+00    9.1078700e-01
-1.1487105e+00    9.1195186e-01
-1.1463941e+00    9.1311043e-01
-1.1440750e+00    9.1426271e-01
-1.1417534e+00    9.1540870e-01
-1.1394292e+00    9.1654838e-01
-1.1371025e+00    9.1768175e-01
-1.1347733e+00    9.1880880e-01
-1.1324415e+00    9.1992953e-01
-1.1301073e+00    9.2104394e-01
-1.1277707e+00    9.2215202e-01
-1.1254315e+00    9.2325375e-01
-1.1230900e+00    9.2434915e-01
-1.1207460e+00    9.2543819e-01
-1.1183997e+00    9.2652088e-01
-1.1160509e+00    9.2759722e-01
-1.1136999e+00    9.2866718e-01
-1.1113464e+00    9.2973078e-01
-1.1089907e+00    9.3078800e-01
-1.1066326e+00    9.3183884e-01
-1.1042723e+00    9.3288330e-01
-1.1019097e+00    9.3392137e-01
-1.0995448e+00    9.3495304e-01
-1.0971777e+00    9.3597831e-01
-1.0948084e+00    9.3699718e-01
-1.0924369e+00    9.3800963e-01
-1.0900632e+00    9.3901567e-01
-1.0876874e+00    9.4001530e-01
-1.0853094e+00    9.4100849e-01
-1.0829293e+00    9.4199526e-01
-1.0805471e+00    9.4297560e-01
-1.0781628e+00    9.4394950e-01
-1.0757764e+00    9.4491696e-01
-1.0733880e+00    9.4587797e-01
-1.0709975e+00    9.4683253e-01
-1.0686050e+00    9.4778063e-01
-1.0662105e+00    9.4872228e-01
-1.0638141e+00    9.4965746e-01
-1.0614157e+00    9.5058617e-01
-1.0590153e+00    9.5150841e-01
-1.0566130e+00    9.5242418e-01
-1.0542088e+00    9.5333347e-01
-1.0518027e+00    9.5423627e-01
-1.0493947e+00    9.5513259e-01
-1.0469849e+00    9.5602241e-01
-1.0445732e+00    9.5690574e-01
-1.0421597e+00    9.5778257e-01
-1.0397444e+00    9.5865290e-01
-1.0373273e+00    9.5951672e-01
-1.0349085e+00    9.6037403e-01
-1.0324879e+00    9.6122483e-01
-1.0300656e+00    9.6206911e-01
-1.0276416e+00    9.6290687e-01
-1.0252159e+00    9.6373811e-01
-1.0227885e+00    9.6456282e-01
-1.0203594e+00    9.6538100e-01
-1.0179288e+00    9.6619264e-01
-1.0154964e+00    9.6699776e-01
-1.0130625e+00    9.6779633e-01
-1.0106270e+00    9.6858836e-01
-1.0081900e+00    9.6937384e-01
-1.0057514e+00    9.7015277e-01
-1.0033112e+00    9.7092516e-01
-1.0008696e+00    9.7169099e-01
-9.9842646e-01    9.7245026e-01
-9.9598184e-01    9.7320297e-01
-9.9353577e-01    9.7394912e-01
-9.9108825e-01    9.7468871e-01
-9.8863932e-01    9.7542173e-01
-9.8618898e-01    9.7614817e-01
-9.8373726e-01    9.7686805e-01
-9.8128418e-01    9.7758135e-01
-9.7882974e-01    9.7828807e-01
-9.7637397e-01    9.7898821e-01
-9.7391690e-01    9.7968177e-01
-9.7145853e-01    9.8036875e-01
-9.6899888e-01    9.8104914e-01
-9.6653797e-01    9.8172294e-01
-9.6407583e-01    9.8239015e-01
-9.6161247e-01    9.8305077e-01
-9.5914790e-01    9.8370479e-01
-9.5668215e-01    9.8435222e-01
-9.5421523e-01    9.8499305e-01
-9.5174716e-01    9.8562727e-01
-9.4927796e-01    9.8625490e-01
-9.4680765e-01    9.8687592e-01
-9.4433625e-01    9.8749034e-01
-9.4186377e-01    9.8809815e-01
-9.3939023e-01    9.8869935e-01
-9.3691566e-01    9.8929395e-01
-9.3444006e-01    9.8988193e-01
-9.3196346e-01    9.9046330e-01
-9.2948588e-01    9.9103805e-01
-9.2700732e-01    9.9160619e-01
-9.2452782e-01    9.9216771e-01
-9.2204740e-01    9.9272262e-01
-9.1956605e-01    9.9327090e-01
-9.1708382e-01    9.9381257e-01
-9.1460071e-01    9.9434761e-01
-9.1211674e-01    9.9487604e-01
-9.0963193e-01    9.9539784e-01
-9.0714630e-01    9.9591301e-01
-9.0465987e-01    9.9642156e-01
-9.0217265e-01    9.9692349e-01
-8.9968467e-01    9.9741879e-01
-8.9719594e-01    9.9790746e-01
-8.9470648e-01    9.9838951e-01
-8.9221630e-01    9.9886492e-01
-8.8972544e-01    9.9933371e-01
-8.8723389e-01    9.9979587e-01
-8.8474169e-01    1.0002514e+00
-8.8224885e-01    1.0007003e+00
-8.7975539e-01    1.0011426e+00
-8.7726133e-01    1.0015782e+00
-8.7476668e-01    1.0020072e+00
-8.7227146e-01    1.0024296e+00
-8.6977570e-01    1.0028454e+00
-8.6727940e-01    1.0032545e+00
-8.6478259e-01    1.0036570e+00
-8.6228529e-01    1.0040528e+00
-8.5978751e-01    1.0044420e+00
-8.5728928e-01    1.0048246e+00
-8.5479060e-01    1.0052006e+00
-8.5229150e-01    1.0055699e+00
-8.4979200e-01    1.0059326e+00
-8.4729212e-01    1.0062887e+00
-8.4479186e-01    1.0066381e+00
-8.4229126e-01    1.0069810e+00
-8.3979032e-01    1.0073171e+00
-8.3728908e-01    1.0076467e+00
-8.3478753e-01    1.0079696e+00
-8.3228571e-01    1.0082859e+00
-8.2978363e-01    1.0085956e+00
-8.2728132e-01    1.0088987e+00
-8.2477877e-01    1.0091951e+00
-8.2227603e-01    1.0094849e+00
-8.1977309e-01    1.0097681e+00
-8.1726999e-01    1.0100447e+00
-8.1476674e-01    1.0103146e+00
-8.1226336e-01    1.0105779e+00
-8.0975986e-01    1.0108346e+00
-8.0725626e-01    1.0110847e+00
-8.0475259e-01    1.0113282e+00
-8.0224885e-01    1.0115651e+00
-7.9974508e-01    1.0117953e+00
-7.9724128e-01    1.0120189e+00
-7.9473747e-01    1.0122360e+00
-7.9223367e-01    1.0124464e+00
-7.8972991e-01    1.0126502e+00
-7.8722619e-01    1.0128474e+00
-7.8472254e-01    1.0130380e+00
-7.8221897e-01    1.0132220e+00
-7.7971550e-01    1.0133994e+00
-7.7721215e-01    1.0135701e+00
-7.7470894e-01    1.0137343e+00
-7.7220589e-01    1.0138919e+00
-7.6970301e-01    1.0140429e+00
-7.6720032e-01    1.0141874e+00
-7.6469784e-01    1.0143252e+00
-7.6219558e-01    1.0144564e+00
-7.5969357e-01    1.0145811e+00
-7.5719183e-01    1.0146991e+00
-7.5469036e-01    1.0148106e+00
-7.5218919e-01    1.0149155e+00
-7.4968834e-01    1.0150138e+00
-7.4718782e-01    1.0151056e+00
-7.4468766e-01    1.0151908e+00
-7.4218787e-01    1.0152694e+00
-7.3968846e-01    1.0153414e+00
-7.3718946e-01    1.0154069e+00
-7.3469088e-01    1.0154658e+00
-7.3219274e-01    1.0155182e+00
-7.2969506e-01    1.0155640e+00
-7.2719786e-01    1.0156032e+00
-7.2470116e-01    1.0156359e+00
-7.2220496e-01    1.0156621e+00
-7.1970930e-01    1.0156817e+00
-7.1721418e-01    1.0156948e+00
-7.1471963e-01    1.0157013e+00
-7.1222566e-01    1.0157013e+00
-7.0973230e-01    1.0156947e+00
-7.0723955e-01    1.0156817e+00
-7.0474743e-01    1.0156620e+00
-7.0225598e-01    1.0156359e+00
-6.9976519e-01    1.0156033e+00
-6.9727509e-01    1.0155641e+00
-6.9478570e-01    1.0155184e+00
-6.9229704e-01    1.0154663e+00
-6.8980911e-01    1.0154076e+00
-6.8732195e-01    1.0153424e+00
-6.8483556e-01    1.0152707e+00
-6.8234997e-01    1.0151925e+00
-6.7986519e-01    1.0151078e+00
-6.7738125e-01    1.0150166e+00
-6.7489815e-01    1.0149190e+00
-6.7241591e-01    1.0148148e+00
-6.6993456e-01    1.0147042e+00
-6.6745411e-01    1.0145871e+00
-6.6497457e-01    1.0144636e+00
-6.6249597e-01    1.0143336e+00
-6.6001833e-01    1.0141971e+00
-6.5754165e-01    1.0140542e+00
-6.5506596e-01    1.0139048e+00
-6.5259128e-01    1.0137489e+00
-6.5011762e-01    1.0135867e+00
-6.4764500e-01    1.0134179e+00
-6.4517343e-01    1.0132428e+00
-6.4270294e-01    1.0130612e+00
-6.4023355e-01    1.0128732e+00
-6.3776526e-01    1.0126788e+00
-6.3529810e-01    1.0124779e+00
-6.3283209e-01    1.0122706e+00
-6.3036723e-01    1.0120570e+00
-6.2790356e-01    1.0118369e+00
-6.2544108e-01    1.0116104e+00
-6.2297981e-01    1.0113776e+00
-6.2051978e-01    1.0111383e+00
-6.1806099e-01    1.0108927e+00
-6.1560347e-01    1.0106407e+00
-6.1314723e-01    1.0103823e+00
-6.1069229e-01    1.0101175e+00
-6.0823867e-01    1.0098464e+00
-6.0578639e-01    1.0095689e+00
-6.0333545e-01    1.0092851e+00
-6.0088588e-01    1.0089949e+00
-5.9843770e-01    1.0086984e+00
-5.9599092e-01    1.0083955e+00
-5.9354556e-01    1.0080863e+00
-5.9110164e-01    1.0077708e+00
-5.8865917e-01    1.0074490e+00
-5.8621817e-01    1.0071208e+00
-5.8377866e-01    1.0067863e+00
-5.8134066e-01    1.0064456e+00
-5.7890417e-01    1.0060985e+00
-5.7646923e-01    1.0057451e+00
-5.7403585e-01    1.0053855e+00
-5.7160403e-01    1.0050196e+00
-5.6917381e-01    1.0046474e+00
-5.6674519e-01    1.0042689e+00
-5.6431820e-01    1.0038842e+00
-5.6189285e-01    1.0034932e+00
-5.5946916e-01    1.0030959e+00
-5.5704714e-01    1.0026924e+00
-5.5462681e-01    1.0022827e+00
-5.5220820e-01    1.0018668e+00
-5.4979130e-01    1.0014446e+00
-5.4737615e-01    1.0010162e+00
-5.4496276e-01    1.0005815e+00
-5.4255115e-01    1.0001407e+00
-5.4014132e-01    9.9969369e-01
-5.3773331e-01    9.9924047e-01
-5.3532712e-01    9.9878106e-01
-5.3292278e-01    9.9831547e-01
-5.3052029e-01    9.9784371e-01
-5.2811968e-01    9.9736578e-01
-5.2572096e-01    9.9688169e-01
-5.2332416e-01    9.9639144e-01
-5.2092928e-01    9.9589505e-01
-5.1853634e-01    9.9539252e-01
-5.1614536e-01    9.9488385e-01
-5.1375635e-01    9.9436906e-01
-5.1136934e-01    9.9384815e-01
-5.0898434e-01    9.9332113e-01
-5.0660136e-01    9.9278800e-01
-5.0422043e-01    9.9224878e-01
-5.0184155e-01    9.9170346e-01
-4.9946475e-01    9.9115206e-01
-4.9709004e-01    9.9059459e-01
-4.9471744e-01    9.9003104e-01
-4.9234697e-01    9.8946144e-01
-4.8997863e-01    9.8888578e-01
-4.8761245e-01    9.8830408e-01
-4.8524844e-01    9.8771633e-01
-4.8288663e-01    9.8712256e-01
-4.8052702e-01    9.8652276e-01
-4.7816963e-01    9.8591695e-01
-4.7581448e-01    9.8530513e-01
-4.7346159e-01    9.8468732e-01
-4.7111097e-01    9.8406351e-01
-4.6876263e-01    9.8343371e-01
-4.6641660e-01    9.8279794e-01
-4.6407289e-01    9.8215620e-01
-4.6173151e-01    9.8150850e-01
-4.5939249e-01    9.8085485e-01
-4.5705584e-01    9.8019526e-01
-4.5472156e-01    9.7952973e-01
-4.5238970e-01    9.7885828e-01
-4.5006024e-01    9.7818090e-01
-4.4773322e-01    9.7749762e-01
-4.4540865e-01    9.7680843e-01
-4.4308654e-01    9.7611335e-01
-4.4076692e-01    9.7541238e-01
-4.3844979e-01    9.7470554e-01
-4.3613517e-01    9.7399283e-01
-4.3382308e-01    9.7327426e-01
-4.3151354e-01    9.7254984e-01
-4.2920656e-01    9.7181958e-01
-4.2690215e-01    9.7108349e-01
-4.2460034e-01    9.7034157e-01
-4.2230113e-01    9.6959384e-01
-4.2000455e-01    9.6884030e-01
-4.1771061e-01    9.6808096e-01
-4.1541932e-01    9.6731583e-01
-4.1313070e-01    9.6654493e-01
-4.1084477e-01    9.6576826e-01
-4.0856155e-01    9.6498582e-01
-4.0628104e-01    9.6419764e-01
-4.0400326e-01    9.6340371e-01
-4.0172824e-01    9.6260404e-01
-3.9945598e-01    9.6179866e-01
-3.9718650e-01    9.6098756e-01
-3.9491982e-01    9.6017076e-01
-3.9265595e-01    9.5934826e-01
-3.9039491e-01    9.5852007e-01
-3.8813671e-01    9.5768621e-01
-3.8588137e-01    9.5684669e-01
-3.8362890e-01    9.5600151e-01
-3.8137932e-01    9.5515068e-01
-3.7913265e-01    9.5429421e-01
-3.7688890e-01    9.5343212e-01
-3.7464808e-01    9.5256441e-01
-3.7241021e-01    9.5169109e-01
-3.7017531e-01    9.5081218e-01
-3.6794340e-01    9.4992768e-01
-3.6571448e-01    9.4903760e-01
-3.6348857e-01    9.4814196e-01
-3.6126569e-01    9.4724076e-01
-3.5904585e-01    9.4633401e-01
-3.5682907e-01    9.4542173e-01
-3.5461536e-01    9.4450393e-01
-3.5240474e-01    9.4358060e-01
-3.5019723e-01    9.4265178e-01
-3.4799283e-01    9.4171746e-01
-3.4579157e-01    9.4077766e-01
-3.4359346e-01    9.3983238e-01
-3.4139851e-01    9.3888165e-01
-3.3920673e-01    9.3792546e-01
-3.3701816e-01    9.3696383e-01
-3.3483279e-01    9.3599677e-01
-3.3265064e-01    9.3502429e-01
-3.3047174e-01    9.3404641e-01
-3.2829608e-01    9.3306313e-01
-3.2612370e-01    9.3207446e-01
-3.2395460e-01    9.3108042e-01
-3.2178880e-01    9.3008102e-01
-3.1962631e-01    9.2907626e-01
-3.1746714e-01    9.2806616e-01
-3.1531132e-01    9.2705074e-01
-3.1315886e-01    9.2602999e-01
-3.1100977e-01    9.2500394e-01
-3.0886407e-01    9.2397259e-01
-3.0672176e-01    9.2293596e-01
-3.0458288e-01    9.2189406e-01
-3.0244742e-01    9.2084689e-01
-3.0031541e-01    9.1979448e-01
-2.9818686e-01    9.1873683e-01
-2.9606178e-01    9.1767395e-01
-2.9394020e-01    9.1660586e-01
-2.9182211e-01    9.1553257e-01
-2.8970754e-01    9.1445409e-01
-2.8759651e-01    9.1337043e-01
-2.8548902e-01    9.1228160e-01
-2.8338509e-01    9.1118762e-01
-2.8128474e-01    9.1008850e-01
-2.7918798e-01    9.0898425e-01
-2.7709482e-01    9.0787488e-01
-2.7500528e-01    9.0676041e-01
-2.7291937e-01    9.0564084e-01
-2.7083711e-01    9.0451620e-01
-2.6875851e-01    9.0338648e-01
-2.6668359e-01    9.0225172e-01
-2.6461235e-01    9.0111190e-01
-2.6254482e-01    8.9996706e-01
-2.6048101e-01    8.9881720e-01
-2.5842093e-01    8.9766234e-01
-2.5636459e-01    8.9650249e-01
-2.5431201e-01    8.9533765e-01
-2.5226321e-01    8.9416785e-01
-2.5021819e-01    8.9299310e-01
-2.4817698e-01    8.9181341e-01
-2.4613958e-01    8.9062879e-01
-2.4410601e-01    8.8943925e-01
-2.4207629e-01    8.8824482e-01
-2.4005042e-01    8.8704550e-01
-2.3802842e-01    8.8584130e-01
-2.3601031e-01    8.8463225e-01
-2.3399610e-01    8.8341834e-01
-2.3198580e-01    8.8219960e-01
-2.2997942e-01    8.8097604e-01
-2.2797699e-01    8.7974768e-01
-2.2597851e-01    8.7851452e-01
-2.2398399e-01    8.7727658e-01
-2.2199346e-01    8.7603388e-01
-2.2000692e-01    8.7478642e-01
-2.1802439e-01    8.7353422e-01
-2.1604588e-01    8.7227730e-01
-2.1407140e-01    8.7101568e-01
-2.1210097e-01    8.6974935e-01
-2.1013461e-01    8.6847834e-01
-2.0817231e-01    8.6720267e-01
-2.0621411e-01    8.6592234e-01
-2.0426001e-01    8.6463737e-01
-2.0231002e-01    8.6334777e-01
-2.0036417e-01    8.6205357e-01
-1.9842245e-01    8.6075476e-01
-1.9648489e-01    8.5945138e-01
-1.9455150e-01    8.5814343e-01
-1.9262228e-01    8.5683092e-01
-1.9069727e-01    8.5551388e-01
-1.8877646e-01    8.5419232e-01
-1.8685987e-01    8.5286624e-01
-1.8494751e-01    8.5153567e-01
-1.8303940e-01    8.5020063e-01
-1.8113555e-01    8.4886112e-01
-1.7923597e-01    8.4751716e-01
-1.7734068e-01    8.4616877e-01
-1.7544969e-01    8.4481596e-01
-1.7356301e-01    8.4345874e-01
-1.7168065e-01    8.4209714e-01
-1.6980263e-01    8.4073116e-01
-1.6792896e-01    8.3936083e-01
-1.6605965e-01    8.3798616e-01
-1.6419472e-01    8.3660716e-01
-1.6233417e-01    8.3522385e-01
-1.6047802e-01    8.3383625e-01
-1.5862629e-01    8.3244436e-01
-1.5677899e-01    8.3104822e-01
-1.5493612e-01    8.2964782e-01
-1.5309770e-01    8.2824320e-01
-1.5126375e-01    8.2683436e-01
-1.4943427e-01    8.2542131e-01
-1.4760929e-01    8.2400409e-01
-1.4578880e-01    8.2258270e-01
-1.4397282e-01    8.2115716e-01
-1.4216137e-01    8.1972748e-01
-1.4035446e-01    8.1829369e-01
-1.3855210e-01    8.1685580e-01
-1.3675430e-01    8.1541381e-01
-1.3496108e-01    8.1396777e-01
-1.3317244e-01    8.1251767e-01
-1.3138840e-01    8.1106353e-01
-1.2960897e-01    8.0960538e-01
-1.2783417e-01    8.0814322e-01
-1.2606400e-01    8.0667708e-01
-1.2429848e-01    8.0520698e-01
-1.2253762e-01    8.0373292e-01
-1.2078142e-01    8.0225493e-01
-1.1902991e-01    8.0077303e-01
-1.1728310e-01    7.9928722e-01
-1.1554099e-01    7.9779754e-01
-1.1380361e-01    7.9630399e-01
-1.1207095e-01    7.9480659e-01
-1.1034303e-01    7.9330537e-01
-1.0861987e-01    7.9180034e-01
-1.0690147e-01    7.9029151e-01
-1.0518785e-01    7.8877890e-01
-1.0347902e-01    7.8726254e-01
-1.0177499e-01    7.8574244e-01
-1.0007577e-01    7.8421862e-01
-9.8381378e-02    7.8269110e-01
-9.6691818e-02    7.8115989e-01
-9.5007104e-02    7.7962501e-01
-9.3327248e-02    7.7808649e-01
-9.1652260e-02    7.7654433e-01
-8.9982153e-02    7.7499856e-01
-8.8316938e-02    7.7344920e-01
-8.6656625e-02    7.7189627e-01
-8.5001227e-02    7.7033978e-01
-8.3350754e-02    7.6877975e-01
-8.1705217e-02    7.6721620e-01
-8.0064627e-02    7.6564916e-01
-7.8428996e-02    7.6407863e-01
-7.6798335e-02    7.6250465e-01
-7.5172654e-02    7.6092722e-01
-7.3551964e-02    7.5934637e-01
-7.1936277e-02    7.5776212e-01
-7.0325603e-02    7.5617448e-01
-6.8719953e-02    7.5458348e-01
-6.7119338e-02    7.5298914e-01
-6.5523768e-02    7.5139147e-01
-6.3933255e-02    7.4979050e-01
-6.2347808e-02    7.4818624e-01
-6.0767439e-02    7.4657872e-01
-5.9192158e-02    7.4496795e-01
-5.7621976e-02    7.4335395e-01
-5.6056903e-02    7.4173675e-01
-5.4496950e-02    7.4011637e-01
-5.2942126e-02    7.3849282e-01
-5.1392443e-02    7.3686613e-01
-4.9847911e-02    7.3523632e-01
-4.8308539e-02    7.3360341e-01
-4.6774339e-02    7.3196741e-01
-4.5245320e-02    7.3032835e-01
-4.3721493e-02    7.2868626e-01
-4.2202868e-02    7.2704114e-01
-4.0689454e-02    7.2539303e-01
-3.9181263e-02    7.2374194e-01
-3.7678303e-02    7.2208789e-01
-3.6180584e-02    7.2043092e-01
-3.4688118e-02    7.1877102e-01
-3.3200913e-02    7.1710824e-01
-3.1718979e-02    7.1544259e-01
-3.0242326e-02    7.1377410e-01
-2.8770964e-02    7.1210278e-01
-2.7304902e-02    7.1042865e-01
-2.5844150e-02    7.0875174e-01
-2.4388718e-02    7.0707208e-01
-2.2938615e-02    7.0538968e-01
-2.1493850e-02    7.0370456e-01
-2.0054433e-02    7.0201675e-01
-1.8620374e-02    7.0032627e-01
-1.7191681e-02    6.9863315e-01
-1.5768364e-02    6.9693740e-01
-1.4350432e-02    6.9523905e-01
-1.2937895e-02    6.9353812e-01
-1.1530761e-02    6.9183464e-01
-1.0129039e-02    6.9012862e-01
-8.7327389e-03    6.8842010e-01
-7.3418693e-03    6.8670909e-01
-5.9564391e-03    6.8499562e-01
-4.5764571e-03    6.8327971e-01
-3.2019321e-03    6.8156139e-01
-1.8328729e-03    6.7984068e-01
-4.6928816e-04    6.7811760e-01
 8.8881349e-04    6.7639217e-01
 2.2414234e-03    6.7466443e-01
 3.5885332e-03    6.7293440e-01
 4.9301342e-03    6.7120209e-01
 6.2662181e-03    6.6946754e-01
 7.5967766e-03    6.6773077e-01
 8.9218012e-03    6.6599180e-01
 1.0241284e-02    6.6425067e-01
 1.1555216e-02    6.6250738e-01
 1.2863590e-02    6.6076198e-01
 1.4166398e-02    6.5901447e-01
 1.5463631e-02    6.5726490e-01
 1.6755282e-02    6.5551328e-01
 1.8041343e-02    6.5375965e-01
 1.9321806e-02    6.5200401e-01
 2.0596663e-02    6.5024641e-01
 2.1865906e-02    6.4848687e-01
 2.3129528e-02    6.4672541e-01
 2.4387522e-02    6.4496206e-01
 2.5639879e-02    6.4319685e-01
 2.6886593e-02    6.4142980e-01
 2.8127656e-02    6.3966093e-01
 2.9363060e-02    6.3789028e-01
 3.0592799e-02    6.3611788e-01
 3.1816865e-02    6.3434374e-01
 3.3035252e-02    6.3256790e-01
 3.4247951e-02    6.3079038e-01
 3.5454957e-02    6.2901121e-01
 3.6656262e-02    6.2723042e-01
 3.7851860e-02    6.2544804e-01
 3.9041743e-02    6.2366408e-01
 4.0225905e-02    6.2187859e-01
 4.1404340e-02    6.2009158e-01
 4.2577041e-02    6.1830310e-01
 4.3744001e-02    6.1651315e-01
 4.4905215e-02    6.1472178e-01
 4.6060675e-02    6.1292901e-01
 4.7210376e-02    6.1113487e-01
 4.8354312e-02    6.0933939e-01
 4.9492476e-02    6.0754260e-01
 5.0624862e-02    6.0574452e-01
 5.1751465e-02    6.0394519e-01
 5.2872279e-02    6.0214463e-01
 5.3987298e-02    6.0034288e-01
 5.5096516e-02    5.9853996e-01
 5.6199928e-02    5.9673590e-01
 5.7297528e-02    5.9493074e-01
 5.8389311e-02    5.9312449e-01
 5.9475272e-02    5.9131721e-01
 6.0555404e-02    5.8950890e-01
 6.1629705e-02    5.8769961e-01
 6.2698167e-02    5.8588936e-01
 6.3760787e-02    5.8407819e-01
 6.4817559e-02    5.8226612e-01
 6.5868478e-02    5.8045319e-01
 6.6913541e-02    5.7863942e-01
 6.7952742e-02    5.7682486e-01
 6.8986077e-02    5.7500952e-01
 7.0013541e-02    5.7319345e-01
 7.1035131e-02    5.7137667e-01
 7.2050841e-02    5.6955921e-01
 7.3060669e-02    5.6774111e-01
 7.4064610e-02    5.6592240e-01
 7.5062659e-02    5.6410312e-01
 7.6054814e-02    5.6228328e-01
 7.7041070e-02    5.6046293e-01
 7.7041070e-02    5.6046293e-01
 7.7094921e-02    5.6036473e-01
 7.7149927e-02    5.6026737e-01
 7.7206080e-02    5.6017086e-01
 7.7263375e-02    5.6007520e-01
 7.7321805e-02    5.5998039e-01
 7.7381363e-02    5.5988641e-01
 7.7442042e-02    5.5979329e-01
 7.7503836e-02    5.5970100e-01
 7.7566738e-02    5.5960955e-01
 7.7630741e-02    5.5951893e-01
 7.7695840e-02    5.5942915e-01
 7.7762026e-02    5.5934021e-01
 7.7829294e-02    5.5925210e-01
 7.7897637e-02    5.5916482e-01
 7.7967049e-02    5.5907836e-01
 7.8037521e-02    5.5899274e-01
 7.8109049e-02    5.5890794e-01
 7.8181625e-02    5.5882397e-01
 7.8255243e-02    5.5874081e-01
 7.8329895e-02    5.5865848e-01
 7.8405576e-02    5.5857697e-01
 7.8482279e-02    5.5849627e-01
 7.8559997e-02    5.5841640e-01
 7.8638723e-02    5.5833733e-01
 7.8718451e-02    5.5825908e-01
 7.8799174e-02    5.5818164e-01
 7.8880885e-02    5.5810501e-01
 7.8963579e-02    5.5802918e-01
 7.9047247e-02    5.5795416e-01
 7.9131884e-02    5.5787995e-01
 7.9217483e-02    5.5780654e-01
 7.9304037e-02    5.5773393e-01
 7.9391539e-02    5.5766212e-01
 7.9479984e-02    5.5759111e-01
 7.9569363e-02    5.5752090e-01
 7.9659672e-02    5.5745148e-01
 7.9750902e-02    5.5738285e-01
 7.9843047e-02    5.5731501e-01
 7.9936102e-02    5.5724797e-01
 8.0030058e-02    5.5718171e-01
 8.0124910e-02    5.5711624e-01
 8.0220650e-02    5.5705155e-01
 8.0317272e-02    5.5698765e-01
 8.0414770e-02    5.5692453e-01
 8.0513137e-02    5.5686219e-01
 8.0612366e-02    5.5680062e-01
 8.0712450e-02    5.5673984e-01
 8.0813383e-02    5.5667983e-01
 8.0915158e-02    5.5662059e-01
 8.1017769e-02    5.5656212e-01
 8.1121209e-02    5.5650443e-01
 8.1225471e-02    5.5644750e-01
 8.1330548e-02    5.5639134e-01
 8.1436435e-02    5.5633595e-01
 8.1543123e-02    5.5628132e-01
 8.1650608e-02    5.5622745e-01
 8.1758881e-02    5.5617434e-01
 8.1867937e-02    5.5612199e-01
 8.1977768e-02    5.5607040e-01
 8.2088368e-02    5.5601956e-01
 8.2199731e-02    5.5596948e-01
 8.2311850e-02    5.5592015e-01
 8.2424717e-02    5.5587157e-01
 8.2538327e-02    5.5582374e-01
 8.2652673e-02    5.5577666e-01
 8.2767748e-02    5.5573032e-01
 8.2883546e-02    5.5568473e-01
 8.3000059e-02    5.5563988e-01
 8.3117282e-02    5.5559577e-01
 8.3235207e-02    5.5555240e-01
 8.3353828e-02    5.5550976e-01
 8.3473138e-02    5.5546787e-01
 8.3593131e-02    5.5542670e-01
 8.3713800e-02    5.5538627e-01
 8.3835139e-02    5.5534657e-01
 8.3957139e-02    5.5530761e-01
 8.4079796e-02    5.5526936e-01
 8.4203103e-02    5.5523185e-01
 8.4327052e-02    5.5519506e-01
 8.4451637e-02    5.5515899e-01
 8.4576851e-02    5.5512365e-01
 8.4702688e-02    5.5508902e-01
 8.4829142e-02    5.5505511e-01
 8.4956204e-02    5.5502192e-01
 8.5083870e-02    5.5498944e-01
 8.5212132e-02    5.5495768e-01
 8.5340983e-02    5.5492662e-01
 8.5470417e-02    5.5489628e-01
 8.5600428e-02    5.5486665e-01
 8.5731008e-02    5.5483772e-01
 8.5862151e-02    5.5480950e-01
 8.5993850e-02    5.5478198e-01
 8.6126099e-02    5.5475516e-01
 8.6258891e-02    5.5472904e-01
 8.6392219e-02    5.5470362e-01
 8.6526077e-02    5.5467890e-01
 8.6660458e-02    5.5465487e-01
 8.6795355e-02    5.5463154e-01
 8.6930762e-02    5.5460890e-01
 8.7066673e-02    5.5458695e-01
 8.7203079e-02    5.5456568e-01
 8.7339976e-02    5.5454511e-01
 8.7477355e-02    5.5452522e-01
 8.7615211e-02    5.5450601e-01
 8.7753537e-02    5.5448749e-01
 8.7892326e-02    5.5446964e-01
 8.8031572e-02    5.5445248e-01
 8.8171268e-02    5.5443599e-01
 8.8311406e-02    5.5442018e-01
 8.8451982e-02    5.5440504e-01
 8.8592987e-02    5.5439058e-01
 8.8734416e-02    5.5437678e-01
 8.8876261e-02    5.5436366e-01
 8.9018517e-02    5.5435120e-01
 8.9161175e-02    5.5433940e-01
 8.9304231e-02    5.5432828e-01
 8.9447676e-02    5.5431781e-01
 8.9591505e-02    5.5430801e-01
 8.9735711e-02    5.5429886e-01
 8.9880287e-02    5.5429037e-01
 9.0025226e-02    5.5428254e-01
 9.0170522e-02    5.5427537e-01
 9.0316168e-02    5.5426884e-01
 9.0462158e-02    5.5426297e-01
 9.0608485e-02    5.5425774e-01
 9.0755142e-02    5.5425317e-01
 9.0902122e-02    5.5424924e-01
 9.1049420e-02    5.5424595e-01
 9.1197027e-02    5.5424331e-01
 9.1344939e-02    5.5424131e-01
 9.1493147e-02    5.5423995e-01
 9.1641646e-02    5.5423923e-01
 9.1790428e-02    5.5423914e-01
 9.1939487e-02    5.5423969e-01
 9.2088817e-02    5.5424087e-01
 9.2238410e-02    5.5424269e-01
 9.2388261e-02    5.5424513e-01
 9.2538362e-02    5.5424820e-01
 9.2688707e-02    5.5425190e-01
 9.2839289e-02    5.5425623e-01
 9.2990101e-02    5.5426117e-01
 9.3141138e-02    5.5426674e-01
 9.3292391e-02    5.5427293e-01
 9.3443855e-02    5.5427974e-01
 9.3595523e-02    5.5428716e-01
 9.3747388e-02    5.5429520e-01
 9.3899444e-02    5.5430386e-01
 9.4051684e-02    5.5431312e-01
 9.4204101e-02    5.5432300e-01
 9.4356689e-02    5.5433348e-01
 9.4509440e-02    5.5434457e-01
 9.4662349e-02    5.5435627e-01
 9.4815409e-02    5.5436857e-01
 9.4968613e-02    5.5438147e-01
 9.5121954e-02    5.5439498e-01
 9.5275426e-02    5.5440908e-01
 9.5429022e-02    5.5442378e-01
 9.5582736e-02    5.5443908e-01
 9.5736560e-02    5.5445497e-01
 9.5890489e-02    5.5447145e-01
 9.6044515e-02    5.5448852e-01
 9.6198632e-02    5.5450618e-01
 9.6352833e-02    5.5452443e-01
 9.6507112e-02    5.5454327e-01
 9.6661462e-02    5.5456269e-01
 9.6815876e-02    5.5458269e-01
 9.6970347e-02    5.5460328e-01
 9.7124870e-02    5.5462444e-01
 9.7279437e-02    5.5464618e-01
 9.7434042e-02    5.5466850e-01
 9.7588677e-02    5.5469139e-01
 9.7743337e-02    5.5471485e-01
 9.7898015e-02    5.5473889e-01
 9.8052704e-02    5.5476349e-01
 9.8207397e-02    5.5478867e-01
 9.8362088e-02    5.5481441e-01
 9.8516770e-02    5.5484071e-01
 9.8671437e-02    5.5486758e-01
 9.8826082e-02    5.5489501e-01
 9.8980697e-02    5.5492299e-01
 9.9135278e-02    5.5495154e-01
 9.9289816e-02    5.5498064e-01
 9.9444305e-02    5.5501030e-01
 9.9598739e-02    5.5504051e-01
 9.9753111e-02    5.5507128e-01
 9.9907414e-02    5.5510259e-01
 1.0006164e-01    5.5513445e-01
 1.0021579e-01    5.5516686e-01
 1.0036985e-01    5.5519981e-01
 1.0052381e-01    5.5523331e-01
 1.0067767e-01    5.5526735e-01
 1.0083142e-01    5.5530193e-01
 1.0098506e-01    5.5533704e-01
 1.0113857e-01    5.5537270e-01
 1.0129196e-01    5.5540889e-01
 1.0144521e-01    5.5544561e-01
 1.0159831e-01    5.5548287e-01
 1.0175128e-01    5.5552065e-01
 1.0190408e-01    5.5555897e-01
 1.0205672e-01    5.5559781e-01
 1.0220920e-01    5.5563718e-01
 1.0236150e-01    5.5567707e-01
 1.0251362e-01    5.5571748e-01
 1.0266555e-01    5.5575842e-01
 1.0281728e-01    5.5579987e-01
 1.0296881e-01    5.5584184e-01
 1.0312014e-01    5.5588433e-01
 1.0327125e-01    5.5592733e-01
 1.0342214e-01    5.5597084e-01
 1.0357280e-01    5.5601487e-01
 1.0372322e-01    5.5605940e-01
 1.0387341e-01    5.5610444e-01
 1.0402334e-01    5.5614999e-01
 1.0417302e-01    5.5619604e-01
 1.0432244e-01    5.5624259e-01
 1.0447159e-01    5.5628965e-01
 1.0462047e-01    5.5633720e-01
 1.0476906e-01    5.5638525e-01
 1.0491737e-01    5.5643380e-01
 1.0506538e-01    5.5648285e-01
 1.0521309e-01    5.5653238e-01
 1.0536049e-01    5.5658241e-01
 1.0550758e-01    5.5663293e-01
 1.0565434e-01    5.5668393e-01
 1.0580078e-01    5.5673542e-01
 1.0594689e-01    5.5678740e-01
 1.0609265e-01    5.5683986e-01
 1.0623806e-01    5.5689280e-01
 1.0638312e-01    5.5694622e-01
 1.0652782e-01    5.5700012e-01
 1.0667215e-01    5.5705449e-01
 1.0681611e-01    5.5710934e-01
 1.0695968e-01    5.5716467e-01
 1.0710287e-01    5.5722046e-01
 1.0724566e-01    5.5727673e-01
 1.0738805e-01    5.5733346e-01
 1.0753003e-01    5.5739066e-01
 1.0767160e-01    5.5744833e-01
 1.0781275e-01    5.5750646e-01
 1.0795347e-01    5.5756505e-01
 1.0809376e-01    5.5762410e-01
 1.0823360e-01    5.5768361e-01
 1.0837300e-01    5.5774358e-01
 1.0851194e-01    5.5780400e-01
 1.0865042e-01    5.5786488e-01
 1.0878844e-01    5.5792621e-01
 1.0892598e-01    5.5798799e-01
 1.0906304e-01    5.5805022e-01
 1.0919961e-01    5.5811289e-01
 1.0933569e-01    5.5817601e-01
 1.0947126e-01    5.5823958e-01
 1.0960633e-01    5.5830358e-01
 1.0974089e-01    5.5836803e-01
 1.0987492e-01    5.5843292e-01
 1.1000843e-01    5.5849824e-01
 1.1014140e-01    5.5856400e-01
 1.1027383e-01    5.5863020e-01
 1.1040571e-01    5.5869683e-01
 1.1053704e-01    5.5876389e-01
 1.1066781e-01    5.5883137e-01
 1.1079802e-01    5.5889929e-01
 1.1092764e-01    5.5896763e-01
 1.1105669e-01    5.5903639e-01
 1.1118515e-01    5.5910558e-01
 1.1131302e-01    5.5917519e-01
 1.1144028e-01    5.5924522e-01
 1.1156694e-01    5.5931567e-01
 1.1169298e-01    5.5938653e-01
 1.1181841e-01    5.5945781e-01
 1.1194321e-01    5.5952950e-01
 1.1206737e-01    5.5960160e-01
 1.1219089e-01    5.5967411e-01
 1.1231377e-01    5.5974703e-01
 1.1243599e-01    5.5982036e-01
 1.1255755e-01    5.5989409e-01
 1.1267844e-01    5.5996823e-01
 1.1279866e-01    5.6004276e-01
 1.1291820e-01    5.6011770e-01
 1.1303705e-01    5.6019303e-01
 1.1315521e-01    5.6026876e-01
 1.1327267e-01    5.6034489e-01
 1.1338942e-01    5.6042141e-01
 1.1350546e-01    5.6049832e-01
 1.1362078e-01    5.6057562e-01
 1.1373537e-01    5.6065331e-01
 1.1384923e-01    5.6073139e-01
 1.1396234e-01    5.6080985e-01
 1.1407471e-01    5.6088869e-01
 1.1418633e-01    5.6096792e-01
 1.1429719e-01    5.6104753e-01
 1.1440728e-01    5.6112751e-01
 1.1451659e-01    5.6120788e-01
 1.1462513e-01    5.6128862e-01
 1.1473288e-01    5.6136973e-01
 1.1483984e-01    5.6145122e-01
 1.1494599e-01    5.6153307e-01
 1.1505134e-01    5.6161530e-01
 1.1515588e-01    5.6169789e-01
 1.1525959e-01    5.6178085e-01
 1.1536248e-01    5.6186417e-01
 1.1546454e-01    5.6194785e-01
 1.1556575e-01    5.6203190e-01
 1.1566612e-01    5.6211630e-01
 1.1576564e-01    5.6220106e-01
 1.1586429e-01    5.6228618e-01
 1.1596208e-01    5.6237165e-01
 1.1605900e-01    5.6245748e-01
 1.1615504e-01    5.6254365e-01
 1.1625019e-01    5.6263018e-01
 1.1634444e-01    5.6271705e-01
 1.1643780e-01    5.6280427e-01
 1.1653025e-01    5.6289183e-01
 1.1662179e-01    5.6297974e-01
 1.1671241e-01    5.6306798e-01
 1.1680210e-01    5.6315657e-01
 1.1689086e-01    5.6324549e-01
 1.1697868e-01    5.6333475e-01
 1.1706555e-01    5.6342435e-01
 1.1715147e-01    5.6351428e-01
 1.1723643e-01    5.6360454e-01
 1.1732042e-01    5.6369513e-01
 1.1740344e-01    5.6378605e-01
 1.1748548e-01    5.6387729e-01
 1.1756654e-01    5.6396886e-01
 1.1764660e-01    5.6406075e-01
 1.1772566e-01    5.6415297e-01
 1.1780372e-01    5.6424550e-01
 1.1788076e-01    5.6433835e-01
 1.1795679e-01    5.6443152e-01
 1.1803178e-01    5.6452501e-01
 1.1810575e-01    5.6461881e-01
 1.1817868e-01    5.6471292e-01
 1.1825056e-01    5.6480734e-01
 1.1832138e-01    5.6490206e-01
 1.1839115e-01    5.6499710e-01
 1.1845985e-01    5.6509244e-01
 1.1852748e-01    5.6518808e-01
 1.1859403e-01    5.6528403e-01
 1.1865949e-01    5.6538028e-01
 1.1872386e-01    5.6547682e-01
 1.1878714e-01    5.6557367e-01
 1.1884930e-01    5.6567081e-01
 1.1891036e-01    5.6576824e-01
 1.1897029e-01    5.6586596e-01
 1.1902910e-01    5.6596398e-01
 1.1908677e-01    5.6606228e-01
 1.1914331e-01    5.6616087e-01
 1.1919870e-01    5.6625975e-01
 1.1925294e-01    5.6635891e-01
 1.1930602e-01    5.6645836e-01
 1.1935793e-01    5.6655808e-01
 1.1940867e-01    5.6665808e-01
 1.1945824e-01    5.6675837e-01
 1.1950661e-01    5.6685892e-01
 1.1955380e-01    5.6695976e-01
 1.1959978e-01    5.6706086e-01
 1.1964456e-01    5.6716224e-01
 1.1968813e-01    5.6726388e-01
 1.1973048e-01    5.6736579e-01
 1.1977160e-01    5.6746797e-01
 1.1981149e-01    5.6757042e-01
 1.1985014e-01    5.6767312e-01
 1.1988755e-01    5.6777609e-01
 1.1992370e-01    5.6787932e-01
 1.1995860e-01    5.6798280e-01
 1.1999223e-01    5.6808654e-01
 1.2002458e-01    5.6819054e-01
 1.2005566e-01    5.6829479e-01
 1.2008545e-01    5.6839929e-01
 1.2011396e-01    5.6850404e-01
 1.2014116e-01    5.6860904e-01
 1.2016706e-01    5.6871429e-01
 1.2019164e-01    5.6881978e-01
 1.2021491e-01    5.6892551e-01
 1.2023685e-01    5.6903149e-01
 1.2025746e-01    5.6913770e-01
 1.2027673e-01    5.6924416e-01
 1.2029465e-01    5.6935085e-01
 1.2031123e-01    5.6945777e-01
 1.2032644e-01    5.6956493e-01
 1.2034029e-01    5.6967233e-01
 1.2035277e-01    5.6977995e-01
 1.2036387e-01    5.6988780e-01
 1.2037358e-01    5.6999588e-01
 1.2038190e-01    5.7010418e-01
 1.2038883e-01    5.7021271e-01
 1.2039435e-01    5.7032145e-01
 1.2039845e-01    5.7043042e-01
 1.2040114e-01    5.7053961e-01
 1.2040241e-01    5.7064902e-01
 1.2040224e-01    5.7075864e-01
 1.2040063e-01    5.7086847e-01
 1.2039758e-01    5.7097852e-01
 1.2039308e-01    5.7108878e-01
 1.2038712e-01    5.7119924e-01
 1.2037969e-01    5.7130992e-01
 1.2037079e-01    5.7142080e-01
 1.2036042e-01    5.7153188e-01
 1.2034856e-01    5.7164317e-01
 1.2034856e-01    5.7164317e-01
 1.1872150e-01    5.8622016e-01
 1.1713743e-01    6.0079714e-01
 1.1559427e-01    6.1537413e-01
 1.1409009e-01    6.2995111e-01
 1.1262312e-01    6.4452810e-01
 1.1119168e-01    6.5910508e-01
 1.0979421e-01    6.7368207e-01
 1.0842926e-01    6.8825906e-01
 1.0709547e-01    7.0283604e-01
 1.0579157e-01    7.1741303e-01
 1.0451635e-01    7.3199001e-01
 1.0326869e-01    7.4656700e-01
 1.0204752e-01    7.6114399e-01
 1.0085185e-01    7.7572097e-01
 9.9680719e-02    7.9029796e-01
 9.8533251e-02    8.0487494e-01
 9.7408601e-02    8.1945193e-01
 9.6305967e-02    8.3402891e-01
 9.5224590e-02    8.4860590e-01
 9.4163748e-02    8.6318289e-01
 9.3122762e-02    8.7775987e-01
 9.2100985e-02    8.9233686e-01
 9.1097799e-02    9.0691384e-01
 9.0112620e-02    9.2149083e-01
 8.9144887e-02    9.3606781e-01
 8.8194065e-02    9.5064480e-01
 8.7259642e-02    9.6522179e-01
 8.6341130e-02    9.7979877e-01
 8.5438067e-02    9.9437576e-01
 8.4550009e-02    1.0089527e+00
 8.3676528e-02    1.0235297e+00
 8.2817220e-02    1.0381067e+00
 8.1971693e-02    1.0526837e+00
 8.1139573e-02    1.0672607e+00
 8.0320497e-02    1.0818377e+00
 7.9514120e-02    1.0964147e+00
 7.8720109e-02    1.1109916e+00
 7.7938147e-02    1.1255686e+00
 7.7167929e-02    1.1401456e+00
 7.6409158e-02    1.1547226e+00
 7.5661551e-02    1.1692996e+00
 7.4924837e-02    1.1838766e+00
 7.4198750e-02    1.1984536e+00
 7.3483037e-02    1.2130305e+00
 7.2777450e-02    1.2276075e+00
 7.2081752e-02    1.2421845e+00
 7.1395716e-02    1.2567615e+00
 7.0719121e-02    1.2713385e+00
 7.0051756e-02    1.2859155e+00
 6.9393414e-02    1.3004925e+00
 6.8743896e-02    1.3150694e+00
 6.8103009e-02    1.3296464e+00
 6.7470568e-02    1.3442234e+00
 6.6846391e-02    1.3588004e+00
 6.6230303e-02    1.3733774e+00
 6.5622134e-02    1.3879544e+00
 6.5021719e-02    1.4025314e+00
 6.4428901e-02    1.4171083e+00
 6.3843526e-02    1.4316853e+00
 6.3265443e-02    1.4462623e+00
 6.2694507e-02    1.4608393e+00
 6.2130577e-02    1.4754163e+00
 6.1573517e-02    1.4899933e+00
 6.1023193e-02    1.5045703e+00
 6.0479476e-02    1.5191472e+00
 5.9942240e-02    1.5337242e+00
 5.9411362e-02    1.5483012e+00
 5.8886724e-02    1.5628782e+00
 5.8368211e-02    1.5774552e+00
 5.7855710e-02    1.5920322e+00
 5.7349113e-02    1.6066092e+00
 5.6848312e-02    1.6211861e+00
 5.6353204e-02    1.6357631e+00
 5.5863688e-02    1.6503401e+00
 5.5379665e-02    1.6649171e+00
 5.4901040e-02    1.6794941e+00
 5.4427718e-02    1.6940711e+00
 5.3959609e-02    1.7086481e+00
 5.3496625e-02    1.7232250e+00
 5.3038678e-02    1.7378020e+00
 5.2585684e-02    1.7523790e+00
 5.2137561e-02    1.7669560e+00
 5.1694228e-02    1.7815330e+00
 5.1255607e-02    1.7961100e+00
 5.0821620e-02    1.8106870e+00
 5.0392193e-02    1.8252639e+00
 4.9967253e-02    1.8398409e+00
 4.9546727e-02    1.8544179e+00
 4.9130548e-02    1.8689949e+00
 4.8718645e-02    1.8835719e+00
 4.8310953e-02    1.8981489e+00
 4.7907406e-02    1.9127259e+00
 4.7507941e-02    1.9273028e+00
 4.7112494e-02    1.9418798e+00
 4.6721006e-02    1.9564568e+00
 4.6333416e-02    1.9710338e+00
 4.5949665e-02    1.9856108e+00
 4.5569697e-02    2.0001878e+00
 4.5193456e-02    2.0147648e+00
 4.4820887e-02    2.0293417e+00
 4.4451936e-02    2.0439187e+00
 4.4086551e-02    2.0584957e+00
 4.3724681e-02    2.0730727e+00
 4.3366274e-02    2.0876497e+00
 4.3011282e-02    2.1022267e+00
 4.2659655e-02    2.1168037e+00
 4.2311348e-02    2.1313806e+00
 4.1966312e-02    2.1459576e+00
 4.1624503e-02    2.1605346e+00
 4.1285876e-02    2.1751116e+00
 4.0950387e-02    2.1896886e+00
 4.0617993e-02    2.2042656e+00
 4.0288652e-02    2.2188426e+00
 3.9962323e-02    2.2334195e+00
 3.9638965e-02    2.2479965e+00
 3.9318538e-02    2.2625735e+00
 3.9001003e-02    2.2771505e+00
 3.8686322e-02    2.2917275e+00
 3.8374457e-02    2.3063045e+00
 3.8065371e-02    2.3208815e+00
 3.7759029e-02    2.3354584e+00
 3.7455393e-02    2.3500354e+00
 3.7154430e-02    2.3646124e+00
 3.6856105e-02    2.3791894e+00
 3.6560385e-02    2.3937664e+00
 3.6267235e-02    2.4083434e+00
 3.5976624e-02    2.4229204e+00
 3.5688519e-02    2.4374973e+00
 3.5402889e-02    2.4520743e+00
 3.5119704e-02    2.4666513e+00
 3.4838932e-02    2.4812283e+00
 3.4560543e-02    2.4958053e+00
 3.4284510e-02    2.5103823e+00
 3.4010802e-02    2.5249593e+00
 3.3739391e-02    2.5395362e+00
 3.3470249e-02    2.5541132e+00
 3.3203349e-02    2.5686902e+00
 3.2938664e-02    2.5832672e+00
 3.2676167e-02    2.5978442e+00
 3.2415832e-02    2.6124212e+00
 3.2157633e-02    2.6269982e+00
 3.1901545e-02    2.6415751e+00
 3.1647543e-02    2.6561521e+00
 3.1395603e-02    2.6707291e+00
 3.1145700e-02    2.6853061e+00
 3.0897811e-02    2.6998831e+00
 3.0651911e-02    2.7144601e+00
 3.0407980e-02    2.7290371e+00
 3.0165992e-02    2.7436140e+00
 2.9925927e-02    2.7581910e+00
 2.9687762e-02    2.7727680e+00
 2.9451476e-02    2.7873450e+00
 2.9217047e-02    2.8019220e+00
 2.8984454e-02    2.8164990e+00
 2.8753676e-02    2.8310760e+00
 2.8524694e-02    2.8456529e+00
 2.8297487e-02    2.8602299e+00
 2.8072035e-02    2.8748069e+00
 2.7848319e-02    2.8893839e+00
 2.7626319e-02    2.9039609e+00
 2.7406017e-02    2.9185379e+00
 2.7187394e-02    2.9331149e+00
 2.6970431e-02    2.9476918e+00
 2.6755111e-02    2.9622688e+00
 2.6541416e-02    2.9768458e+00
 2.6329327e-02    2.9914228e+00
 2.6118828e-02    3.0059998e+00
 2.5909901e-02    3.0205768e+00
 2.5702529e-02    3.0351538e+00
 2.5496696e-02    3.0497307e+00
 2.5292386e-02    3.0643077e+00
 2.5089582e-02    3.0788847e+00
 2.4888267e-02    3.0934617e+00
 2.4688428e-02    3.1080387e+00
 2.4490047e-02    3.1226157e+00
 2.4293109e-02    3.1371927e+00
 2.4097600e-02    3.1517696e+00
 2.3903503e-02    3.1663466e+00
 2.3710806e-02    3.1809236e+00
 2.3519492e-02    3.1955006e+00
 2.3329549e-02    3.2100776e+00
 2.3140960e-02    3.2246546e+00
 2.2953713e-02    3.2392316e+00
 2.2767794e-02    3.2538085e+00
 2.2583189e-02    3.2683855e+00
 2.2399884e-02    3.2829625e+00
 2.2217867e-02    3.2975395e+00
 2.2037123e-02    3.3121165e+00
 2.1857641e-02    3.3266935e+00
 2.1679407e-02    3.3412705e+00
 2.1502409e-02    3.3558474e+00
 2.1326635e-02    3.3704244e+00
 2.1152071e-02    3.3850014e+00
 2.0978706e-02    3.3995784e+00
 2.0806528e-02    3.4141554e+00
 2.0635525e-02    3.4287324e+00
 2.0465685e-02    3.4433094e+00
 2.0296997e-02    3.4578863e+00
 2.0129449e-02    3.4724633e+00
 1.9963030e-02    3.4870403e+00
 1.9797728e-02    3.5016173e+00
 1.9633533e-02    3.5161943e+00
 1.9470434e-02    3.5307713e+00
 1.9308420e-02    3.5453483e+00
 1.9147481e-02    3.5599252e+00
 1.8987605e-02    3.5745022e+00
 1.8828782e-02    3.5890792e+00
 1.8671003e-02    3.6036562e+00
 1.8514257e-02    3.6182332e+00
 1.8358534e-02    3.6328102e+00
 1.8203824e-02    3.6473872e+00
 1.8050117e-02    3.6619641e+00
 1.7897404e-02    3.6765411e+00
 1.7745674e-02    3.6911181e+00
 1.7594919e-02    3.7056951e+00
 1.7445130e-02    3.7202721e+00
 1.7296296e-02    3.7348491e+00
 1.7148409e-02    3.7494261e+00
 1.7001459e-02    3.7640031e+00
 1.6855438e-02    3.7785800e+00
 1.6710337e-02    3.7931570e+00
 1.6566147e-02    3.8077340e+00
 1.6422859e-02    3.8223110e+00
 1.6280466e-02    3.8368880e+00
 1.6138957e-02    3.8514650e+00
 1.5998326e-02    3.8660420e+00
 1.5858563e-02    3.8806189e+00
 1.5719660e-02    3.8951959e+00
 1.5581610e-02    3.9097729e+00
 1.5444405e-02    3.9243499e+00
 1.5308035e-02    3.9389269e+00
 1.5172494e-02    3.9535039e+00
 1.5037774e-02    3.9680809e+00
 1.4903867e-02    3.9826578e+00
 1.4770765e-02    3.9972348e+00
 1.4638461e-02    4.0118118e+00
 1.4506948e-02    4.0263888e+00
 1.4376218e-02    4.0409658e+00
 1.4246263e-02    4.0555428e+00
 1.4117077e-02    4.0701198e+00
 1.3988652e-02    4.0846967e+00
 1.3860982e-02    4.0992737e+00
 1.3734058e-02    4.1138507e+00
 1.3607875e-02    4.1284277e+00
 1.3482426e-02    4.1430047e+00
 1.3357703e-02    4.1575817e+00
 1.3233700e-02    4.1721587e+00
 1.3110411e-02    4.1867356e+00
 1.2987828e-02    4.2013126e+00
 1.2865945e-02    4.2158896e+00
 1.2744756e-02    4.2304666e+00
 1.2624254e-02    4.2450436e+00
 1.2504433e-02    4.2596206e+00
 1.2385287e-02    4.2741976e+00
 1.2266809e-02    4.2887745e+00
 1.2148994e-02    4.3033515e+00
 1.2031834e-02    4.3179285e+00
 1.1915325e-02    4.3325055e+00
 1.1799460e-02    4.3470825e+00
 1.1684233e-02    4.3616595e+00
 1.1569639e-02    4.3762365e+00
 1.1455671e-02    4.3908134e+00
 1.1342324e-02    4.4053904e+00
 1.1229592e-02    4.4199674e+00
 1.1117469e-02    4.4345444e+00
 1.1005950e-02    4.4491214e+00
 1.0895030e-02    4.4636984e+00
 1.0784702e-02    4.4782754e+00
 1.0674962e-02    4.4928523e+00
 1.0565804e-02    4.5074293e+00
 1.0457222e-02    4.5220063e+00
 1.0349212e-02    4.5365833e+00
 1.0241768e-02    4.5511603e+00
 1.0134884e-02    4.5657373e+00
 1.0028557e-02    4.5803143e+00
 9.9227799e-03    4.5948912e+00
 9.8175485e-03    4.6094682e+00
 9.7128578e-03    4.6240452e+00
 9.6087026e-03    4.6386222e+00
 9.5050782e-03    4.6531992e+00
 9.4019795e-03    4.6677762e+00
 9.2994018e-03    4.6823532e+00
 9.1973403e-03    4.6969301e+00
 9.0957902e-03    4.7115071e+00
 8.9947468e-03    4.7260841e+00
 8.8942055e-03    4.7406611e+00
 8.7941616e-03    4.7552381e+00
 8.6946104e-03    4.7698151e+00
 8.5955476e-03    4.7843921e+00
 8.4969685e-03    4.7989690e+00
 8.3988687e-03    4.8135460e+00
 8.3012437e-03    4.8281230e+00
 8.2040892e-03    4.8427000e+00
 8.1074008e-03    4.8572770e+00
 8.0111742e-03    4.8718540e+00
 7.9154050e-03    4.8864310e+00
 7.8200891e-03    4.9010079e+00
 7.7252222e-03    4.9155849e+00
 7.6308002e-03    4.9301619e+00
 7.5368188e-03    4.9447389e+00
 7.4432740e-03    4.9593159e+00
 7.3501618e-03    4.9738929e+00
 7.2574780e-03    4.9884699e+00
 7.1652186e-03    5.0030468e+00
 7.0733797e-03    5.0176238e+00
 6.9819574e-03    5.0322008e+00
 6.8909476e-03    5.0467778e+00
 6.8003466e-03    5.0613548e+00
 6.7101504e-03    5.0759318e+00
 6.6203553e-03    5.0905088e+00
 6.5309574e-03    5.1050857e+00
 6.4419531e-03    5.1196627e+00
 6.3533385e-03    5.1342397e+00
 6.2651099e-03    5.1488167e+00
 6.1772638e-03    5.1633937e+00
 6.0897964e-03    5.1779707e+00
 6.0027041e-03    5.1925477e+00
 5.9159834e-03    5.2071246e+00
 5.8296306e-03    5.2217016e+00
 5.7436423e-03    5.2362786e+00
 5.6580149e-03    5.2508556e+00
 5.5727450e-03    5.2654326e+00
 5.4878291e-03    5.2800096e+00
 5.4032638e-03    5.2945866e+00
 5.3190456e-03    5.3091635e+00
 5.2351712e-03    5.3237405e+00
 5.1516373e-03    5.3383175e+00
 5.0684405e-03    5.3528945e+00
 4.9855775e-03    5.3674715e+00
 4.9030451e-03    5.3820485e+00
 4.8208399e-03    5.3966255e+00
 4.7389588e-03    5.4112024e+00
 4.6573986e-03    5.4257794e+00
 4.5761560e-03    5.4403564e+00
 4.4952279e-03    5.4549334e+00
 4.4146112e-03    5.4695104e+00
 4.3343028e-03    5.4840874e+00
 4.2542995e-03    5.4986644e+00
 4.1745984e-03    5.5132413e+00
 4.0951963e-03    5.5278183e+00
 4.0160902e-03    5.5423953e+00
 3.9372771e-03    5.5569723e+00
 3.8587541e-03    5.5715493e+00
 3.7805181e-03    5.5861263e+00
 3.7025663e-03    5.6007033e+00
 3.6248956e-03    5.6152802e+00
 3.5475033e-03    5.6298572e+00
 3.4703864e-03    5.6444342e+00
 3.3935420e-03    5.6590112e+00
 3.3169674e-03    5.6735882e+00
 3.2406596e-03    5.6881652e+00
 3.1646160e-03    5.7027422e+00
 3.0888336e-03    5.7173191e+00
 3.0133098e-03    5.7318961e+00
 2.9380417e-03    5.7464731e+00
 2.8630267e-03    5.7610501e+00
 2.7882620e-03    5.7756271e+00
 2.7137450e-03    5.7902041e+00
 2.6394729e-03    5.8047811e+00
 2.5654431e-03    5.8193580e+00
 2.4916530e-03    5.8339350e+00
 2.4180999e-03    5.8485120e+00
 2.3447812e-03    5.8630890e+00
 2.2716944e-03    5.8776660e+00
 2.1988368e-03    5.8922430e+00
 2.1262059e-03    5.9068200e+00
 2.0537992e-03    5.9213969e+00
 1.9816140e-03    5.9359739e+00
 1.9096480e-03    5.9505509e+00
 1.8378986e-03    5.9651279e+00
 1.7663634e-03    5.9797049e+00
 1.6950398e-03    5.9942819e+00
 1.6239254e-03    6.0088589e+00
 1.5530178e-03    6.0234358e+00
 1.4823145e-03    6.0380128e+00
 1.4118132e-03    6.0525898e+00
 1.3415115e-03    6.0671668e+00
 1.2714069e-03    6.0817438e+00
 1.2014972e-03    6.0963208e+00
 1.1317799e-03    6.1108978e+00
 1.0622527e-03    6.1254747e+00
 9.9291341e-04    6.1400517e+00
 9.2375958e-04    6.1546287e+00
 8.5478895e-04    6.1692057e+00
 7.8599924e-04    6.1837827e+00
 7.1738819e-04    6.1983597e+00
 6.4895353e-04    6.2129367e+00
 5.8069302e-04    6.2275136e+00
 5.1260443e-04    6.2420906e+00
 4.4468555e-04    6.2566676e+00
 3.7693417e-04    6.2712446e+00
 3.0934809e-04    6.2858216e+00
 2.4192513e-04    6.3003986e+00
 1.7466312e-04    6.3149756e+00
 1.0755991e-04    6.3295525e+00
 4.0613348e-05    6.3441295e+00
-2.6178704e-05    6.3587065e+00
-9.2818367e-05    6.3732835e+00
-1.5930775e-04    6.3878605e+00
-2.2564896e-04    6.4024375e+00
-2.9184408e-04    6.4170145e+00
-3.5789520e-04    6.4315914e+00
-4.2380437e-04    6.4461684e+00
-4.8957366e-04    6.4607454e+00
-5.5520512e-04    6.4753224e+00
-6.2070077e-04    6.4898994e+00
-6.8606266e-04    6.5044764e+00
-7.5129278e-04    6.5190534e+00
-8.1639316e-04    6.5336303e+00
-8.8136578e-04    6.5482073e+00
-9.4621262e-04    6.5627843e+00
-1.0109357e-03    6.5773613e+00
-1.0755369e-03    6.5919383e+00
-1.1400183e-03    6.6065153e+00
-1.2043817e-03    6.6210923e+00
-1.2686291e-03    6.6356692e+00
-1.3327625e-03    6.6502462e+00
-1.3967838e-03    6.6648232e+00
-1.4606948e-03    6.6794002e+00
-1.5244975e-03    6.6939772e+00
-1.5881938e-03    6.7085542e+00
-1.6517855e-03    6.7231312e+00
-1.7152746e-03    6.7377081e+00
-1.7786628e-03    6.7522851e+00
-1.8419521e-03    6.7668621e+00
-1.9051444e-03    6.7814391e+00
-1.9682413e-03    6.7960161e+00
-2.0312449e-03    6.8105931e+00
-2.0941568e-03    6.8251701e+00
-2.1569790e-03    6.8397470e+00
-2.2197132e-03    6.8543240e+00
-2.2823613e-03    6.8689010e+00
-2.3449250e-03    6.8834780e+00
-2.4074061e-03    6.8980550e+00
-2.4698065e-03    6.9126320e+00
-2.5321278e-03    6.9272090e+00
-2.5943718e-03    6.9417859e+00
-2.6565404e-03    6.9563629e+00
-2.7186352e-03    6.9709399e+00
-2.7806580e-03    6.9855169e+00
-2.8426105e-03    7.0000939e+00
-2.9044945e-03    7.0146709e+00
-2.9663117e-03    7.0292479e+00
-3.0280637e-03    7.0438248e+00
-3.0897524e-03    7.0584018e+00
-3.1513794e-03    7.0729788e+00
-3.2129465e-03    7.0875558e+00
-3.2744552e-03    7.1021328e+00
-3.3359073e-03    7.1167098e+00
-3.3973045e-03    7.1312868e+00
-3.4586484e-03    7.1458637e+00
-3.5199408e-03    7.1604407e+00
-3.5811832e-03    7.1750177e+00
-3.6423773e-03    7.1895947e+00
-3.7035248e-03    7.2041717e+00
-3.7646274e-03    7.2187487e+00
-3.8256865e-03    7.2333257e+00
-3.8867040e-03    7.2479026e+00
-3.9476814e-03    7.2624796e+00
-4.0086203e-03    7.2770566e+00
-4.0695223e-03    7.2916336e+00
-4.1303891e-03    7.3062106e+00
-4.1912223e-03    7.3207876e+00
-4.2520234e-03    7.3353646e+00
-4.3127941e-03    7.3499415e+00
-4.3735359e-03    7.3645185e+00
-4.4342504e-03    7.3790955e+00
-4.4949393e-03    7.3936725e+00
-4.5556041e-03    7.4082495e+00
-4.6162463e-03    7.4228265e+00
-4.6768675e-03    7.4374035e+00
-4.7374693e-03    7.4519804e+00
-4.7980533e-03    7.4665574e+00
-4.8586209e-03    7.4811344e+00
-4.9191738e-03    7.4957114e+00
-4.9797134e-03    7.5102884e+00
-5.0402414e-03    7.5248654e+00
-5.1007593e-03    7.5394424e+00
-5.1612685e-03    7.5540193e+00
-5.2217706e-03    7.5685963e+00
-5.2822672e-03    7.5831733e+00
-5.3427598e-03    7.5977503e+00
-5.4032498e-03    7.6123273e+00
-5.4637388e-03    7.6269043e+00
-5.5242282e-03    7.6414813e+00
-5.5847197e-03    7.6560582e+00
-5.6452147e-03    7.6706352e+00
-5.7057146e-03    7.6852122e+00
-5.7662211e-03    7.6997892e+00
-5.8267355e-03    7.7143662e+00
-5.8872593e-03    7.7289432e+00
-5.9477941e-03    7.7435202e+00
-6.0083413e-03    7.7580971e+00
-6.0689024e-03    7.7726741e+00
-6.1294789e-03    7.7872511e+00
-6.1900722e-03    7.8018281e+00
-6.2506839e-03    7.8164051e+00
-6.3113152e-03    7.8309821e+00
-6.3719679e-03    7.8455591e+00
-6.4326432e-03    7.8601360e+00
-6.4933426e-03    7.8747130e+00
-6.5540676e-03    7.8892900e+00
-6.6148197e-03    7.9038670e+00
-6.6756003e-03    7.9184440e+00
-6.7364108e-03    7.9330210e+00
-6.7972526e-03    7.9475980e+00
-6.8581273e-03    7.9621749e+00
-6.9190362e-03    7.9767519e+00
-6.9799809e-03    7.9913289e+00
-7.0409626e-03    8.0059059e+00
-7.1019829e-03    8.0204829e+00
-7.1630431e-03    8.0350599e+00
-7.2241448e-03    8.0496369e+00
-7.2852893e-03    8.0642138e+00
-7.3464780e-03    8.0787908e+00
-7.4077123e-03    8.0933678e+00
-7.4689938e-03    8.1079448e+00
-7.5303237e-03    8.1225218e+00
-7.5917036e-03    8.1370988e+00
-7.6531347e-03    8.1516758e+00
-7.7146186e-03    8.1662527e+00
-7.7761566e-03    8.1808297e+00
-7.8377501e-03    8.1954067e+00
-7.8994006e-03    8.2099837e+00
-7.9611095e-03    8.2245607e+00
-8.0228780e-03    8.2391377e+00
-8.0847077e-03    8.2537147e+00
-8.1466000e-03    8.2682916e+00
-8.2085562e-03    8.2828686e+00
-8.2705777e-03    8.2974456e+00
-8.3326660e-03    8.3120226e+00
-8.3948223e-03    8.3265996e+00
-8.4570482e-03    8.3411766e+00
-8.5193450e-03    8.3557536e+00
-8.5817140e-03    8.3703305e+00
-8.6441568e-03    8.3849075e+00
-8.7066746e-03    8.3994845e+00
-8.7692688e-03    8.4140615e+00
-8.8319409e-03    8.4286385e+00
-8.8946922e-03    8.4432155e+00
-8.9575240e-03    8.4577925e+00
-9.0204379e-03    8.4723694e+00
-9.0834351e-03    8.4869464e+00
-9.1465171e-03    8.5015234e+00
-9.2096852e-03    8.5161004e+00
-9.2729408e-03    8.5306774e+00
-9.3362852e-03    8.5452544e+00
-9.3997199e-03    8.5598314e+00
-9.4632463e-03    8.5744083e+00
-9.5268657e-03    8.5889853e+00
-9.5905794e-03    8.6035623e+00
-9.6543889e-03    8.6181393e+00
-9.7182956e-03    8.6327163e+00
-9.7823007e-03    8.6472933e+00
-9.8464058e-03    8.6618703e+00
-9.9106121e-03    8.6764472e+00
-9.9749210e-03    8.6910242e+00
-1.0039334e-02    8.7056012e+00
-1.0103852e-02    8.7201782e+00
-1.0168477e-02    8.7347552e+00
-1.0233211e-02    8.7493322e+00
-1.0298053e-02    8.7639092e+00
-1.0363007e-02    8.7784861e+00
-1.0428073e-02    8.7930631e+00
-1.0493252e-02    8.8076401e+00
-1.0558547e-02    8.8222171e+00
-1.0623958e-02    8.8367941e+00
-1.0689486e-02    8.8513711e+00
-1.0755134e-02    8.8659481e+00
-1.0820903e-02    8.8805250e+00
-1.0886793e-02    8.8951020e+00
-1.0952806e-02    8.9096790e+00
-1.1018944e-02    8.9242560e+00
-1.1085208e-02    8.9388330e+00
-1.1151600e-02    8.9534100e+00
-1.1218120e-02    8.9679870e+00
-1.1284770e-02    8.9825639e+00
-1.1351552e-02    8.9971409e+00
-1.1418467e-02    9.0117179e+00
-1.1485516e-02    9.0262949e+00
-1.1552701e-02    9.0408719e+00
-1.1620023e-02    9.0554489e+00
-1.1687483e-02    9.0700259e+00
-1.1755083e-02    9.0846028e+00
-1.1822824e-02    9.0991798e+00
-1.1890708e-02    9.1137568e+00
-1.1958736e-02    9.1283338e+00
-1.2026909e-02    9.1429108e+00
-1.2095229e-02    9.1574878e+00
-1.2163697e-02    9.1720648e+00
-1.2232315e-02    9.1866417e+00
-1.2301084e-02    9.2012187e+00
-1.2370004e-02    9.2157957e+00
-1.2439079e-02    9.2303727e+00
-1.2508309e-02    9.2449497e+00
-1.2577695e-02    9.2595267e+00
-1.2647239e-02    9.2741037e+00
-1.2716943e-02    9.2886807e+00
-1.2786807e-02    9.3032576e+00
-1.2856833e-02    9.3178346e+00
-1.2927023e-02    9.3324116e+00
-1.2997378e-02    9.3469886e+00
-1.3067899e-02    9.3615656e+00
-1.3138588e-02    9.3761426e+00
-1.3209446e-02    9.3907196e+00
-1.3280474e-02    9.4052965e+00
-1.3351675e-02    9.4198735e+00
-1.3423049e-02    9.4344505e+00
-1.3494598e-02    9.4490275e+00
-1.3566323e-02    9.4636045e+00
-1.3638225e-02    9.4781815e+00
-1.3710307e-02    9.4927585e+00
-1.3782569e-02    9.5073354e+00
-1.3855013e-02    9.5219124e+00
-1.3927641e-02    9.5364894e+00
-1.4000453e-02    9.5510664e+00
-1.4073452e-02    9.5656434e+00
-1.4146638e-02    9.5802204e+00
-1.4220014e-02    9.5947974e+00
-1.4293580e-02    9.6093743e+00
-1.4367337e-02    9.6239513e+00
-1.4441289e-02    9.6385283e+00
-1.4515435e-02    9.6531053e+00
-1.4589778e-02    9.6676823e+00
-1.4664318e-02    9.6822593e+00
-1.4739058e-02    9.6968363e+00
-1.4813998e-02    9.7114132e+00
-1.4889140e-02    9.7259902e+00
-1.4964486e-02    9.7405672e+00
-1.5040037e-02    9.7551442e+00
-1.5115795e-02    9.7697212e+00
-1.5191761e-02    9.7842982e+00
-1.5267936e-02    9.7988752e+00
-1.5344322e-02    9.8134521e+00
-1.5420921e-02    9.8280291e+00
-1.5497733e-02    9.8426061e+00
-1.5574761e-02    9.8571831e+00
-1.5652006e-02    9.8717601e+00
-1.5729469e-02    9.8863371e+00
-1.5807152e-02    9.9009141e+00
-1.5885056e-02    9.9154910e+00
-1.5963183e-02    9.9300680e+00
-1.6041535e-02    9.9446450e+00
-1.6120112e-02    9.9592220e+00
-1.6198917e-02    9.9737990e+00
-1.6277951e-02    9.9883760e+00
-1.6357215e-02    1.0002953e+01
-1.6436711e-02    1.0017530e+01
-1.6516440e-02    1.0032107e+01
-1.6596405e-02    1.0046684e+01
-1.6676606e-02    1.0061261e+01
-1.6757045e-02    1.0075838e+01
-1.6837723e-02    1.0090415e+01
-1.6918642e-02    1.0104992e+01
-1.6999804e-02    1.0119569e+01
-1.7081211e-02    1.0134146e+01
-1.7162863e-02    1.0148723e+01
-1.7244762e-02    1.0163300e+01
-1.7326910e-02    1.0177877e+01
-1.7409308e-02    1.0192454e+01
-1.7491958e-02    1.0207031e+01
-1.7574862e-02    1.0221608e+01
-1.7658021e-02    1.0236185e+01
-1.7741436e-02    1.0250762e+01
-1.7825110e-02    1.0265339e+01
-1.7909043e-02    1.0279916e+01
-1.7993238e-02    1.0294493e+01
-1.8077695e-02    1.0309070e+01
-1.8162418e-02    1.0323647e+01
-1.8247406e-02    1.0338224e+01
-1.8332662e-02    1.0352801e+01
-1.8418187e-02    1.0367378e+01
-1.8503984e-02    1.0381955e+01
-1.8590053e-02    1.0396532e+01
-1.8676396e-02    1.0411109e+01
-1.8763014e-02    1.0425686e+01
-1.8849911e-02    1.0440263e+01
-1.8937086e-02    1.0454840e+01
-1.9024542e-02    1.0469416e+01
-1.9112280e-02    1.0483993e+01
-1.9200302e-02    1.0498570e+01
-1.9288610e-02    1.0513147e+01
-1.9377205e-02    1.0527724e+01
-1.9466089e-02    1.0542301e+01
-1.9555264e-02    1.0556878e+01
-1.9644730e-02    1.0571455e+01
-1.9734491e-02    1.0586032e+01
-1.9824547e-02    1.0600609e+01
-1.9914900e-02    1.0615186e+01
-2.0005552e-02    1.0629763e+01
-2.0096505e-02    1.0644340e+01
-2.0187760e-02    1.0658917e+01
-2.0279319e-02    1.0673494e+01
-2.0371184e-02    1.0688071e+01
-2.0463356e-02    1.0702648e+01
-2.0555838e-02    1.0717225e+01
-2.0648630e-02    1.0731802e+01
-2.0741734e-02    1.0746379e+01
-2.0835153e-02    1.0760956e+01
-2.0928888e-02    1.0775533e+01
-2.1022941e-02    1.0790110e+01
-2.1117313e-02    1.0804687e+01
-2.1212006e-02    1.0819264e+01
-2.1307022e-02    1.0833841e+01
-2.1402363e-02    1.0848418e+01
-2.1498030e-02    1.0862995e+01
-2.1594026e-02    1.0877572e+01
-2.1690352e-02    1.0892149e+01
-2.1787009e-02    1.0906726e+01
-2.1884000e-02    1.0921303e+01
-2.1981326e-02    1.0935880e+01
-2.2078990e-02    1.0950457e+01
-2.2176992e-02    1.0965034e+01
-2.2275335e-02    1.0979611e+01
-2.2374021e-02    1.0994188e+01
-2.2473051e-02    1.1008765e+01
-2.2572427e-02    1.1023342e+01
-2.2672152e-02    1.1037919e+01
-2.2772226e-02    1.1052496e+01
-2.2872652e-02    1.1067073e+01
-2.2973431e-02    1.1081650e+01
-2.3074566e-02    1.1096227e+01
-2.3176058e-02    1.1110804e+01
-2.3277909e-02    1.1125381e+01
-2.3380121e-02    1.1139958e+01
-2.3482696e-02    1.1154535e+01
-2.3585636e-02    1.1169112e+01
-2.3688942e-02    1.1183689e+01
-2.3792617e-02    1.1198266e+01
-2.3896662e-02    1.1212843e+01
-2.4001080e-02    1.1227420e+01
-2.4105872e-02    1.1241997e+01
-2.4211039e-02    1.1256574e+01
-2.4316585e-02    1.1271151e+01
-2.4422511e-02    1.1285728e+01
-2.4528819e-02    1.1300305e+01
-2.4635511e-02    1.1314882e+01
-2.4742588e-02    1.1329459e+01
-2.4850054e-02    1.1344036e+01
-2.4957909e-02    1.1358613e+01
-2.5066155e-02    1.1373190e+01
-2.5174796e-02    1.1387767e+01
-2.5283832e-02    1.1402344e+01
-2.5393265e-02    1.1416921e+01
-2.5503099e-02    1.1431498e+01
-2.5613334e-02    1.1446075e+01
-2.5723972e-02    1.1460652e+01
-2.5835017e-02    1.1475229e+01
-2.5946468e-02    1.1489805e+01
-2.6058330e-02    1.1504382e+01
-2.6170604e-02    1.1518959e+01
-2.6283291e-02    1.1533536e+01
-2.6396394e-02    1.1548113e+01
-2.6509915e-02    1.1562690e+01
-2.6623856e-02    1.1577267e+01
-2.6738219e-02    1.1591844e+01
-2.6853006e-02    1.1606421e+01
-2.6968219e-02    1.1620998e+01
-2.7083861e-02    1.1635575e+01
-2.7199933e-02    1.1650152e+01
-2.7316437e-02    1.1664729e+01
-2.7433376e-02    1.1679306e+01
-2.7550752e-02    1.1693883e+01
-2.7668567e-02    1.1708460e+01
-2.7786823e-02    1.1723037e+01
-2.7905522e-02    1.1737614e+01
-2.8024666e-02    1.1752191e+01
-2.8144258e-02    1.1766768e+01
-2.8264299e-02    1.1781345e+01
-2.8384793e-02    1.1795922e+01
-2.8505740e-02    1.1810499e+01
-2.8627143e-02    1.1825076e+01
-2.8749005e-02    1.1839653e+01
-2.8871328e-02    1.1854230e+01
-2.8994113e-02    1.1868807e+01
-2.9117364e-02    1.1883384e+01
-2.9241081e-02    1.1897961e+01
-2.9365268e-02    1.1912538e+01
-2.9489927e-02    1.1927115e+01
-2.9615061e-02    1.1941692e+01
-2.9740670e-02    1.1956269e+01
-2.9866758e-02    1.1970846e+01
-2.9993327e-02    1.1985423e+01
-3.0120379e-02    1.2000000e+01
 0.0000000e+00    1.2050125e+01
 0.0000000e+00    1.2100251e+01
 0.0000000e+00    1.2150376e+01
 0.0000000e+00    1.2200501e+01
 0.0000000e+00    1.2250627e+01
 0.0000000e+00    1.2300752e+01
 0.0000000e+00    1.2350877e+01
 0.0000000e+00    1.2401003e+01
 0.0000000e+00    1.2451128e+01
 0.0000000e+00    1.2501253e+01
 0.0000000e+00    1.2551378e+01
 0.0000000e+00    1.2601504e+01
 0.0000000e+00    1.2651629e+01
 0.0000000e+00    1.2701754e+01
 0.0000000e+00    1.2751880e+01
 0.0000000e+00    1.2802005e+01
 0.0000000e+00    1.2852130e+01
 0.0000000e+00    1.2902256e+01
 0.0000000e+00    1.2952381e+01
 0.0000000e+00    1.3002506e+01
 0.0000000e+00    1.3052632e+01
 0.0000000e+00    1.3102757e+01
 0.0000000e+00    1.3152882e+01
 0.0000000e+00    1.3203008e+01
 0.0000000e+00    1.3253133e+01
 0.0000000e+00    1.3303258e+01
 0.0000000e+00    1.3353383e+01
 0.0000000e+00    1.3403509e+01
 0.0000000e+00    1.3453634e+01
 0.0000000e+00    1.3503759e+01
 0.0000000e+00    1.3553885e+01
 0.0000000e+00    1.3604010e+01
 0.0000000e+00    1.3654135e+01
 0.0000000e+00    1.3704261e+01
 0.0000000e+00    1.3754386e+01
 0.0000000e+00    1.3804511e+01
 0.0000000e+00    1.3854637e+01
 0.0000000e+00    1.3904762e+01
 0.0000000e+00    1.3954887e+01
 0.0000000e+00    1.4005013e+01
 0.0000000e+00    1.4055138e+01
 0.0000000e+00    1.4105263e+01
 0.0000000e+00    1.4155388e+01
 0.0000000e+00    1.4205514e+01
 0.0000000e+00    1.4255639e+01
 0.0000000e+00    1.4305764e+01
 0.0000000e+00    1.4355890e+01
 0.0000000e+00    1.4406015e+01
 0.0000000e+00    1.4456140e+01
 0.0000000e+00    1.4506266e+01
 0.0000000e+00    1.4556391e+01
 0.0000000e+00    1.4606516e+01
 0.0000000e+00    1.4656642e+01
 0.0000000e+00    1.4706767e+01
 0.0000000e+00    1.4756892e+01
 0.0000000e+00    1.4807018e+01
 0.0000000e+00    1.4857143e+01
 0.0000000e+00    1.4907268e+01
 0.0000000e+00    1.4957393e+01
 0.0000000e+00    1.5007519e+01
 0.0000000e+00    1.5057644e+01
 0.0000000e+00    1.5107769e+01
 0.0000000e+00    1.5157895e+01
 0.0000000e+00    1.5208020e+01
 0.0000000e+00    1.5258145e+01
 0.0000000e+00    1.5308271e+01
 0.0000000e+00    1.5358396e+01
 0.0000000e+00    1.5408521e+01
 0.0000000e+00    1.5458647e+01
 0.0000000e+00    1.5508772e+01
 0.0000000e+00    1.5558897e+01
 0.0000000e+00    1.5609023e+01
 0.0000000e+00    1.5659148e+01
 0.0000000e+00    1.5709273e+01
 0.0000000e+00    1.5759398e+01
 0.0000000e+00    1.5809524e+01
 0.0000000e+00    1.5859649e+01
 0.0000000e+00    1.5909774e+01
 0.0000000e+00    1.5959900e+01
 0.0000000e+00    1.6010025e+01
 0.0000000e+00    1.6060150e+01
 0.0000000e+00    1.6110276e+01
 0.0000000e+00    1.6160401e+01
 0.0000000e+00    1.6210526e+01
 0.0000000e+00    1.6260652e+01
 0.0000000e+00    1.6310777e+01
 0.0000000e+00    1.6360902e+01
 0.0000000e+00    1.6411028e+01
 0.0000000e+00    1.6461153e+01
 0.0000000e+00    1.6511278e+01
 0.0000000e+00    1.6561404e+01
 0.0000000e+00    1.6611529e+01
 0.0000000e+00    1.6661654e+01
 0.0000000e+00    1.6711779e+01
 0.0000000e+00    1.6761905e+01
 0.0000000e+00    1.6812030e+01
 0.0000000e+00    1.6862155e+01
 0.0000000e+00    1.6912281e+01
 0.0000000e+00    1.6962406e+01
 0.0000000e+00    1.7012531e+01
 0.0000000e+00    1.7062657e+01
 0.0000000e+00    1.7112782e+01
 0.0000000e+00    1.7162907e+01
 0.0000000e+00    1.7213033e+01
 0.0000000e+00    1.7263158e+01
 0.0000000e+00    1.7313283e+01
 0.0000000e+00    1.7363409e+01
 0.0000000e+00    1.7413534e+01
 0.0000000e+00    1.7463659e+01
 0.0000000e+00    1.7513784e+01
 0.0000000e+00    1.7563910e+01
 0.0000000e+00    1.7614035e+01
 0.0000000e+00    1.7664160e+01
 0.0000000e+00    1.7714286e+01
 0.0000000e+00    1.7764411e+01
 0.0000000e+00    1.7814536e+01
 0.0000000e+00    1.7864662e+01
 0.0000000e+00    1.7914787e+01
 0.0000000e+00    1.7964912e+01
 0.0000000e+00    1.8015038e+01
 0.0000000e+00    1.8065163e+01
 0.0000000e+00    1.8115288e+01
 0.0000000e+00    1.8165414e+01
 0.0000000e+00    1.8215539e+01
 0.0000000e+00    1.8265664e+01
 0.0000000e+00    1.8315789e+01
 0.0000000e+00    1.8365915e+01
 0.0000000e+00    1.8416040e+01
 0.0000000e+00    1.8466165e+01
 0.0000000e+00    1.8516291e+01
 0.0000000e+00    1.8566416e+01
 0.0000000e+00    1.8616541e+01
 0.0000000e+00    1.8666667e+01
 0.0000000e+00    1.8716792e+01
 0.0000000e+00    1.8766917e+01
 0.0000000e+00    1.8817043e+01
 0.0000000e+00    1.8867168e+01
 0.0000000e+00    1.8917293e+01
 0.0000000e+00    1.8967419e+01
 0.0000000e+00    1.9017544e+01
 0.0000000e+00    1.9067669e+01
 0.0000000e+00    1.9117794e+01
 0.0000000e+00    1.9167920e+01
 0.0000000e+00    1.9218045e+01
 0.0000000e+00    1.9268170e+01
 0.0000000e+00    1.9318296e+01
 0.0000000e+00    1.9368421e+01
 0.0000000e+00    1.9418546e+01
 0.0000000e+00    1.9468672e+01
 0.0000000e+00    1.9518797e+01
 0.0000000e+00    1.9568922e+01
 0.0000000e+00    1.9619048e+01
 0.0000000e+00    1.9669173e+01
 0.0000000e+00    1.9719298e+01
 0.0000000e+00    1.9769424e+01
 0.0000000e+00    1.9819549e+01
 0.0000000e+00    1.9869674e+01
 0.0000000e+00    1.9919799e+01
 0.0000000e+00    1.9969925e+01
 0.0000000e+00    2.0020050e+01
 0.0000000e+00    2.0070175e+01
 0.0000000e+00    2.0120301e+01
 0.0000000e+00    2.0170426e+01
 0.0000000e+00    2.0220551e+01
 0.0000000e+00    2.0270677e+01
 0.0000000e+00    2.0320802e+01
 0.0000000e+00    2.0370927e+01
 0.0000000e+00    2.0421053e+01
 0.0000000e+00    2.0471178e+01
 0.0000000e+00    2.0521303e+01
 0.0000000e+00    2.0571429e+01
 0.0000000e+00    2.0621554e+01
 0.0000000e+00    2.0671679e+01
 0.0000000e+00    2.0721805e+01
 0.0000000e+00    2.0771930e+01
 0.0000000e+00    2.0822055e+01
 0.0000000e+00    2.0872180e+01
 0.0000000e+00    2.0922306e+01
 0.0000000e+00    2.0972431e+01
 0.0000000e+00    2.1022556e+01
 0.0000000e+00    2.1072682e+01
 0.0000000e+00    2.1122807e+01
 0.0000000e+00    2.1172932e+01
 0.0000000e+00    2.1223058e+01
 0.0000000e+00    2.1273183e+01
 0.0000000e+00    2.1323308e+01
 0.0000000e+00    2.1373434e+01
 0.0000000e+00    2.1423559e+01
 0.0000000e+00    2.1473684e+01
 0.0000000e+00    2.1523810e+01
 0.0000000e+00    2.1573935e+01
 0.0000000e+00    2.1624060e+01
 0.0000000e+00    2.1674185e+01
 0.0000000e+00    2.1724311e+01
 0.0000000e+00    2.1774436e+01
 0.0000000e+00    2.1824561e+01
 0.0000000e+00    2.1874687e+01
 0.0000000e+00    2.1924812e+01
 0.0000000e+00    2.1974937e+01
 0.0000000e+00    2.2025063e+01
 0.0000000e+00    2.2075188e+01
 0.0000000e+00    2.2125313e+01
 0.0000000e+00    2.2175439e+01
 0.0000000e+00    2.2225564e+01
 0.0000000e+00    2.2275689e+01
 0.0000000e+00    2.2325815e+01
 0.0000000e+00    2.2375940e+01
 0.0000000e+00    2.2426065e+01
 0.0000000e+00    2.2476190e+01
 0.0000000e+00    2.2526316e+01
 0.0000000e+00    2.2576441e+01
 0.0000000e+00    2.2626566e+01
 0.0000000e+00    2.2676692e+01
 0.0000000e+00    2.2726817e+01
 0.0000000e+00    2.2776942e+01
 0.0000000e+00    2.2827068e+01
 0.0000000e+00    2.2877193e+01
 0.0000000e+00    2.2927318e+01
 0.0000000e+00    2.2977444e+01
 0.0000000e+00    2.3027569e+01
 0.0000000e+00    2.3077694e+01
 0.0000000e+00    2.3127820e+01
 0.0000000e+00    2.3177945e+01
 0.0000000e+00    2.3228070e+01
 0.0000000e+00    2.3278195e+01
 0.0000000e+00    2.3328321e+01
 0.0000000e+00    2.3378446e+01
 0.0000000e+00    2.3428571e+01
 0.0000000e+00    2.3478697e+01
 0.0000000e+00    2.3528822e+01
 0.0000000e+00    2.3578947e+01
 0.0000000e+00    2.3629073e+01
 0.0000000e+00    2.3679198e+01
 0.0000000e+00    2.3729323e+01
 0.0000000e+00    2.3779449e+01
 0.0000000e+00    2.3829574e+01
 0.0000000e+00    2.3879699e+01
 0.0000000e+00    2.3929825e+01
 0.0000000e+00    2.3979950e+01
 0.0000000e+00    2.4030075e+01
 0.0000000e+00    2.4080201e+01
 0.0000000e+00    2.4130326e+01
 0.0000000e+00    2.4180451e+01
 0.0000000e+00    2.4230576e+01
 0.0000000e+00    2.4280702e+01
 0.0000000e+00    2.4330827e+01
 0.0000000e+00    2.4380952e+01
 0.0000000e+00    2.4431078e+01
 0.0000000e+00    2.4481203e+01
 0.0000000e+00    2.4531328e+01
 0.0000000e+00    2.4581454e+01
 0.0000000e+00    2.4631579e+01
 0.0000000e+00    2.4681704e+01
 0.0000000e+00    2.4731830e+01
 0.0000000e+00    2.4781955e+01
 0.0000000e+00    2.4832080e+01
 0.0000000e+00    2.4882206e+01
 0.0000000e+00    2.4932331e+01
 0.0000000e+00    2.4982456e+01
 0.0000000e+00    2.5032581e+01
 0.0000000e+00    2.5082707e+01
 0.0000000e+00    2.5132832e+01
 0.0000000e+00    2.5182957e+01
 0.0000000e+00    2.5233083e+01
 0.0000000e+00    2.5283208e+01
 0.0000000e+00    2.5333333e+01
 0.0000000e+00    2.5383459e+01
 0.0000000e+00    2.5433584e+01
 0.0000000e+00    2.5483709e+01
 0.0000000e+00    2.5533835e+01
 0.0000000e+00    2.5583960e+01
 0.0000000e+00    2.5634085e+01
 0.0000000e+00    2.5684211e+01
 0.0000000e+00    2.5734336e+01
 0.0000000e+00    2.5784461e+01
 0.0000000e+00    2.5834586e+01
 0.0000000e+00    2.5884712e+01
 0.0000000e+00    2.5934837e+01
 0.0000000e+00    2.5984962e+01
 0.0000000e+00    2.6035088e+01
 0.0000000e+00    2.6085213e+01
 0.0000000e+00    2.6135338e+01
 0.0000000e+00    2.6185464e+01
 0.0000000e+00    2.6235589e+01
 0.0000000e+00    2.6285714e+01
 0.0000000e+00    2.6335840e+01
 0.0000000e+00    2.6385965e+01
 0.0000000e+00    2.6436090e+01
 0.0000000e+00    2.6486216e+01
 0.0000000e+00    2.6536341e+01
 0.0000000e+00    2.6586466e+01
 0.0000000e+00    2.6636591e+01
 0.0000000e+00    2.6686717e+01
 0.0000000e+00    2.6736842e+01
 0.0000000e+00    2.6786967e+01
 0.0000000e+00    2.6837093e+01
 0.0000000e+00    2.6887218e+01
 0.0000000e+00    2.6937343e+01
 0.0000000e+00    2.6987469e+01
 0.0000000e+00    2.7037594e+01
 0.0000000e+00    2.7087719e+01
 0.0000000e+00    2.7137845e+01
 0.0000000e+00    2.7187970e+01
 0.0000000e+00    2.7238095e+01
 0.0000000e+00    2.7288221e+01
 0.0000000e+00    2.7338346e+01
 0.0000000e+00    2.7388471e+01
 0.0000000e+00    2.7438596e+01
 0.0000000e+00    2.7488722e+01
 0.0000000e+00    2.7538847e+01
 0.0000000e+00    2.7588972e+01
 0.0000000e+00    2.7639098e+01
 0.0000000e+00    2.7689223e+01
 0.0000000e+00    2.7739348e+01
 0.0000000e+00    2.7789474e+01
 0.0000000e+00    2.7839599e+01
 0.0000000e+00    2.7889724e+01
 0.0000000e+00    2.7939850e+01
 0.0000000e+00    2.7989975e+01
 0.0000000e+00    2.8040100e+01
 0.0000000e+00    2.8090226e+01
 0.0000000e+00    2.8140351e+01
 0.0000000e+00    2.8190476e+01
 0.0000000e+00    2.8240602e+01
 0.0000000e+00    2.8290727e+01
 0.0000000e+00    2.8340852e+01
 0.0000000e+00    2.8390977e+01
 0.0000000e+00    2.8441103e+01
 0.0000000e+00    2.8491228e+01
 0.0000000e+00    2.8541353e+01
 0.0000000e+00    2.8591479e+01
 0.0000000e+00    2.8641604e+01
 0.0000000e+00    2.8691729e+01
 0.0000000e+00    2.8741855e+01
 0.0000000e+00    2.8791980e+01
 0.0000000e+00    2.8842105e+01
 0.0000000e+00    2.8892231e+01
 0.0000000e+00    2.8942356e+01
 0.0000000e+00    2.8992481e+01
 0.0000000e+00    2.9042607e+01
 0.0000000e+00    2.9092732e+01
 0.0000000e+00    2.9142857e+01
 0.0000000e+00    2.9192982e+01
 0.0000000e+00    2.9243108e+01
 0.0000000e+00    2.9293233e+01
 0.0000000e+00    2.9343358e+01
 0.0000000e+00    2.9393484e+01
 0.0000000e+00    2.9443609e+01
 0.0000000e+00    2.9493734e+01
 0.0000000e+00    2.9543860e+01
 0.0000000e+00    2.9593985e+01
 0.0000000e+00    2.9644110e+01
 0.0000000e+00    2.9694236e+01
 0.0000000e+00    2.9744361e+01
 0.0000000e+00    2.9794486e+01
 0.0000000e+00    2.9844612e+01
 0.0000000e+00    2.9894737e+01
 0.0000000e+00    2.9944862e+01
 0.0000000e+00    2.9994987e+01
 0.0000000e+00    3.0045113e+01
 0.0000000e+00    3.0095238e+01
 0.0000000e+00    3.0145363e+01
 0.0000000e+00    3.0195489e+01
 0.0000000e+00    3.0245614e+01
 0.0000000e+00    3.0295739e+01
 0.0000000e+00    3.0345865e+01
 0.0000000e+00    3.0395990e+01
 0.0000000e+00    3.0446115e+01
 0.0000000e+00    3.0496241e+01
 0.0000000e+00    3.0546366e+01
 0.0000000e+00    3.0596491e+01
 0.0000000e+00    3.0646617e+01
 0.0000000e+00    3.0696742e+01
 0.0000000e+00    3.0746867e+01
 0.0000000e+00    3.0796992e+01
 0.0000000e+00    3.0847118e+01
 0.0000000e+00    3.0897243e+01
 0.0000000e+00    3.0947368e+01
 0.0000000e+00    3.0997494e+01
 0.0000000e+00    3.1047619e+01
 0.0000000e+00    3.1097744e+01
 0.0000000e+00    3.1147870e+01
 0.0000000e+00    3.1197995e+01
 0.0000000e+00    3.1248120e+01
 0.0000000e+00    3.1298246e+01
 0.0000000e+00    3.1348371e+01
 0.0000000e+00    3.1398496e+01
 0.0000000e+00    3.1448622e+01
 0.0000000e+00    3.1498747e+01
 0.0000000e+00    3.1548872e+01
 0.0000000e+00    3.1598997e+01
 0.0000000e+00    3.1649123e+01
 0.0000000e+00    3.1699248e+01
 0.0000000e+00    3.1749373e+01
 0.0000000e+00    3.1799499e+01
 0.0000000e+00    3.1849624e+01
 0.0000000e+00    3.1899749e+01
 0.0000000e+00    3.1949875e+01
 0.0000000e+00    3.2000000e+01
