-1.9518759e+00    1.0000000e-08
-1.9518725e+00    2.6389281e-03
-1.9518621e+00    5.2678046e-03
-1.9518449e+00    7.8966444e-03
-1.9518207e+00    1.0525430e-02
-1.9517897e+00    1.3154144e-02
-1.9517518e+00    1.5782766e-02
-1.9517070e+00    1.8411278e-02
-1.9516553e+00    2.1039662e-02
-1.9515967e+00    2.3667901e-02
-1.9515313e+00    2.6295977e-02
-1.9514589e+00    2.8923871e-02
-1.9513797e+00    3.1551567e-02
-1.9512936e+00    3.4179043e-02
-1.9512006e+00    3.6806284e-02
-1.9511007e+00    3.9433269e-02
-1.9509940e+00    4.2059980e-02
-1.9508803e+00    4.4686400e-02
-1.9507598e+00    4.7312511e-02
-1.9506324e+00    4.9938294e-02
-1.9504981e+00    5.2563732e-02
-1.9503569e+00    5.5188807e-02
-1.9502089e+00    5.7813501e-02
-1.9500540e+00    6.0437796e-02
-1.9498922e+00    6.3061673e-02
-1.9497235e+00    6.5685114e-02
-1.9495480e+00    6.8308100e-02
-1.9493656e+00    7.0930613e-02
-1.9491763e+00    7.3552636e-02
-1.9489801e+00    7.6174149e-02
-1.9487771e+00    7.8795134e-02
-1.9485672e+00    8.1415575e-02
-1.9483505e+00    8.4035452e-02
-1.9481268e+00    8.6654748e-02
-1.9478964e+00    8.9273445e-02
-1.9476590e+00    9.1891525e-02
-1.9474148e+00    9.4508971e-02
-1.9471638e+00    9.7125762e-02
-1.9469059e+00    9.9741882e-02
-1.9466411e+00    1.0235731e-01
-1.9463695e+00    1.0497203e-01
-1.9460910e+00    1.0758603e-01
-1.9458057e+00    1.1019928e-01
-1.9455136e+00    1.1281177e-01
-1.9452146e+00    1.1542348e-01
-1.9449087e+00    1.1803439e-01
-1.9445961e+00    1.2064448e-01
-1.9442766e+00    1.2325374e-01
-1.9439502e+00    1.2586215e-01
-1.9436170e+00    1.2846968e-01
-1.9432770e+00    1.3107633e-01
-1.9429302e+00    1.3368207e-01
-1.9425765e+00    1.3628689e-01
-1.9422160e+00    1.3889076e-01
-1.9418487e+00    1.4149368e-01
-1.9414746e+00    1.4409561e-01
-1.9410936e+00    1.4669655e-01
-1.9407059e+00    1.4929648e-01
-1.9403113e+00    1.5189537e-01
-1.9399099e+00    1.5449321e-01
-1.9395018e+00    1.5708998e-01
-1.9390868e+00    1.5968567e-01
-1.9386650e+00    1.6228025e-01
-1.9382364e+00    1.6487371e-01
-1.9378011e+00    1.6746602e-01
-1.9373589e+00    1.7005718e-01
-1.9369100e+00    1.7264717e-01
-1.9364543e+00    1.7523596e-01
-1.9359918e+00    1.7782354e-01
-1.9355225e+00    1.8040988e-01
-1.9350464e+00    1.8299498e-01
-1.9345636e+00    1.8557882e-01
-1.9340740e+00    1.8816137e-01
-1.9335777e+00    1.9074262e-01
-1.9330746e+00    1.9332256e-01
-1.9325647e+00    1.9590115e-01
-1.9320481e+00    1.9847839e-01
-1.9315247e+00    2.0105426e-01
-1.9309946e+00    2.0362874e-01
-1.9304577e+00    2.0620181e-01
-1.9299141e+00    2.0877345e-01
-1.9293638e+00    2.1134365e-01
-1.9288068e+00    2.1391238e-01
-1.9282430e+00    2.1647964e-01
-1.9276725e+00    2.1904540e-01
-1.9270952e+00    2.2160965e-01
-1.9265113e+00    2.2417236e-01
-1.9259207e+00    2.2673353e-01
-1.9253233e+00    2.2929312e-01
-1.9247192e+00    2.3185113e-01
-1.9241085e+00    2.3440754e-01
-1.9234910e+00    2.3696233e-01
-1.9228669e+00    2.3951548e-01
-1.9222361e+00    2.4206697e-01
-1.9215986e+00    2.4461679e-01
-1.9209544e+00    2.4716491e-01
-1.9203036e+00    2.4971133e-01
-1.9196460e+00    2.5225602e-01
-1.9189819e+00    2.5479897e-01
-1.9183110e+00    2.5734015e-01
-1.9176336e+00    2.5987956e-01
-1.9169494e+00    2.6241717e-01
-1.9162586e+00    2.6495296e-01
-1.9155612e+00    2.6748692e-01
-1.9148572e+00    2.7001904e-01
-1.9141465e+00    2.7254928e-01
-1.9134292e+00    2.7507764e-01
-1.9127053e+00    2.7760410e-01
-1.9119748e+00    2.8012864e-01
-1.9112376e+00    2.8265125e-01
-1.9104939e+00    2.8517190e-01
-1.9097435e+00    2.8769057e-01
-1.9089866e+00    2.9020726e-01
-1.9082231e+00    2.9272194e-01
-1.9074530e+00    2.9523460e-01
-1.9066763e+00    2.9774522e-01
-1.9058930e+00    3.0025378e-01
-1.9051032e+00    3.0276026e-01
-1.9043069e+00    3.0526465e-01
-1.9035039e+00    3.0776693e-01
-1.9026945e+00    3.1026709e-01
-1.9018784e+00    3.1276509e-01
-1.9010559e+00    3.1526094e-01
-1.9002268e+00    3.1775460e-01
-1.8993912e+00    3.2024607e-01
-1.8985490e+00    3.2273533e-01
-1.8977004e+00    3.2522235e-01
-1.8968452e+00    3.2770713e-01
-1.8959836e+00    3.3018964e-01
-1.8951154e+00    3.3266987e-01
-1.8942408e+00    3.3514780e-01
-1.8933596e+00    3.3762341e-01
-1.8924720e+00    3.4009669e-01
-1.8915780e+00    3.4256761e-01
-1.8906774e+00    3.4503617e-01
-1.8897704e+00    3.4750235e-01
-1.8888570e+00    3.4996612e-01
-1.8879371e+00    3.5242748e-01
-1.8870107e+00    3.5488639e-01
-1.8860780e+00    3.5734286e-01
-1.8851388e+00    3.5979685e-01
-1.8841931e+00    3.6224836e-01
-1.8832411e+00    3.6469737e-01
-1.8822827e+00    3.6714385e-01
-1.8813178e+00    3.6958780e-01
-1.8803466e+00    3.7202919e-01
-1.8793690e+00    3.7446801e-01
-1.8783850e+00    3.7690424e-01
-1.8773946e+00    3.7933787e-01
-1.8763979e+00    3.8176888e-01
-1.8753948e+00    3.8419724e-01
-1.8743853e+00    3.8662296e-01
-1.8733695e+00    3.8904600e-01
-1.8723474e+00    3.9146635e-01
-1.8713190e+00    3.9388400e-01
-1.8702842e+00    3.9629892e-01
-1.8692431e+00    3.9871111e-01
-1.8681957e+00    4.0112054e-01
-1.8671420e+00    4.0352720e-01
-1.8660820e+00    4.0593107e-01
-1.8650157e+00    4.0833214e-01
-1.8639431e+00    4.1073038e-01
-1.8628643e+00    4.1312579e-01
-1.8617792e+00    4.1551834e-01
-1.8606878e+00    4.1790802e-01
-1.8595902e+00    4.2029482e-01
-1.8584864e+00    4.2267871e-01
-1.8573763e+00    4.2505967e-01
-1.8562600e+00    4.2743771e-01
-1.8551375e+00    4.2981279e-01
-1.8540088e+00    4.3218489e-01
-1.8528738e+00    4.3455402e-01
-1.8517327e+00    4.3692014e-01
-1.8505854e+00    4.3928324e-01
-1.8494319e+00    4.4164331e-01
-1.8482722e+00    4.4400032e-01
-1.8471064e+00    4.4635427e-01
-1.8459344e+00    4.4870514e-01
-1.8447563e+00    4.5105290e-01
-1.8435721e+00    4.5339755e-01
-1.8423817e+00    4.5573907e-01
-1.8411852e+00    4.5807743e-01
-1.8399826e+00    4.6041264e-01
-1.8387738e+00    4.6274466e-01
-1.8375590e+00    4.6507349e-01
-1.8363381e+00    4.6739910e-01
-1.8351112e+00    4.6972149e-01
-1.8338781e+00    4.7204063e-01
-1.8326390e+00    4.7435651e-01
-1.8313938e+00    4.7666911e-01
-1.8301426e+00    4.7897843e-01
-1.8288854e+00    4.8128443e-01
-1.8276221e+00    4.8358711e-01
-1.8263529e+00    4.8588645e-01
-1.8250776e+00    4.8818243e-01
-1.8237963e+00    4.9047504e-01
-1.8225090e+00    4.9276427e-01
-1.8212157e+00    4.9505009e-01
-1.8199165e+00    4.9733249e-01
-1.8186113e+00    4.9961145e-01
-1.8173002e+00    5.0188697e-01
-1.8159831e+00    5.0415902e-01
-1.8146601e+00    5.0642759e-01
-1.8133311e+00    5.0869266e-01
-1.8119962e+00    5.1095422e-01
-1.8106555e+00    5.1321225e-01
-1.8093088e+00    5.1546674e-01
-1.8079562e+00    5.1771766e-01
-1.8065978e+00    5.1996501e-01
-1.8052335e+00    5.2220877e-01
-1.8038633e+00    5.2444893e-01
-1.8024873e+00    5.2668546e-01
-1.8011054e+00    5.2891836e-01
-1.7997177e+00    5.3114761e-01
-1.7983242e+00    5.3337318e-01
-1.7969249e+00    5.3559508e-01
-1.7955197e+00    5.3781328e-01
-1.7941088e+00    5.4002776e-01
-1.7926921e+00    5.4223852e-01
-1.7912696e+00    5.4444553e-01
-1.7898414e+00    5.4664878e-01
-1.7884074e+00    5.4884826e-01
-1.7869677e+00    5.5104395e-01
-1.7855222e+00    5.5323584e-01
-1.7840710e+00    5.5542391e-01
-1.7826141e+00    5.5760814e-01
-1.7811515e+00    5.5978852e-01
-1.7796832e+00    5.6196504e-01
-1.7782093e+00    5.6413768e-01
-1.7767296e+00    5.6630643e-01
-1.7752443e+00    5.6847127e-01
-1.7737534e+00    5.7063218e-01
-1.7722568e+00    5.7278915e-01
-1.7707546e+00    5.7494217e-01
-1.7692467e+00    5.7709123e-01
-1.7677333e+00    5.7923630e-01
-1.7662142e+00    5.8137737e-01
-1.7646896e+00    5.8351443e-01
-1.7631594e+00    5.8564746e-01
-1.7616236e+00    5.8777645e-01
-1.7600823e+00    5.8990138e-01
-1.7585354e+00    5.9202225e-01
-1.7569830e+00    5.9413902e-01
-1.7554251e+00    5.9625170e-01
-1.7538616e+00    5.9836026e-01
-1.7522927e+00    6.0046470e-01
-1.7507183e+00    6.0256498e-01
-1.7491383e+00    6.0466112e-01
-1.7475530e+00    6.0675308e-01
-1.7459621e+00    6.0884085e-01
-1.7443659e+00    6.1092442e-01
-1.7427641e+00    6.1300378e-01
-1.7411570e+00    6.1507890e-01
-1.7395445e+00    6.1714979e-01
-1.7379265e+00    6.1921641e-01
-1.7363032e+00    6.2127876e-01
-1.7346745e+00    6.2333683e-01
-1.7330404e+00    6.2539059e-01
-1.7314009e+00    6.2744005e-01
-1.7297562e+00    6.2948517e-01
-1.7281061e+00    6.3152595e-01
-1.7264506e+00    6.3356237e-01
-1.7247899e+00    6.3559442e-01
-1.7231238e+00    6.3762209e-01
-1.7214525e+00    6.3964536e-01
-1.7197759e+00    6.4166422e-01
-1.7180941e+00    6.4367865e-01
-1.7164070e+00    6.4568864e-01
-1.7147146e+00    6.4769418e-01
-1.7130170e+00    6.4969525e-01
-1.7113143e+00    6.5169184e-01
-1.7096063e+00    6.5368394e-01
-1.7078931e+00    6.5567152e-01
-1.7061747e+00    6.5765459e-01
-1.7044512e+00    6.5963311e-01
-1.7027225e+00    6.6160709e-01
-1.7009887e+00    6.6357651e-01
-1.6992497e+00    6.6554135e-01
-1.6975056e+00    6.6750160e-01
-1.6957565e+00    6.6945725e-01
-1.6940022e+00    6.7140828e-01
-1.6922428e+00    6.7335468e-01
-1.6904784e+00    6.7529644e-01
-1.6887089e+00    6.7723354e-01
-1.6869344e+00    6.7916598e-01
-1.6851548e+00    6.8109373e-01
-1.6833702e+00    6.8301678e-01
-1.6815806e+00    6.8493512e-01
-1.6797861e+00    6.8684875e-01
-1.6779865e+00    6.8875763e-01
-1.6761819e+00    6.9066177e-01
-1.6743725e+00    6.9256115e-01
-1.6725580e+00    6.9445575e-01
-1.6707386e+00    6.9634557e-01
-1.6689143e+00    6.9823058e-01
-1.6670851e+00    7.0011078e-01
-1.6652511e+00    7.0198616e-01
-1.6634121e+00    7.0385669e-01
-1.6615682e+00    7.0572238e-01
-1.6597195e+00    7.0758320e-01
-1.6578660e+00    7.0943914e-01
-1.6560076e+00    7.1129019e-01
-1.6541444e+00    7.1313634e-01
-1.6522764e+00    7.1497758e-01
-1.6504037e+00    7.1681389e-01
-1.6485261e+00    7.1864526e-01
-1.6466438e+00    7.2047167e-01
-1.6447567e+00    7.2229312e-01
-1.6428649e+00    7.2410959e-01
-1.6409684e+00    7.2592108e-01
-1.6390671e+00    7.2772756e-01
-1.6371612e+00    7.2952902e-01
-1.6352505e+00    7.3132546e-01
-1.6333352e+00    7.3311686e-01
-1.6314153e+00    7.3490321e-01
-1.6294907e+00    7.3668449e-01
-1.6275614e+00    7.3846070e-01
-1.6256276e+00    7.4023182e-01
-1.6236891e+00    7.4199784e-01
-1.6217461e+00    7.4375875e-01
-1.6197984e+00    7.4551453e-01
-1.6178462e+00    7.4726518e-01
-1.6158895e+00    7.4901068e-01
-1.6139282e+00    7.5075102e-01
-1.6119624e+00    7.5248619e-01
-1.6099921e+00    7.5421617e-01
-1.6080173e+00    7.5594096e-01
-1.6060380e+00    7.5766055e-01
-1.6040542e+00    7.5937491e-01
-1.6020660e+00    7.6108404e-01
-1.6000734e+00    7.6278794e-01
-1.5980763e+00    7.6448657e-01
-1.5960748e+00    7.6617995e-01
-1.5940689e+00    7.6786804e-01
-1.5920587e+00    7.6955085e-01
-1.5900440e+00    7.7122836e-01
-1.5880250e+00    7.7290055e-01
-1.5860017e+00    7.7456743e-01
-1.5839740e+00    7.7622897e-01
-1.5819420e+00    7.7788516e-01
-1.5799058e+00    7.7953600e-01
-1.5778652e+00    7.8118147e-01
-1.5758204e+00    7.8282157e-01
-1.5737713e+00    7.8445627e-01
-1.5717179e+00    7.8608557e-01
-1.5696604e+00    7.8770946e-01
-1.5675986e+00    7.8932792e-01
-1.5655326e+00    7.9094096e-01
-1.5634624e+00    7.9254854e-01
-1.5613881e+00    7.9415067e-01
-1.5593096e+00    7.9574734e-01
-1.5572270e+00    7.9733852e-01
-1.5551402e+00    7.9892422e-01
-1.5530493e+00    8.0050442e-01
-1.5509544e+00    8.0207910e-01
-1.5488553e+00    8.0364827e-01
-1.5467522e+00    8.0521190e-01
-1.5446450e+00    8.0677000e-01
-1.5425338e+00    8.0832254e-01
-1.5404185e+00    8.0986951e-01
-1.5382993e+00    8.1141092e-01
-1.5361760e+00    8.1294674e-01
-1.5340488e+00    8.1447696e-01
-1.5319176e+00    8.1600158e-01
-1.5297825e+00    8.1752059e-01
-1.5276434e+00    8.1903397e-01
-1.5255004e+00    8.2054171e-01
-1.5233535e+00    8.2204381e-01
-1.5212026e+00    8.2354025e-01
-1.5190480e+00    8.2503102e-01
-1.5168894e+00    8.2651612e-01
-1.5147270e+00    8.2799553e-01
-1.5125608e+00    8.2946925e-01
-1.5103908e+00    8.3093726e-01
-1.5082170e+00    8.3239955e-01
-1.5060393e+00    8.3385611e-01
-1.5038579e+00    8.3530694e-01
-1.5016728e+00    8.3675203e-01
-1.4994839e+00    8.3819136e-01
-1.4972913e+00    8.3962492e-01
-1.4950950e+00    8.4105271e-01
-1.4928950e+00    8.4247471e-01
-1.4906913e+00    8.4389092e-01
-1.4884839e+00    8.4530132e-01
-1.4862729e+00    8.4670591e-01
-1.4840583e+00    8.4810468e-01
-1.4818400e+00    8.4949761e-01
-1.4796181e+00    8.5088471e-01
-1.4773927e+00    8.5226595e-01
-1.4751637e+00    8.5364133e-01
-1.4729311e+00    8.5501084e-01
-1.4706950e+00    8.5637447e-01
-1.4684553e+00    8.5773222e-01
-1.4662122e+00    8.5908407e-01
-1.4639655e+00    8.6043001e-01
-1.4617154e+00    8.6177003e-01
-1.4594618e+00    8.6310413e-01
-1.4572048e+00    8.6443230e-01
-1.4549444e+00    8.6575452e-01
-1.4526805e+00    8.6707079e-01
-1.4504132e+00    8.6838110e-01
-1.4481425e+00    8.6968544e-01
-1.4458685e+00    8.7098381e-01
-1.4435911e+00    8.7227619e-01
-1.4413104e+00    8.7356257e-01
-1.4390264e+00    8.7484295e-01
-1.4367391e+00    8.7611731e-01
-1.4344484e+00    8.7738565e-01
-1.4321545e+00    8.7864797e-01
-1.4298574e+00    8.7990424e-01
-1.4275570e+00    8.8115447e-01
-1.4252534e+00    8.8239865e-01
-1.4229465e+00    8.8363676e-01
-1.4206365e+00    8.8486879e-01
-1.4183233e+00    8.8609475e-01
-1.4160070e+00    8.8731462e-01
-1.4136875e+00    8.8852840e-01
-1.4113648e+00    8.8973606e-01
-1.4090391e+00    8.9093762e-01
-1.4067103e+00    8.9213305e-01
-1.4043784e+00    8.9332236e-01
-1.4020434e+00    8.9450553e-01
-1.3997053e+00    8.9568255e-01
-1.3973643e+00    8.9685343e-01
-1.3950202e+00    8.9801814e-01
-1.3926731e+00    8.9917668e-01
-1.3903231e+00    9.0032905e-01
-1.3879701e+00    9.0147523e-01
-1.3856141e+00    9.0261522e-01
-1.3832552e+00    9.0374902e-01
-1.3808934e+00    9.0487660e-01
-1.3785287e+00    9.0599797e-01
-1.3761611e+00    9.0711312e-01
-1.3737906e+00    9.0822204e-01
-1.3714173e+00    9.0932473e-01
-1.3690411e+00    9.1042117e-01
-1.3666622e+00    9.1151136e-01
-1.3642804e+00    9.1259529e-01
-1.3618959e+00    9.1367295e-01
-1.3595085e+00    9.1474435e-01
-1.3571185e+00    9.1580946e-01
-1.3547256e+00    9.1686828e-01
-1.3523301e+00    9.1792081e-01
-1.3499319e+00    9.1896704e-01
-1.3475310e+00    9.2000697e-01
-1.3451274e+00    9.2104057e-01
-1.3427212e+00    9.2206786e-01
-1.3403123e+00    9.2308881e-01
-1.3379008e+00    9.2410343e-01
-1.3354867e+00    9.2511171e-01
-1.3330700e+00    9.2611364e-01
-1.3306508e+00    9.2710921e-01
-1.3282290e+00    9.2809842e-01
-1.3258047e+00    9.2908126e-01
-1.3233779e+00    9.3005773e-01
-1.3209485e+00    9.3102781e-01
-1.3185167e+00    9.3199150e-01
-1.3160824e+00    9.3294880e-01
-1.3136456e+00    9.3389970e-01
-1.3112065e+00    9.3484420e-01
-1.3087649e+00    9.3578228e-01
-1.3063209e+00    9.3671393e-01
-1.3038745e+00    9.3763917e-01
-1.3014258e+00    9.3855797e-01
-1.2989747e+00    9.3947033e-01
-1.2965213e+00    9.4037625e-01
-1.2940655e+00    9.4127571e-01
-1.2916075e+00    9.4216873e-01
-1.2891472e+00    9.4305528e-01
-1.2866846e+00    9.4393536e-01
-1.2842198e+00    9.4480897e-01
-1.2817528e+00    9.4567609e-01
-1.2792835e+00    9.4653674e-01
-1.2768121e+00    9.4739089e-01
-1.2743384e+00    9.4823855e-01
-1.2718626e+00    9.4907970e-01
-1.2693847e+00    9.4991435e-01
-1.2669047e+00    9.5074248e-01
-1.2644225e+00    9.5156409e-01
-1.2619382e+00    9.5237919e-01
-1.2594519e+00    9.5318775e-01
-1.2569635e+00    9.5398978e-01
-1.2544731e+00    9.5478526e-01
-1.2519806e+00    9.5557420e-01
-1.2494862e+00    9.5635660e-01
-1.2469897e+00    9.5713243e-01
-1.2444913e+00    9.5790171e-01
-1.2419910e+00    9.5866442e-01
-1.2394887e+00    9.5942056e-01
-1.2369844e+00    9.6017013e-01
-1.2344783e+00    9.6091311e-01
-1.2319703e+00    9.6164952e-01
-1.2294604e+00    9.6237933e-01
-1.2269487e+00    9.6310254e-01
-1.2244352e+00    9.6381916e-01
-1.2219198e+00    9.6452917e-01
-1.2194026e+00    9.6523258e-01
-1.2168837e+00    9.6592937e-01
-1.2143630e+00    9.6661954e-01
-1.2118406e+00    9.6730309e-01
-1.2093164e+00    9.6798002e-01
-1.2067905e+00    9.6865031e-01
-1.2042629e+00    9.6931397e-01
-1.2017337e+00    9.6997099e-01
-1.1992028e+00    9.7062137e-01
-1.1966702e+00    9.7126509e-01
-1.1941361e+00    9.7190217e-01
-1.1916003e+00    9.7253259e-01
-1.1890629e+00    9.7315635e-01
-1.1865240e+00    9.7377344e-01
-1.1839835e+00    9.7438387e-01
-1.1814415e+00    9.7498763e-01
-1.1788980e+00    9.7558470e-01
-1.1763530e+00    9.7617510e-01
-1.1738065e+00    9.7675882e-01
-1.1712585e+00    9.7733585e-01
-1.1687091e+00    9.7790618e-01
-1.1661583e+00    9.7846983e-01
-1.1636060e+00    9.7902677e-01
-1.1610524e+00    9.7957701e-01
-1.1584973e+00    9.8012055e-01
-1.1559410e+00    9.8065738e-01
-1.1533833e+00    9.8118749e-01
-1.1508242e+00    9.8171090e-01
-1.1482639e+00    9.8222758e-01
-1.1457023e+00    9.8273754e-01
-1.1431394e+00    9.8324077e-01
-1.1405752e+00    9.8373728e-01
-1.1380098e+00    9.8422706e-01
-1.1354432e+00    9.8471010e-01
-1.1328755e+00    9.8518640e-01
-1.1303065e+00    9.8565596e-01
-1.1277364e+00    9.8611878e-01
-1.1251651e+00    9.8657485e-01
-1.1225927e+00    9.8702418e-01
-1.1200192e+00    9.8746675e-01
-1.1174446e+00    9.8790256e-01
-1.1148689e+00    9.8833162e-01
-1.1122922e+00    9.8875392e-01
-1.1097144e+00    9.8916946e-01
-1.1071356e+00    9.8957823e-01
-1.1045558e+00    9.8998023e-01
-1.1019751e+00    9.9037547e-01
-1.0993933e+00    9.9076393e-01
-1.0968106e+00    9.9114561e-01
-1.0942270e+00    9.9152052e-01
-1.0916425e+00    9.9188865e-01
-1.0890571e+00    9.9225000e-01
-1.0864708e+00    9.9260456e-01
-1.0838836e+00    9.9295234e-01
-1.0812956e+00    9.9329333e-01
-1.0787068e+00    9.9362753e-01
-1.0761172e+00    9.9395494e-01
-1.0735268e+00    9.9427555e-01
-1.0709356e+00    9.9458937e-01
-1.0683437e+00    9.9489638e-01
-1.0657510e+00    9.9519660e-01
-1.0631576e+00    9.9549002e-01
-1.0605636e+00    9.9577664e-01
-1.0579688e+00    9.9605645e-01
-1.0553734e+00    9.9632945e-01
-1.0527773e+00    9.9659565e-01
-1.0501806e+00    9.9685504e-01
-1.0475834e+00    9.9710761e-01
-1.0449855e+00    9.9735338e-01
-1.0423870e+00    9.9759233e-01
-1.0397880e+00    9.9782446e-01
-1.0371885e+00    9.9804978e-01
-1.0345884e+00    9.9826828e-01
-1.0319879e+00    9.9847997e-01
-1.0293868e+00    9.9868483e-01
-1.0267853e+00    9.9888288e-01
-1.0241834e+00    9.9907410e-01
-1.0215810e+00    9.9925850e-01
-1.0189782e+00    9.9943607e-01
-1.0163750e+00    9.9960682e-01
-1.0137715e+00    9.9977075e-01
-1.0111676e+00    9.9992784e-01
-1.0085633e+00    1.0000781e+00
-1.0059588e+00    1.0002216e+00
-1.0033539e+00    1.0003582e+00
-1.0007488e+00    1.0004880e+00
-9.9814334e-01    1.0006109e+00
-9.9553768e-01    1.0007270e+00
-9.9293178e-01    1.0008363e+00
-9.9032568e-01    1.0009388e+00
-9.8771938e-01    1.0010344e+00
-9.8511291e-01    1.0011232e+00
-9.8250628e-01    1.0012052e+00
-9.7989951e-01    1.0012804e+00
-9.7729262e-01    1.0013487e+00
-9.7468563e-01    1.0014101e+00
-9.7207855e-01    1.0014648e+00
-9.6947140e-01    1.0015126e+00
-9.6686421e-01    1.0015536e+00
-9.6425698e-01    1.0015877e+00
-9.6164974e-01    1.0016150e+00
-9.5904250e-01    1.0016355e+00
-9.5643529e-01    1.0016492e+00
-9.5382812e-01    1.0016560e+00
-9.5122100e-01    1.0016560e+00
-9.4861396e-01    1.0016491e+00
-9.4600702e-01    1.0016355e+00
-9.4340019e-01    1.0016149e+00
-9.4079349e-01    1.0015876e+00
-9.3818694e-01    1.0015535e+00
-9.3558056e-01    1.0015125e+00
-9.3297436e-01    1.0014646e+00
-9.3036836e-01    1.0014100e+00
-9.2776258e-01    1.0013485e+00
-9.2515705e-01    1.0012802e+00
-9.2255177e-01    1.0012051e+00
-9.1994676e-01    1.0011232e+00
-9.1734205e-01    1.0010344e+00
-9.1473764e-01    1.0009388e+00
-9.1213357e-01    1.0008364e+00
-9.0952984e-01    1.0007271e+00
-9.0692648e-01    1.0006111e+00
-9.0432350e-01    1.0004882e+00
-9.0172092e-01    1.0003585e+00
-8.9911876e-01    1.0002220e+00
-8.9651704e-01    1.0000787e+00
-8.9391577e-01    9.9992860e-01
-8.9131497e-01    9.9977167e-01
-8.8871466e-01    9.9960792e-01
-8.8611486e-01    9.9943737e-01
-8.8351559e-01    9.9926000e-01
-8.8091686e-01    9.9907584e-01
-8.7831870e-01    9.9888487e-01
-8.7572111e-01    9.9868710e-01
-8.7312412e-01    9.9848253e-01
-8.7052775e-01    9.9827116e-01
-8.6793201e-01    9.9805299e-01
-8.6533693e-01    9.9782803e-01
-8.6274251e-01    9.9759628e-01
-8.6014878e-01    9.9735774e-01
-8.5755576e-01    9.9711241e-01
-8.5496346e-01    9.9686029e-01
-8.5237190e-01    9.9660139e-01
-8.4978110e-01    9.9633571e-01
-8.4719108e-01    9.9606324e-01
-8.4460185e-01    9.9578400e-01
-8.4201344e-01    9.9549799e-01
-8.3942585e-01    9.9520520e-01
-8.3683912e-01    9.9490564e-01
-8.3425325e-01    9.9459931e-01
-8.3166827e-01    9.9428622e-01
-8.2908418e-01    9.9396636e-01
-8.2650102e-01    9.9363974e-01
-8.2391880e-01    9.9330637e-01
-8.2133753e-01    9.9296624e-01
-8.1875723e-01    9.9261936e-01
-8.1617793e-01    9.9226573e-01
-8.1359964e-01    9.9190535e-01
-8.1102237e-01    9.9153823e-01
-8.0844614e-01    9.9116437e-01
-8.0587098e-01    9.9078377e-01
-8.0329690e-01    9.9039643e-01
-8.0072392e-01    9.9000236e-01
-7.9815205e-01    9.8960157e-01
-7.9558132e-01    9.8919405e-01
-7.9301173e-01    9.8877980e-01
-7.9044332e-01    9.8835884e-01
-7.8787609e-01    9.8793116e-01
-7.8531007e-01    9.8749677e-01
-7.8274527e-01    9.8705567e-01
-7.8018171e-01    9.8660787e-01
-7.7761940e-01    9.8615336e-01
-7.7505837e-01    9.8569215e-01
-7.7249864e-01    9.8522425e-01
-7.6994021e-01    9.8474966e-01
-7.6738311e-01    9.8426838e-01
-7.6482736e-01    9.8378042e-01
-7.6227297e-01    9.8328577e-01
-7.5971996e-01    9.8278445e-01
-7.5716836e-01    9.8227646e-01
-7.5461816e-01    9.8176180e-01
-7.5206940e-01    9.8124047e-01
-7.4952209e-01    9.8071249e-01
-7.4697626e-01    9.8017784e-01
-7.4443190e-01    9.7963655e-01
-7.4188905e-01    9.7908860e-01
-7.3934773e-01    9.7853402e-01
-7.3680794e-01    9.7797279e-01
-7.3426971e-01    9.7740493e-01
-7.3173305e-01    9.7683044e-01
-7.2919798e-01    9.7624932e-01
-7.2666453e-01    9.7566157e-01
-7.2413270e-01    9.7506721e-01
-7.2160251e-01    9.7446624e-01
-7.1907399e-01    9.7385866e-01
-7.1654714e-01    9.7324447e-01
-7.1402199e-01    9.7262369e-01
-7.1149856e-01    9.7199631e-01
-7.0897685e-01    9.7136234e-01
-7.0645690e-01    9.7072178e-01
-7.0393871e-01    9.7007465e-01
-7.0142230e-01    9.6942094e-01
-6.9890769e-01    9.6876066e-01
-6.9639491e-01    9.6809381e-01
-6.9388395e-01    9.6742040e-01
-6.9137485e-01    9.6674044e-01
-6.8886762e-01    9.6605393e-01
-6.8636228e-01    9.6536087e-01
-6.8385884e-01    9.6466128e-01
-6.8135733e-01    9.6395515e-01
-6.7885775e-01    9.6324249e-01
-6.7636013e-01    9.6252330e-01
-6.7386448e-01    9.6179760e-01
-6.7137083e-01    9.6106539e-01
-6.6887918e-01    9.6032666e-01
-6.6638956e-01    9.5958144e-01
-6.6390198e-01    9.5882972e-01
-6.6141646e-01    9.5807151e-01
-6.5893301e-01    9.5730682e-01
-6.5645166e-01    9.5653564e-01
-6.5397242e-01    9.5575799e-01
-6.5149531e-01    9.5497388e-01
-6.4902034e-01    9.5418330e-01
-6.4654754e-01    9.5338627e-01
-6.4407691e-01    9.5258279e-01
-6.4160848e-01    9.5177287e-01
-6.3914227e-01    9.5095650e-01
-6.3667828e-01    9.5013371e-01
-6.3421655e-01    9.4930449e-01
-6.3175707e-01    9.4846885e-01
-6.2929988e-01    9.4762680e-01
-6.2684499e-01    9.4677834e-01
-6.2439241e-01    9.4592349e-01
-6.2194216e-01    9.4506223e-01
-6.1949426e-01    9.4419460e-01
-6.1704873e-01    9.4332058e-01
-6.1460558e-01    9.4244018e-01
-6.1216483e-01    9.4155342e-01
-6.0972650e-01    9.4066030e-01
-6.0729060e-01    9.3976082e-01
-6.0485715e-01    9.3885499e-01
-6.0242617e-01    9.3794283e-01
-5.9999767e-01    9.3702433e-01
-5.9757167e-01    9.3609950e-01
-5.9514819e-01    9.3516835e-01
-5.9272724e-01    9.3423089e-01
-5.9030885e-01    9.3328712e-01
-5.8789302e-01    9.3233706e-01
-5.8547977e-01    9.3138070e-01
-5.8306913e-01    9.3041805e-01
-5.8066110e-01    9.2944913e-01
-5.7825571e-01    9.2847393e-01
-5.7585296e-01    9.2749248e-01
-5.7345289e-01    9.2650476e-01
-5.7105549e-01    9.2551080e-01
-5.6866080e-01    9.2451059e-01
-5.6626883e-01    9.2350416e-01
-5.6387958e-01    9.2249149e-01
-5.6149309e-01    9.2147261e-01
-5.5910937e-01    9.2044751e-01
-5.5672842e-01    9.1941621e-01
-5.5435028e-01    9.1837871e-01
-5.5197495e-01    9.1733503e-01
-5.4960245e-01    9.1628516e-01
-5.4723280e-01    9.1522913e-01
-5.4486602e-01    9.1416692e-01
-5.4250212e-01    9.1309856e-01
-5.4014111e-01    9.1202405e-01
-5.3778302e-01    9.1094340e-01
-5.3542786e-01    9.0985662e-01
-5.3307564e-01    9.0876371e-01
-5.3072639e-01    9.0766469e-01
-5.2838012e-01    9.0655955e-01
-5.2603684e-01    9.0544832e-01
-5.2369657e-01    9.0433099e-01
-5.2135933e-01    9.0320758e-01
-5.1902513e-01    9.0207809e-01
-5.1669399e-01    9.0094254e-01
-5.1436593e-01    8.9980092e-01
-5.1204096e-01    8.9865326e-01
-5.0971910e-01    8.9749955e-01
-5.0740036e-01    8.9633982e-01
-5.0508476e-01    8.9517405e-01
-5.0277231e-01    8.9400227e-01
-5.0046304e-01    8.9282449e-01
-4.9815696e-01    8.9164070e-01
-4.9585408e-01    8.9045093e-01
-4.9355442e-01    8.8925517e-01
-4.9125800e-01    8.8805345e-01
-4.8896482e-01    8.8684576e-01
-4.8667492e-01    8.8563211e-01
-4.8438830e-01    8.8441253e-01
-4.8210497e-01    8.8318700e-01
-4.7982497e-01    8.8195555e-01
-4.7754829e-01    8.8071818e-01
-4.7527496e-01    8.7947491e-01
-4.7300499e-01    8.7822573e-01
-4.7073840e-01    8.7697067e-01
-4.6847520e-01    8.7570972e-01
-4.6621541e-01    8.7444290e-01
-4.6395905e-01    8.7317022e-01
-4.6170612e-01    8.7189169e-01
-4.5945665e-01    8.7060732e-01
-4.5721066e-01    8.6931712e-01
-4.5496815e-01    8.6802109e-01
-4.5272914e-01    8.6671924e-01
-4.5049365e-01    8.6541160e-01
-4.4826170e-01    8.6409816e-01
-4.4603329e-01    8.6277893e-01
-4.4380845e-01    8.6145393e-01
-4.4158719e-01    8.6012317e-01
-4.3936953e-01    8.5878665e-01
-4.3715547e-01    8.5744438e-01
-4.3494504e-01    8.5609638e-01
-4.3273825e-01    8.5474266e-01
-4.3053512e-01    8.5338322e-01
-4.2833566e-01    8.5201808e-01
-4.2613989e-01    8.5064724e-01
-4.2394782e-01    8.4927072e-01
-4.2175946e-01    8.4788853e-01
-4.1957484e-01    8.4650067e-01
-4.1739397e-01    8.4510716e-01
-4.1521686e-01    8.4370801e-01
-4.1304353e-01    8.4230322e-01
-4.1087399e-01    8.4089281e-01
-4.0870826e-01    8.3947680e-01
-4.0654636e-01    8.3805518e-01
-4.0438829e-01    8.3662797e-01
-4.0223407e-01    8.3519519e-01
-4.0008373e-01    8.3375683e-01
-3.9793726e-01    8.3231292e-01
-3.9579470e-01    8.3086346e-01
-3.9365604e-01    8.2940847e-01
-3.9152132e-01    8.2794795e-01
-3.8939053e-01    8.2648192e-01
-3.8726371e-01    8.2501038e-01
-3.8514086e-01    8.2353336e-01
-3.8302199e-01    8.2205085e-01
-3.8090712e-01    8.2056287e-01
-3.7879628e-01    8.1906944e-01
-3.7668946e-01    8.1757056e-01
-3.7458669e-01    8.1606624e-01
-3.7248797e-01    8.1455650e-01
-3.7039334e-01    8.1304134e-01
-3.6830279e-01    8.1152079e-01
-3.6621634e-01    8.0999484e-01
-3.6413402e-01    8.0846352e-01
-3.6205583e-01    8.0692683e-01
-3.5998178e-01    8.0538478e-01
-3.5791190e-01    8.0383739e-01
-3.5584619e-01    8.0228467e-01
-3.5378468e-01    8.0072663e-01
-3.5172737e-01    7.9916328e-01
-3.4967427e-01    7.9759463e-01
-3.4762542e-01    7.9602070e-01
-3.4558081e-01    7.9444149e-01
-3.4354046e-01    7.9285703e-01
-3.4150439e-01    7.9126732e-01
-3.3947260e-01    7.8967237e-01
-3.3744513e-01    7.8807219e-01
-3.3542197e-01    7.8646681e-01
-3.3340315e-01    7.8485622e-01
-3.3138867e-01    7.8324045e-01
-3.2937855e-01    7.8161950e-01
-3.2737281e-01    7.7999338e-01
-3.2537146e-01    7.7836212e-01
-3.2337451e-01    7.7672572e-01
-3.2138198e-01    7.7508419e-01
-3.1939388e-01    7.7343755e-01
-3.1741023e-01    7.7178581e-01
-3.1543103e-01    7.7012898e-01
-3.1345631e-01    7.6846708e-01
-3.1148607e-01    7.6680011e-01
-3.0952033e-01    7.6512810e-01
-3.0755911e-01    7.6345105e-01
-3.0560241e-01    7.6176897e-01
-3.0365026e-01    7.6008188e-01
-3.0170266e-01    7.5838980e-01
-2.9975963e-01    7.5669273e-01
-2.9782118e-01    7.5499069e-01
-2.9588733e-01    7.5328368e-01
-2.9395809e-01    7.5157174e-01
-2.9203347e-01    7.4985486e-01
-2.9011349e-01    7.4813306e-01
-2.8819816e-01    7.4640636e-01
-2.8628749e-01    7.4467476e-01
-2.8438150e-01    7.4293829e-01
-2.8248019e-01    7.4119695e-01
-2.8058360e-01    7.3945075e-01
-2.7869171e-01    7.3769972e-01
-2.7680456e-01    7.3594387e-01
-2.7492216e-01    7.3418320e-01
-2.7304451e-01    7.3241774e-01
-2.7117163e-01    7.3064749e-01
-2.6930353e-01    7.2887247e-01
-2.6744023e-01    7.2709270e-01
-2.6558173e-01    7.2530819e-01
-2.6372807e-01    7.2351894e-01
-2.6187923e-01    7.2172499e-01
-2.6003525e-01    7.1992633e-01
-2.5819612e-01    7.1812299e-01
-2.5636187e-01    7.1631497e-01
-2.5453251e-01    7.1450230e-01
-2.5270805e-01    7.1268499e-01
-2.5088850e-01    7.1086305e-01
-2.4907388e-01    7.0903649e-01
-2.4726420e-01    7.0720534e-01
-2.4545947e-01    7.0536960e-01
-2.4365970e-01    7.0352928e-01
-2.4186491e-01    7.0168442e-01
-2.4007512e-01    6.9983501e-01
-2.3829032e-01    6.9798107e-01
-2.3651054e-01    6.9612262e-01
-2.3473579e-01    6.9425968e-01
-2.3296607e-01    6.9239225e-01
-2.3120141e-01    6.9052036e-01
-2.2944182e-01    6.8864402e-01
-2.2768731e-01    6.8676323e-01
-2.2593788e-01    6.8487803e-01
-2.2419356e-01    6.8298842e-01
-2.2245435e-01    6.8109441e-01
-2.2072027e-01    6.7919604e-01
-2.1899134e-01    6.7729330e-01
-2.1726755e-01    6.7538621e-01
-2.1554893e-01    6.7347480e-01
-2.1383549e-01    6.7155907e-01
-2.1212723e-01    6.6963904e-01
-2.1042418e-01    6.6771473e-01
-2.0872634e-01    6.6578615e-01
-2.0703372e-01    6.6385332e-01
-2.0534635e-01    6.6191625e-01
-2.0366422e-01    6.5997497e-01
-2.0198736e-01    6.5802948e-01
-2.0031577e-01    6.5607980e-01
-1.9864946e-01    6.5412595e-01
-1.9698846e-01    6.5216794e-01
-1.9533276e-01    6.5020580e-01
-1.9368238e-01    6.4823953e-01
-1.9203734e-01    6.4626916e-01
-1.9039765e-01    6.4429469e-01
-1.8876331e-01    6.4231615e-01
-1.8713434e-01    6.4033356e-01
-1.8551075e-01    6.3834692e-01
-1.8389255e-01    6.3635626e-01
-1.8227976e-01    6.3436159e-01
-1.8067238e-01    6.3236293e-01
-1.7907043e-01    6.3036030e-01
-1.7747392e-01    6.2835371e-01
-1.7588286e-01    6.2634318e-01
-1.7429726e-01    6.2432873e-01
-1.7271713e-01    6.2231038e-01
-1.7114249e-01    6.2028813e-01
-1.6957335e-01    6.1826202e-01
-1.6800971e-01    6.1623205e-01
-1.6645159e-01    6.1419825e-01
-1.6489901e-01    6.1216063e-01
-1.6335196e-01    6.1011920e-01
-1.6181047e-01    6.0807400e-01
-1.6027454e-01    6.0602503e-01
-1.5874419e-01    6.0397231e-01
-1.5721942e-01    6.0191587e-01
-1.5570025e-01    5.9985571e-01
-1.5418669e-01    5.9779186e-01
-1.5267875e-01    5.9572433e-01
-1.5117644e-01    5.9365315e-01
-1.4967978e-01    5.9157833e-01
-1.4818876e-01    5.8949990e-01
-1.4670341e-01    5.8741786e-01
-1.4522374e-01    5.8533223e-01
-1.4374975e-01    5.8324305e-01
-1.4228146e-01    5.8115032e-01
-1.4081887e-01    5.7905406e-01
-1.3936201e-01    5.7695430e-01
-1.3791087e-01    5.7485105e-01
-1.3646547e-01    5.7274433e-01
-1.3502582e-01    5.7063416e-01
-1.3359194e-01    5.6852056e-01
-1.3216382e-01    5.6640356e-01
-1.3074149e-01    5.6428316e-01
-1.2932495e-01    5.6215939e-01
-1.2791422e-01    5.6003227e-01
-1.2650930e-01    5.5790181e-01
-1.2511020e-01    5.5576805e-01
-1.2371694e-01    5.5363100e-01
-1.2232953e-01    5.5149067e-01
-1.2094797e-01    5.4934710e-01
-1.1957228e-01    5.4720029e-01
-1.1820247e-01    5.4505028e-01
-1.1683854e-01    5.4289707e-01
-1.1548051e-01    5.4074070e-01
-1.1412839e-01    5.3858119e-01
-1.1278218e-01    5.3641854e-01
-1.1144190e-01    5.3425280e-01
-1.1010757e-01    5.3208397e-01
-1.0877918e-01    5.2991207e-01
-1.0745675e-01    5.2773714e-01
-1.0614028e-01    5.2555919e-01
-1.0482980e-01    5.2337824e-01
-1.0352531e-01    5.2119432e-01
-1.0222681e-01    5.1900745e-01
-1.0093432e-01    5.1681765e-01
-9.9647855e-02    5.1462493e-01
-9.8367416e-02    5.1242934e-01
-9.7093015e-02    5.1023088e-01
-9.5824662e-02    5.0802958e-01
-9.4562367e-02    5.0582547e-01
-9.3306141e-02    5.0361856e-01
-9.2055992e-02    5.0140889e-01
-9.0811931e-02    4.9919646e-01
-8.9573966e-02    4.9698132e-01
-8.8342109e-02    4.9476348e-01
-8.7116368e-02    4.9254296e-01
-8.5896753e-02    4.9031979e-01
-8.4683274e-02    4.8809400e-01
-8.3475940e-02    4.8586560e-01
-8.2274762e-02    4.8363463e-01
-8.1079747e-02    4.8140111e-01
-7.9890906e-02    4.7916506e-01
-7.8708249e-02    4.7692651e-01
-7.7531784e-02    4.7468548e-01
-7.6361521e-02    4.7244200e-01
-7.5197469e-02    4.7019611e-01
-7.4039639e-02    4.6794781e-01
-7.2888038e-02    4.6569714e-01
-7.1742677e-02    4.6344413e-01
-7.0603565e-02    4.6118880e-01
-6.9470710e-02    4.5893118e-01
-6.8344122e-02    4.5667130e-01
-6.7223811e-02    4.5440919e-01
-6.6109785e-02    4.5214486e-01
-6.5002053e-02    4.4987836e-01
-6.3900625e-02    4.4760971e-01
-6.2805509e-02    4.4533893e-01
-6.1716715e-02    4.4306606e-01
-6.0634252e-02    4.4079113e-01
-5.9558128e-02    4.3851416e-01
-5.8488353e-02    4.3623518e-01
-5.7424936e-02    4.3395424e-01
-5.6367884e-02    4.3167134e-01
-5.5317208e-02    4.2938654e-01
-5.4272917e-02    4.2709985e-01
-5.3235018e-02    4.2481131e-01
-5.2203520e-02    4.2252095e-01
-5.1178434e-02    4.2022881e-01
-5.0159766e-02    4.1793491e-01
-4.9147526e-02    4.1563928e-01
-4.8141723e-02    4.1334197e-01
-4.7142365e-02    4.1104300e-01
-4.6149460e-02    4.0874241e-01
-4.5163019e-02    4.0644023e-01
-4.4183048e-02    4.0413650e-01
-4.3209556e-02    4.0183125e-01
-4.2242553e-02    3.9952452e-01
-4.1282046e-02    3.9721635e-01
-4.0328044e-02    3.9490676e-01
-3.9380555e-02    3.9259579e-01
-3.8439588e-02    3.9028350e-01
-3.7505151e-02    3.8796990e-01
-3.6577253e-02    3.8565504e-01
-3.5655901e-02    3.8333897e-01
-3.4741104e-02    3.8102171e-01
-3.3832871e-02    3.7870331e-01
-3.2931209e-02    3.7638381e-01
-3.2036127e-02    3.7406325e-01
-3.1147632e-02    3.7174167e-01
-3.0265734e-02    3.6941911e-01
-2.9390439e-02    3.6709561e-01
-2.8521757e-02    3.6477123e-01
-2.7659694e-02    3.6244600e-01
-2.6804260e-02    3.6011997e-01
-2.5955461e-02    3.5779318e-01
-2.5113307e-02    3.5546568e-01
-2.4277805e-02    3.5313751e-01
-2.3448962e-02    3.5080873e-01
-2.2626787e-02    3.4847937e-01
-2.1811287e-02    3.4614950e-01
-2.1002470e-02    3.4381916e-01
-2.0200343e-02    3.4148839e-01
-1.9404916e-02    3.3915726e-01
-1.8616194e-02    3.3682581e-01
-1.7834185e-02    3.3449410e-01
-1.7058898e-02    3.3216218e-01
-1.7058898e-02    3.3216218e-01
-1.7029792e-02    3.3207618e-01
-1.6999620e-02    3.3199082e-01
-1.6968390e-02    3.3190609e-01
-1.6936106e-02    3.3182200e-01
-1.6902774e-02    3.3173854e-01
-1.6868401e-02    3.3165572e-01
-1.6832991e-02    3.3157352e-01
-1.6796551e-02    3.3149196e-01
-1.6759086e-02    3.3141103e-01
-1.6720602e-02    3.3133072e-01
-1.6681105e-02    3.3125105e-01
-1.6640601e-02    3.3117200e-01
-1.6599095e-02    3.3109357e-01
-1.6556592e-02    3.3101577e-01
-1.6513100e-02    3.3093860e-01
-1.6468623e-02    3.3086205e-01
-1.6423168e-02    3.3078612e-01
-1.6376739e-02    3.3071081e-01
-1.6329343e-02    3.3063612e-01
-1.6280986e-02    3.3056205e-01
-1.6231673e-02    3.3048859e-01
-1.6181411e-02    3.3041576e-01
-1.6130203e-02    3.3034354e-01
-1.6078058e-02    3.3027194e-01
-1.6024980e-02    3.3020095e-01
-1.5970974e-02    3.3013057e-01
-1.5916048e-02    3.3006081e-01
-1.5860206e-02    3.2999165e-01
-1.5803454e-02    3.2992311e-01
-1.5745799e-02    3.2985518e-01
-1.5687245e-02    3.2978785e-01
-1.5627798e-02    3.2972114e-01
-1.5567465e-02    3.2965503e-01
-1.5506251e-02    3.2958952e-01
-1.5444162e-02    3.2952462e-01
-1.5381203e-02    3.2946032e-01
-1.5317380e-02    3.2939663e-01
-1.5252699e-02    3.2933354e-01
-1.5187167e-02    3.2927104e-01
-1.5120787e-02    3.2920915e-01
-1.5053567e-02    3.2914786e-01
-1.4985512e-02    3.2908716e-01
-1.4916627e-02    3.2902706e-01
-1.4846920e-02    3.2896756e-01
-1.4776394e-02    3.2890865e-01
-1.4705056e-02    3.2885034e-01
-1.4632912e-02    3.2879261e-01
-1.4559968e-02    3.2873548e-01
-1.4486229e-02    3.2867895e-01
-1.4411700e-02    3.2862300e-01
-1.4336389e-02    3.2856764e-01
-1.4260300e-02    3.2851286e-01
-1.4183439e-02    3.2845868e-01
-1.4105812e-02    3.2840508e-01
-1.4027425e-02    3.2835207e-01
-1.3948283e-02    3.2829964e-01
-1.3868393e-02    3.2824779e-01
-1.3787760e-02    3.2819653e-01
-1.3706389e-02    3.2814585e-01
-1.3624287e-02    3.2809574e-01
-1.3541458e-02    3.2804622e-01
-1.3457910e-02    3.2799728e-01
-1.3373648e-02    3.2794891e-01
-1.3288677e-02    3.2790112e-01
-1.3203003e-02    3.2785390e-01
-1.3116633e-02    3.2780726e-01
-1.3029570e-02    3.2776119e-01
-1.2941823e-02    3.2771570e-01
-1.2853395e-02    3.2767078e-01
-1.2764294e-02    3.2762642e-01
-1.2674524e-02    3.2758264e-01
-1.2584092e-02    3.2753943e-01
-1.2493003e-02    3.2749678e-01
-1.2401262e-02    3.2745470e-01
-1.2308877e-02    3.2741319e-01
-1.2215852e-02    3.2737224e-01
-1.2122193e-02    3.2733185e-01
-1.2027906e-02    3.2729203e-01
-1.1932997e-02    3.2725277e-01
-1.1837471e-02    3.2721407e-01
-1.1741334e-02    3.2717593e-01
-1.1644592e-02    3.2713835e-01
-1.1547251e-02    3.2710133e-01
-1.1449316e-02    3.2706486e-01
-1.1350794e-02    3.2702895e-01
-1.1251689e-02    3.2699360e-01
-1.1152008e-02    3.2695880e-01
-1.1051757e-02    3.2692455e-01
-1.0950941e-02    3.2689085e-01
-1.0849565e-02    3.2685771e-01
-1.0747636e-02    3.2682512e-01
-1.0645160e-02    3.2679307e-01
-1.0542142e-02    3.2676158e-01
-1.0438588e-02    3.2673063e-01
-1.0334503e-02    3.2670023e-01
-1.0229894e-02    3.2667037e-01
-1.0124766e-02    3.2664106e-01
-1.0019124e-02    3.2661229e-01
-9.9129758e-03    3.2658406e-01
-9.8063257e-03    3.2655638e-01
-9.6991796e-03    3.2652923e-01
-9.5915435e-03    3.2650263e-01
-9.4834230e-03    3.2647656e-01
-9.3748239e-03    3.2645104e-01
-9.2657520e-03    3.2642604e-01
-9.1562129e-03    3.2640159e-01
-9.0462125e-03    3.2637767e-01
-8.9357564e-03    3.2635428e-01
-8.8248505e-03    3.2633143e-01
-8.7135004e-03    3.2630910e-01
-8.6017120e-03    3.2628731e-01
-8.4894909e-03    3.2626605e-01
-8.3768430e-03    3.2624532e-01
-8.2637739e-03    3.2622511e-01
-8.1502895e-03    3.2620544e-01
-8.0363954e-03    3.2618628e-01
-7.9220974e-03    3.2616766e-01
-7.8074013e-03    3.2614955e-01
-7.6923128e-03    3.2613198e-01
-7.5768377e-03    3.2611492e-01
-7.4609817e-03    3.2609838e-01
-7.3447505e-03    3.2608237e-01
-7.2281499e-03    3.2606687e-01
-7.1111857e-03    3.2605189e-01
-6.9938636e-03    3.2603743e-01
-6.8761894e-03    3.2602349e-01
-6.7581687e-03    3.2601006e-01
-6.6398074e-03    3.2599714e-01
-6.5211112e-03    3.2598474e-01
-6.4020858e-03    3.2597285e-01
-6.2827370e-03    3.2596148e-01
-6.1630705e-03    3.2595061e-01
-6.0430922e-03    3.2594025e-01
-5.9228076e-03    3.2593040e-01
-5.8022227e-03    3.2592106e-01
-5.6813431e-03    3.2591223e-01
-5.5601745e-03    3.2590390e-01
-5.4387228e-03    3.2589607e-01
-5.3169937e-03    3.2588875e-01
-5.1949929e-03    3.2588194e-01
-5.0727262e-03    3.2587562e-01
-4.9501993e-03    3.2586981e-01
-4.8274179e-03    3.2586449e-01
-4.7043879e-03    3.2585968e-01
-4.5811150e-03    3.2585536e-01
-4.4576048e-03    3.2585154e-01
-4.3338633e-03    3.2584821e-01
-4.2098960e-03    3.2584538e-01
-4.0857088e-03    3.2584305e-01
-3.9613074e-03    3.2584120e-01
-3.8366975e-03    3.2583985e-01
-3.7118850e-03    3.2583899e-01
-3.5868755e-03    3.2583862e-01
-3.4616748e-03    3.2583874e-01
-3.3362887e-03    3.2583935e-01
-3.2107229e-03    3.2584045e-01
-3.0849831e-03    3.2584203e-01
-2.9590751e-03    3.2584410e-01
-2.8330046e-03    3.2584665e-01
-2.7067775e-03    3.2584968e-01
-2.5803993e-03    3.2585320e-01
-2.4538760e-03    3.2585720e-01
-2.3272132e-03    3.2586168e-01
-2.2004167e-03    3.2586664e-01
-2.0734922e-03    3.2587208e-01
-1.9464455e-03    3.2587799e-01
-1.8192823e-03    3.2588438e-01
-1.6920084e-03    3.2589125e-01
-1.5646295e-03    3.2589859e-01
-1.4371514e-03    3.2590641e-01
-1.3095798e-03    3.2591470e-01
-1.1819205e-03    3.2592346e-01
-1.0541792e-03    3.2593269e-01
-9.2636170e-04    3.2594239e-01
-7.9847368e-04    3.2595256e-01
-6.7052093e-04    3.2596320e-01
-5.4250919e-04    3.2597430e-01
-4.1444421e-04    3.2598587e-01
-2.8633173e-04    3.2599791e-01
-1.5817752e-04    3.2601041e-01
-2.9987301e-05    3.2602337e-01
 9.8233161e-05    3.2603679e-01
 2.2647812e-04    3.2605068e-01
 3.5474184e-04    3.2606503e-01
 4.8301855e-04    3.2607983e-01
 6.1130252e-04    3.2609509e-01
 7.3958800e-04    3.2611081e-01
 8.6786923e-04    3.2612699e-01
 9.9614047e-04    3.2614362e-01
 1.1243960e-03    3.2616071e-01
 1.2526300e-03    3.2617825e-01
 1.3808368e-03    3.2619624e-01
 1.5090106e-03    3.2621469e-01
 1.6371457e-03    3.2623358e-01
 1.7652362e-03    3.2625292e-01
 1.8932766e-03    3.2627272e-01
 2.0212610e-03    3.2629296e-01
 2.1491836e-03    3.2631364e-01
 2.2770388e-03    3.2633478e-01
 2.4048208e-03    3.2635635e-01
 2.5325238e-03    3.2637837e-01
 2.6601421e-03    3.2640084e-01
 2.7876699e-03    3.2642374e-01
 2.9151015e-03    3.2644709e-01
 3.0424311e-03    3.2647087e-01
 3.1696530e-03    3.2649510e-01
 3.2967615e-03    3.2651976e-01
 3.4237508e-03    3.2654486e-01
 3.5506151e-03    3.2657039e-01
 3.6773487e-03    3.2659636e-01
 3.8039458e-03    3.2662277e-01
 3.9304008e-03    3.2664960e-01
 4.0567078e-03    3.2667687e-01
 4.1828611e-03    3.2670457e-01
 4.3088549e-03    3.2673270e-01
 4.4346836e-03    3.2676126e-01
 4.5603413e-03    3.2679025e-01
 4.6858223e-03    3.2681966e-01
 4.8111209e-03    3.2684950e-01
 4.9362313e-03    3.2687977e-01
 5.0611478e-03    3.2691046e-01
 5.1858646e-03    3.2694157e-01
 5.3103759e-03    3.2697311e-01
 5.4346761e-03    3.2700507e-01
 5.5587594e-03    3.2703745e-01
 5.6826199e-03    3.2707024e-01
 5.8062521e-03    3.2710346e-01
 5.9296500e-03    3.2713709e-01
 6.0528081e-03    3.2717114e-01
 6.1757205e-03    3.2720561e-01
 6.2983814e-03    3.2724049e-01
 6.4207852e-03    3.2727578e-01
 6.5429261e-03    3.2731149e-01
 6.6647984e-03    3.2734761e-01
 6.7863962e-03    3.2738414e-01
 6.9077138e-03    3.2742108e-01
 7.0287456e-03    3.2745842e-01
 7.1494857e-03    3.2749618e-01
 7.2699284e-03    3.2753434e-01
 7.3900679e-03    3.2757291e-01
 7.5098985e-03    3.2761188e-01
 7.6294145e-03    3.2765126e-01
 7.7486101e-03    3.2769104e-01
 7.8674796e-03    3.2773122e-01
 7.9860171e-03    3.2777180e-01
 8.1042170e-03    3.2781279e-01
 8.2220735e-03    3.2785417e-01
 8.3395809e-03    3.2789595e-01
 8.4567334e-03    3.2793813e-01
 8.5735253e-03    3.2798070e-01
 8.6899508e-03    3.2802367e-01
 8.8060041e-03    3.2806703e-01
 8.9216796e-03    3.2811079e-01
 9.0369714e-03    3.2815494e-01
 9.1518739e-03    3.2819948e-01
 9.2663812e-03    3.2824441e-01
 9.3804877e-03    3.2828973e-01
 9.4941875e-03    3.2833544e-01
 9.6074750e-03    3.2838153e-01
 9.7203444e-03    3.2842802e-01
 9.8327899e-03    3.2847489e-01
 9.9448057e-03    3.2852214e-01
 1.0056386e-02    3.2856977e-01
 1.0167526e-02    3.2861779e-01
 1.0278218e-02    3.2866619e-01
 1.0388458e-02    3.2871497e-01
 1.0498240e-02    3.2876414e-01
 1.0607557e-02    3.2881368e-01
 1.0716405e-02    3.2886359e-01
 1.0824777e-02    3.2891389e-01
 1.0932668e-02    3.2896456e-01
 1.1040071e-02    3.2901560e-01
 1.1146982e-02    3.2906702e-01
 1.1253394e-02    3.2911881e-01
 1.1359302e-02    3.2917098e-01
 1.1464700e-02    3.2922351e-01
 1.1569581e-02    3.2927642e-01
 1.1673942e-02    3.2932969e-01
 1.1777775e-02    3.2938333e-01
 1.1881075e-02    3.2943734e-01
 1.1983836e-02    3.2949172e-01
 1.2086052e-02    3.2954646e-01
 1.2187718e-02    3.2960156e-01
 1.2288828e-02    3.2965703e-01
 1.2389377e-02    3.2971286e-01
 1.2489357e-02    3.2976905e-01
 1.2588765e-02    3.2982560e-01
 1.2687593e-02    3.2988252e-01
 1.2785836e-02    3.2993979e-01
 1.2883489e-02    3.2999741e-01
 1.2980546e-02    3.3005540e-01
 1.3077000e-02    3.3011374e-01
 1.3172847e-02    3.3017243e-01
 1.3268080e-02    3.3023148e-01
 1.3362694e-02    3.3029088e-01
 1.3456683e-02    3.3035063e-01
 1.3550041e-02    3.3041073e-01
 1.3642762e-02    3.3047118e-01
 1.3734841e-02    3.3053198e-01
 1.3826272e-02    3.3059313e-01
 1.3917050e-02    3.3065463e-01
 1.4007167e-02    3.3071647e-01
 1.4096620e-02    3.3077865e-01
 1.4185401e-02    3.3084118e-01
 1.4273506e-02    3.3090406e-01
 1.4360928e-02    3.3096727e-01
 1.4447662e-02    3.3103083e-01
 1.4533702e-02    3.3109472e-01
 1.4619042e-02    3.3115896e-01
 1.4703676e-02    3.3122353e-01
 1.4787599e-02    3.3128844e-01
 1.4870805e-02    3.3135368e-01
 1.4953289e-02    3.3141927e-01
 1.5035044e-02    3.3148518e-01
 1.5116064e-02    3.3155143e-01
 1.5196345e-02    3.3161801e-01
 1.5275879e-02    3.3168492e-01
 1.5354663e-02    3.3175216e-01
 1.5432689e-02    3.3181974e-01
 1.5509952e-02    3.3188764e-01
 1.5586446e-02    3.3195586e-01
 1.5662166e-02    3.3202442e-01
 1.5737105e-02    3.3209330e-01
 1.5811259e-02    3.3216250e-01
 1.5884620e-02    3.3223203e-01
 1.5957184e-02    3.3230188e-01
 1.6028945e-02    3.3237205e-01
 1.6099897e-02    3.3244254e-01
 1.6170035e-02    3.3251335e-01
 1.6239351e-02    3.3258448e-01
 1.6307842e-02    3.3265593e-01
 1.6375500e-02    3.3272769e-01
 1.6442321e-02    3.3279978e-01
 1.6508298e-02    3.3287217e-01
 1.6573426e-02    3.3294488e-01
 1.6637699e-02    3.3301790e-01
 1.6701111e-02    3.3309124e-01
 1.6763657e-02    3.3316488e-01
 1.6825331e-02    3.3323884e-01
 1.6886126e-02    3.3331310e-01
 1.6946038e-02    3.3338767e-01
 1.7005060e-02    3.3346255e-01
 1.7063188e-02    3.3353774e-01
 1.7120414e-02    3.3361323e-01
 1.7176733e-02    3.3368902e-01
 1.7232140e-02    3.3376512e-01
 1.7286629e-02    3.3384152e-01
 1.7340194e-02    3.3391822e-01
 1.7392829e-02    3.3399522e-01
 1.7444529e-02    3.3407252e-01
 1.7495287e-02    3.3415012e-01
 1.7545099e-02    3.3422802e-01
 1.7593957e-02    3.3430621e-01
 1.7641858e-02    3.3438470e-01
 1.7688794e-02    3.3446348e-01
 1.7734760e-02    3.3454256e-01
 1.7779750e-02    3.3462192e-01
 1.7823759e-02    3.3470158e-01
 1.7866781e-02    3.3478154e-01
 1.7908810e-02    3.3486178e-01
 1.7949840e-02    3.3494230e-01
 1.7989866e-02    3.3502312e-01
 1.8028881e-02    3.3510422e-01
 1.8066881e-02    3.3518561e-01
 1.8103859e-02    3.3526729e-01
 1.8139809e-02    3.3534925e-01
 1.8174727e-02    3.3543149e-01
 1.8208605e-02    3.3551401e-01
 1.8241439e-02    3.3559681e-01
 1.8273222e-02    3.3567989e-01
 1.8303949e-02    3.3576326e-01
 1.8333614e-02    3.3584690e-01
 1.8362212e-02    3.3593081e-01
 1.8389736e-02    3.3601501e-01
 1.8416181e-02    3.3609948e-01
 1.8441541e-02    3.3618422e-01
 1.8465810e-02    3.3626923e-01
 1.8488983e-02    3.3635452e-01
 1.8511054e-02    3.3644008e-01
 1.8532017e-02    3.3652591e-01
 1.8551866e-02    3.3661201e-01
 1.8570596e-02    3.3669837e-01
 1.8588200e-02    3.3678501e-01
 1.8604674e-02    3.3687191e-01
 1.8620011e-02    3.3695907e-01
 1.8634206e-02    3.3704650e-01
 1.8647252e-02    3.3713420e-01
 1.8659145e-02    3.3722215e-01
 1.8669878e-02    3.3731037e-01
 1.8679445e-02    3.3739885e-01
 1.8687842e-02    3.3748759e-01
 1.8695061e-02    3.3757658e-01
 1.8701098e-02    3.3766584e-01
 1.8705947e-02    3.3775535e-01
 1.8709601e-02    3.3784512e-01
 1.8712056e-02    3.3793514e-01
 1.8713305e-02    3.3802541e-01
 1.8713342e-02    3.3811594e-01
 1.8712163e-02    3.3820672e-01
 1.8712163e-02    3.3820672e-01
 1.8425718e-02    3.5308145e-01
 1.8151139e-02    3.6795619e-01
 1.7887485e-02    3.8283093e-01
 1.7633927e-02    3.9770566e-01
 1.7389719e-02    4.1258040e-01
 1.7154201e-02    4.2745514e-01
 1.6926780e-02    4.4232987e-01
 1.6706922e-02    4.5720461e-01
 1.6494139e-02    4.7207935e-01
 1.6287995e-02    4.8695408e-01
 1.6088092e-02    5.0182882e-01
 1.5894065e-02    5.1670355e-01
 1.5705581e-02    5.3157829e-01
 1.5522332e-02    5.4645303e-01
 1.5344040e-02    5.6132776e-01
 1.5170446e-02    5.7620250e-01
 1.5001311e-02    5.9107724e-01
 1.4836414e-02    6.0595197e-01
 1.4675548e-02    6.2082671e-01
 1.4518522e-02    6.3570145e-01
 1.4365161e-02    6.5057618e-01
 1.4215300e-02    6.6545092e-01
 1.4068783e-02    6.8032565e-01
 1.3925467e-02    6.9520039e-01
 1.3785216e-02    7.1007513e-01
 1.3647901e-02    7.2494986e-01
 1.3513407e-02    7.3982460e-01
 1.3381619e-02    7.5469934e-01
 1.3252433e-02    7.6957407e-01
 1.3125751e-02    7.8444881e-01
 1.3001477e-02    7.9932354e-01
 1.2879523e-02    8.1419828e-01
 1.2759805e-02    8.2907302e-01
 1.2642244e-02    8.4394775e-01
 1.2526764e-02    8.5882249e-01
 1.2413296e-02    8.7369723e-01
 1.2301770e-02    8.8857196e-01
 1.2192123e-02    9.0344670e-01
 1.2084295e-02    9.1832144e-01
 1.1978225e-02    9.3319617e-01
 1.1873859e-02    9.4807091e-01
 1.1771144e-02    9.6294564e-01
 1.1670028e-02    9.7782038e-01
 1.1570465e-02    9.9269512e-01
 1.1472409e-02    1.0075699e+00
 1.1375815e-02    1.0224446e+00
 1.1280641e-02    1.0373193e+00
 1.1186848e-02    1.0521941e+00
 1.1094395e-02    1.0670688e+00
 1.1003248e-02    1.0819435e+00
 1.0913368e-02    1.0968183e+00
 1.0824724e-02    1.1116930e+00
 1.0737281e-02    1.1265677e+00
 1.0651009e-02    1.1414425e+00
 1.0565877e-02    1.1563172e+00
 1.0481857e-02    1.1711920e+00
 1.0398921e-02    1.1860667e+00
 1.0317041e-02    1.2009414e+00
 1.0236192e-02    1.2158162e+00
 1.0156348e-02    1.2306909e+00
 1.0077487e-02    1.2455656e+00
 9.9995828e-03    1.2604404e+00
 9.9226151e-03    1.2753151e+00
 9.8465619e-03    1.2901898e+00
 9.7714021e-03    1.3050646e+00
 9.6971157e-03    1.3199393e+00
 9.6236832e-03    1.3348141e+00
 9.5510858e-03    1.3496888e+00
 9.4793052e-03    1.3645635e+00
 9.4083237e-03    1.3794383e+00
 9.3381241e-03    1.3943130e+00
 9.2686899e-03    1.4091877e+00
 9.2000052e-03    1.4240625e+00
 9.1320546e-03    1.4389372e+00
 9.0648229e-03    1.4538119e+00
 8.9982955e-03    1.4686867e+00
 8.9324584e-03    1.4835614e+00
 8.8672979e-03    1.4984362e+00
 8.8028006e-03    1.5133109e+00
 8.7389535e-03    1.5281856e+00
 8.6757441e-03    1.5430604e+00
 8.6131602e-03    1.5579351e+00
 8.5511900e-03    1.5728098e+00
 8.4898219e-03    1.5876846e+00
 8.4290448e-03    1.6025593e+00
 8.3688478e-03    1.6174340e+00
 8.3092204e-03    1.6323088e+00
 8.2501522e-03    1.6471835e+00
 8.1916333e-03    1.6620583e+00
 8.1336537e-03    1.6769330e+00
 8.0762041e-03    1.6918077e+00
 8.0192752e-03    1.7066825e+00
 7.9628579e-03    1.7215572e+00
 7.9069436e-03    1.7364319e+00
 7.8515237e-03    1.7513067e+00
 7.7965898e-03    1.7661814e+00
 7.7421338e-03    1.7810561e+00
 7.6881478e-03    1.7959309e+00
 7.6346240e-03    1.8108056e+00
 7.5815550e-03    1.8256804e+00
 7.5289333e-03    1.8405551e+00
 7.4767517e-03    1.8554298e+00
 7.4250032e-03    1.8703046e+00
 7.3736811e-03    1.8851793e+00
 7.3227786e-03    1.9000540e+00
 7.2722892e-03    1.9149288e+00
 7.2222065e-03    1.9298035e+00
 7.1725243e-03    1.9446782e+00
 7.1232365e-03    1.9595530e+00
 7.0743371e-03    1.9744277e+00
 7.0258203e-03    1.9893025e+00
 6.9776804e-03    2.0041772e+00
 6.9299119e-03    2.0190519e+00
 6.8825093e-03    2.0339267e+00
 6.8354673e-03    2.0488014e+00
 6.7887806e-03    2.0636761e+00
 6.7424443e-03    2.0785509e+00
 6.6964532e-03    2.0934256e+00
 6.6508025e-03    2.1083003e+00
 6.6054875e-03    2.1231751e+00
 6.5605034e-03    2.1380498e+00
 6.5158456e-03    2.1529246e+00
 6.4715096e-03    2.1677993e+00
 6.4274912e-03    2.1826740e+00
 6.3837858e-03    2.1975488e+00
 6.3403894e-03    2.2124235e+00
 6.2972978e-03    2.2272982e+00
 6.2545069e-03    2.2421730e+00
 6.2120127e-03    2.2570477e+00
 6.1698114e-03    2.2719224e+00
 6.1278990e-03    2.2867972e+00
 6.0862719e-03    2.3016719e+00
 6.0449264e-03    2.3165467e+00
 6.0038589e-03    2.3314214e+00
 5.9630658e-03    2.3462961e+00
 5.9225436e-03    2.3611709e+00
 5.8822890e-03    2.3760456e+00
 5.8422986e-03    2.3909203e+00
 5.8025692e-03    2.4057951e+00
 5.7630974e-03    2.4206698e+00
 5.7238801e-03    2.4355445e+00
 5.6849142e-03    2.4504193e+00
 5.6461967e-03    2.4652940e+00
 5.6077245e-03    2.4801687e+00
 5.5694948e-03    2.4950435e+00
 5.5315046e-03    2.5099182e+00
 5.4937511e-03    2.5247930e+00
 5.4562315e-03    2.5396677e+00
 5.4189430e-03    2.5545424e+00
 5.3818830e-03    2.5694172e+00
 5.3450488e-03    2.5842919e+00
 5.3084377e-03    2.5991666e+00
 5.2720474e-03    2.6140414e+00
 5.2358751e-03    2.6289161e+00
 5.1999185e-03    2.6437908e+00
 5.1641751e-03    2.6586656e+00
 5.1286425e-03    2.6735403e+00
 5.0933184e-03    2.6884151e+00
 5.0582004e-03    2.7032898e+00
 5.0232863e-03    2.7181645e+00
 4.9885738e-03    2.7330393e+00
 4.9540607e-03    2.7479140e+00
 4.9197449e-03    2.7627887e+00
 4.8856242e-03    2.7776635e+00
 4.8516965e-03    2.7925382e+00
 4.8179598e-03    2.8074129e+00
 4.7844120e-03    2.8222877e+00
 4.7510510e-03    2.8371624e+00
 4.7178751e-03    2.8520372e+00
 4.6848821e-03    2.8669119e+00
 4.6520702e-03    2.8817866e+00
 4.6194374e-03    2.8966614e+00
 4.5869821e-03    2.9115361e+00
 4.5547022e-03    2.9264108e+00
 4.5225961e-03    2.9412856e+00
 4.4906619e-03    2.9561603e+00
 4.4588978e-03    2.9710350e+00
 4.4273023e-03    2.9859098e+00
 4.3958736e-03    3.0007845e+00
 4.3646099e-03    3.0156593e+00
 4.3335097e-03    3.0305340e+00
 4.3025714e-03    3.0454087e+00
 4.2717933e-03    3.0602835e+00
 4.2411738e-03    3.0751582e+00
 4.2107115e-03    3.0900329e+00
 4.1804048e-03    3.1049077e+00
 4.1502521e-03    3.1197824e+00
 4.1202520e-03    3.1346571e+00
 4.0904031e-03    3.1495319e+00
 4.0607038e-03    3.1644066e+00
 4.0311527e-03    3.1792814e+00
 4.0017485e-03    3.1941561e+00
 3.9724898e-03    3.2090308e+00
 3.9433751e-03    3.2239056e+00
 3.9144031e-03    3.2387803e+00
 3.8855725e-03    3.2536550e+00
 3.8568821e-03    3.2685298e+00
 3.8283304e-03    3.2834045e+00
 3.7999162e-03    3.2982792e+00
 3.7716382e-03    3.3131540e+00
 3.7434953e-03    3.3280287e+00
 3.7154861e-03    3.3429035e+00
 3.6876095e-03    3.3577782e+00
 3.6598643e-03    3.3726529e+00
 3.6322492e-03    3.3875277e+00
 3.6047631e-03    3.4024024e+00
 3.5774049e-03    3.4172771e+00
 3.5501734e-03    3.4321519e+00
 3.5230676e-03    3.4470266e+00
 3.4960862e-03    3.4619013e+00
 3.4692282e-03    3.4767761e+00
 3.4424926e-03    3.4916508e+00
 3.4158782e-03    3.5065256e+00
 3.3893840e-03    3.5214003e+00
 3.3630089e-03    3.5362750e+00
 3.3367520e-03    3.5511498e+00
 3.3106123e-03    3.5660245e+00
 3.2845886e-03    3.5808992e+00
 3.2586801e-03    3.5957740e+00
 3.2328857e-03    3.6106487e+00
 3.2072045e-03    3.6255234e+00
 3.1816356e-03    3.6403982e+00
 3.1561779e-03    3.6552729e+00
 3.1308306e-03    3.6701477e+00
 3.1055927e-03    3.6850224e+00
 3.0804633e-03    3.6998971e+00
 3.0554416e-03    3.7147719e+00
 3.0305266e-03    3.7296466e+00
 3.0057175e-03    3.7445213e+00
 2.9810134e-03    3.7593961e+00
 2.9564134e-03    3.7742708e+00
 2.9319167e-03    3.7891455e+00
 2.9075224e-03    3.8040203e+00
 2.8832298e-03    3.8188950e+00
 2.8590380e-03    3.8337698e+00
 2.8349461e-03    3.8486445e+00
 2.8109535e-03    3.8635192e+00
 2.7870593e-03    3.8783940e+00
 2.7632626e-03    3.8932687e+00
 2.7395629e-03    3.9081434e+00
 2.7159592e-03    3.9230182e+00
 2.6924508e-03    3.9378929e+00
 2.6690371e-03    3.9527676e+00
 2.6457171e-03    3.9676424e+00
 2.6224903e-03    3.9825171e+00
 2.5993558e-03    3.9973919e+00
 2.5763130e-03    4.0122666e+00
 2.5533612e-03    4.0271413e+00
 2.5304997e-03    4.0420161e+00
 2.5077277e-03    4.0568908e+00
 2.4850445e-03    4.0717655e+00
 2.4624496e-03    4.0866403e+00
 2.4399422e-03    4.1015150e+00
 2.4175217e-03    4.1163897e+00
 2.3951874e-03    4.1312645e+00
 2.3729387e-03    4.1461392e+00
 2.3507748e-03    4.1610140e+00
 2.3286953e-03    4.1758887e+00
 2.3066994e-03    4.1907634e+00
 2.2847865e-03    4.2056382e+00
 2.2629561e-03    4.2205129e+00
 2.2412074e-03    4.2353876e+00
 2.2195400e-03    4.2502624e+00
 2.1979531e-03    4.2651371e+00
 2.1764463e-03    4.2800118e+00
 2.1550189e-03    4.2948866e+00
 2.1336703e-03    4.3097613e+00
 2.1124000e-03    4.3246361e+00
 2.0912074e-03    4.3395108e+00
 2.0700919e-03    4.3543855e+00
 2.0490530e-03    4.3692603e+00
 2.0280901e-03    4.3841350e+00
 2.0072028e-03    4.3990097e+00
 1.9863903e-03    4.4138845e+00
 1.9656523e-03    4.4287592e+00
 1.9449882e-03    4.4436339e+00
 1.9243974e-03    4.4585087e+00
 1.9038794e-03    4.4733834e+00
 1.8834338e-03    4.4882582e+00
 1.8630599e-03    4.5031329e+00
 1.8427574e-03    4.5180076e+00
 1.8225257e-03    4.5328824e+00
 1.8023642e-03    4.5477571e+00
 1.7822726e-03    4.5626318e+00
 1.7622504e-03    4.5775066e+00
 1.7422969e-03    4.5923813e+00
 1.7224119e-03    4.6072560e+00
 1.7025947e-03    4.6221308e+00
 1.6828450e-03    4.6370055e+00
 1.6631623e-03    4.6518803e+00
 1.6435460e-03    4.6667550e+00
 1.6239959e-03    4.6816297e+00
 1.6045113e-03    4.6965045e+00
 1.5850919e-03    4.7113792e+00
 1.5657372e-03    4.7262539e+00
 1.5464468e-03    4.7411287e+00
 1.5272202e-03    4.7560034e+00
 1.5080570e-03    4.7708781e+00
 1.4889569e-03    4.7857529e+00
 1.4699192e-03    4.8006276e+00
 1.4509438e-03    4.8155024e+00
 1.4320300e-03    4.8303771e+00
 1.4131776e-03    4.8452518e+00
 1.3943861e-03    4.8601266e+00
 1.3756551e-03    4.8750013e+00
 1.3569842e-03    4.8898760e+00
 1.3383730e-03    4.9047508e+00
 1.3198211e-03    4.9196255e+00
 1.3013281e-03    4.9345002e+00
 1.2828937e-03    4.9493750e+00
 1.2645175e-03    4.9642497e+00
 1.2461990e-03    4.9791245e+00
 1.2279379e-03    4.9939992e+00
 1.2097338e-03    5.0088739e+00
 1.1915864e-03    5.0237487e+00
 1.1734952e-03    5.0386234e+00
 1.1554600e-03    5.0534981e+00
 1.1374804e-03    5.0683729e+00
 1.1195559e-03    5.0832476e+00
 1.1016863e-03    5.0981223e+00
 1.0838712e-03    5.1129971e+00
 1.0661103e-03    5.1278718e+00
 1.0484031e-03    5.1427466e+00
 1.0307494e-03    5.1576213e+00
 1.0131488e-03    5.1724960e+00
 9.9560102e-04    5.1873708e+00
 9.7810567e-04    5.2022455e+00
 9.6066243e-04    5.2171202e+00
 9.4327097e-04    5.2319950e+00
 9.2593098e-04    5.2468697e+00
 9.0864211e-04    5.2617444e+00
 8.9140407e-04    5.2766192e+00
 8.7421651e-04    5.2914939e+00
 8.5707914e-04    5.3063687e+00
 8.3999163e-04    5.3212434e+00
 8.2295368e-04    5.3361181e+00
 8.0596497e-04    5.3509929e+00
 7.8902521e-04    5.3658676e+00
 7.7213408e-04    5.3807423e+00
 7.5529128e-04    5.3956171e+00
 7.3849653e-04    5.4104918e+00
 7.2174952e-04    5.4253665e+00
 7.0504995e-04    5.4402413e+00
 6.8839754e-04    5.4551160e+00
 6.7179200e-04    5.4699908e+00
 6.5523303e-04    5.4848655e+00
 6.3872036e-04    5.4997402e+00
 6.2225370e-04    5.5146150e+00
 6.0583277e-04    5.5294897e+00
 5.8945730e-04    5.5443644e+00
 5.7312700e-04    5.5592392e+00
 5.5684161e-04    5.5741139e+00
 5.4060084e-04    5.5889886e+00
 5.2440444e-04    5.6038634e+00
 5.0825213e-04    5.6187381e+00
 4.9214365e-04    5.6336129e+00
 4.7607873e-04    5.6484876e+00
 4.6005711e-04    5.6633623e+00
 4.4407853e-04    5.6782371e+00
 4.2814274e-04    5.6931118e+00
 4.1224948e-04    5.7079865e+00
 3.9639849e-04    5.7228613e+00
 3.8058952e-04    5.7377360e+00
 3.6482233e-04    5.7526107e+00
 3.4909666e-04    5.7674855e+00
 3.3341226e-04    5.7823602e+00
 3.1776890e-04    5.7972350e+00
 3.0216633e-04    5.8121097e+00
 2.8660430e-04    5.8269844e+00
 2.7108259e-04    5.8418592e+00
 2.5560094e-04    5.8567339e+00
 2.4015913e-04    5.8716086e+00
 2.2475692e-04    5.8864834e+00
 2.0939407e-04    5.9013581e+00
 1.9407037e-04    5.9162328e+00
 1.7878557e-04    5.9311076e+00
 1.6353945e-04    5.9459823e+00
 1.4833179e-04    5.9608571e+00
 1.3316235e-04    5.9757318e+00
 1.1803093e-04    5.9906065e+00
 1.0293729e-04    6.0054813e+00
 8.7881212e-05    6.0203560e+00
 7.2862485e-05    6.0352307e+00
 5.7880890e-05    6.0501055e+00
 4.2936211e-05    6.0649802e+00
 2.8028235e-05    6.0798549e+00
 1.3156749e-05    6.0947297e+00
-1.6784563e-06    6.1096044e+00
-1.6477591e-05    6.1244792e+00
-3.1240862e-05    6.1393539e+00
-4.5968476e-05    6.1542286e+00
-6.0660638e-05    6.1691034e+00
-7.5317552e-05    6.1839781e+00
-8.9939419e-05    6.1988528e+00
-1.0452644e-04    6.2137276e+00
-1.1907881e-04    6.2286023e+00
-1.3359674e-04    6.2434770e+00
-1.4808042e-04    6.2583518e+00
-1.6253003e-04    6.2732265e+00
-1.7694579e-04    6.2881012e+00
-1.9132787e-04    6.3029760e+00
-2.0567648e-04    6.3178507e+00
-2.1999180e-04    6.3327255e+00
-2.3427402e-04    6.3476002e+00
-2.4852333e-04    6.3624749e+00
-2.6273991e-04    6.3773497e+00
-2.7692396e-04    6.3922244e+00
-2.9107564e-04    6.4070991e+00
-3.0519516e-04    6.4219739e+00
-3.1928268e-04    6.4368486e+00
-3.3333839e-04    6.4517233e+00
-3.4736247e-04    6.4665981e+00
-3.6135510e-04    6.4814728e+00
-3.7531644e-04    6.4963476e+00
-3.8924669e-04    6.5112223e+00
-4.0314601e-04    6.5260970e+00
-4.1701457e-04    6.5409718e+00
-4.3085256e-04    6.5558465e+00
-4.4466013e-04    6.5707212e+00
-4.5843747e-04    6.5855960e+00
-4.7218474e-04    6.6004707e+00
-4.8590210e-04    6.6153454e+00
-4.9958973e-04    6.6302202e+00
-5.1324779e-04    6.6450949e+00
-5.2687644e-04    6.6599697e+00
-5.4047586e-04    6.6748444e+00
-5.5404619e-04    6.6897191e+00
-5.6758761e-04    6.7045939e+00
-5.8110028e-04    6.7194686e+00
-5.9458435e-04    6.7343433e+00
-6.0803998e-04    6.7492181e+00
-6.2146733e-04    6.7640928e+00
-6.3486656e-04    6.7789675e+00
-6.4823783e-04    6.7938423e+00
-6.6158129e-04    6.8087170e+00
-6.7489709e-04    6.8235918e+00
-6.8818538e-04    6.8384665e+00
-7.0144632e-04    6.8533412e+00
-7.1468007e-04    6.8682160e+00
-7.2788676e-04    6.8830907e+00
-7.4106655e-04    6.8979654e+00
-7.5421959e-04    6.9128402e+00
-7.6734602e-04    6.9277149e+00
-7.8044600e-04    6.9425896e+00
-7.9351966e-04    6.9574644e+00
-8.0656716e-04    6.9723391e+00
-8.1958863e-04    6.9872139e+00
-8.3258423e-04    7.0020886e+00
-8.4555408e-04    7.0169633e+00
-8.5849834e-04    7.0318381e+00
-8.7141715e-04    7.0467128e+00
-8.8431064e-04    7.0615875e+00
-8.9717895e-04    7.0764623e+00
-9.1002223e-04    7.0913370e+00
-9.2284060e-04    7.1062117e+00
-9.3563422e-04    7.1210865e+00
-9.4840320e-04    7.1359612e+00
-9.6114769e-04    7.1508360e+00
-9.7386782e-04    7.1657107e+00
-9.8656373e-04    7.1805854e+00
-9.9923555e-04    7.1954602e+00
-1.0118834e-03    7.2103349e+00
-1.0245074e-03    7.2252096e+00
-1.0371078e-03    7.2400844e+00
-1.0496845e-03    7.2549591e+00
-1.0622378e-03    7.2698338e+00
-1.0747679e-03    7.2847086e+00
-1.0872747e-03    7.2995833e+00
-1.0997584e-03    7.3144581e+00
-1.1122193e-03    7.3293328e+00
-1.1246573e-03    7.3442075e+00
-1.1370727e-03    7.3590823e+00
-1.1494655e-03    7.3739570e+00
-1.1618358e-03    7.3888317e+00
-1.1741839e-03    7.4037065e+00
-1.1865098e-03    7.4185812e+00
-1.1988136e-03    7.4334559e+00
-1.2110954e-03    7.4483307e+00
-1.2233554e-03    7.4632054e+00
-1.2355938e-03    7.4780802e+00
-1.2478105e-03    7.4929549e+00
-1.2600058e-03    7.5078296e+00
-1.2721797e-03    7.5227044e+00
-1.2843323e-03    7.5375791e+00
-1.2964639e-03    7.5524538e+00
-1.3085744e-03    7.5673286e+00
-1.3206641e-03    7.5822033e+00
-1.3327330e-03    7.5970780e+00
-1.3447812e-03    7.6119528e+00
-1.3568089e-03    7.6268275e+00
-1.3688161e-03    7.6417023e+00
-1.3808030e-03    7.6565770e+00
-1.3927697e-03    7.6714517e+00
-1.4047163e-03    7.6863265e+00
-1.4166430e-03    7.7012012e+00
-1.4285497e-03    7.7160759e+00
-1.4404366e-03    7.7309507e+00
-1.4523039e-03    7.7458254e+00
-1.4641517e-03    7.7607001e+00
-1.4759799e-03    7.7755749e+00
-1.4877889e-03    7.7904496e+00
-1.4995786e-03    7.8053244e+00
-1.5113491e-03    7.8201991e+00
-1.5231007e-03    7.8350738e+00
-1.5348333e-03    7.8499486e+00
-1.5465471e-03    7.8648233e+00
-1.5582422e-03    7.8796980e+00
-1.5699187e-03    7.8945728e+00
-1.5815766e-03    7.9094475e+00
-1.5932162e-03    7.9243222e+00
-1.6048374e-03    7.9391970e+00
-1.6164405e-03    7.9540717e+00
-1.6280254e-03    7.9689465e+00
-1.6395924e-03    7.9838212e+00
-1.6511414e-03    7.9986959e+00
-1.6626726e-03    8.0135707e+00
-1.6741861e-03    8.0284454e+00
-1.6856820e-03    8.0433201e+00
-1.6971604e-03    8.0581949e+00
-1.7086214e-03    8.0730696e+00
-1.7200650e-03    8.0879443e+00
-1.7314915e-03    8.1028191e+00
-1.7429008e-03    8.1176938e+00
-1.7542930e-03    8.1325686e+00
-1.7656684e-03    8.1474433e+00
-1.7770268e-03    8.1623180e+00
-1.7883686e-03    8.1771928e+00
-1.7996936e-03    8.1920675e+00
-1.8110021e-03    8.2069422e+00
-1.8222941e-03    8.2218170e+00
-1.8335698e-03    8.2366917e+00
-1.8448291e-03    8.2515664e+00
-1.8560723e-03    8.2664412e+00
-1.8672993e-03    8.2813159e+00
-1.8785103e-03    8.2961907e+00
-1.8897054e-03    8.3110654e+00
-1.9008847e-03    8.3259401e+00
-1.9120482e-03    8.3408149e+00
-1.9231960e-03    8.3556896e+00
-1.9343283e-03    8.3705643e+00
-1.9454450e-03    8.3854391e+00
-1.9565464e-03    8.4003138e+00
-1.9676325e-03    8.4151885e+00
-1.9787033e-03    8.4300633e+00
-1.9897590e-03    8.4449380e+00
-2.0007996e-03    8.4598128e+00
-2.0118252e-03    8.4746875e+00
-2.0228360e-03    8.4895622e+00
-2.0338319e-03    8.5044370e+00
-2.0448132e-03    8.5193117e+00
-2.0557798e-03    8.5341864e+00
-2.0667318e-03    8.5490612e+00
-2.0776694e-03    8.5639359e+00
-2.0885926e-03    8.5788106e+00
-2.0995015e-03    8.5936854e+00
-2.1103961e-03    8.6085601e+00
-2.1212767e-03    8.6234349e+00
-2.1321431e-03    8.6383096e+00
-2.1429956e-03    8.6531843e+00
-2.1538342e-03    8.6680591e+00
-2.1646589e-03    8.6829338e+00
-2.1754699e-03    8.6978085e+00
-2.1862673e-03    8.7126833e+00
-2.1970510e-03    8.7275580e+00
-2.2078213e-03    8.7424327e+00
-2.2185781e-03    8.7573075e+00
-2.2293216e-03    8.7721822e+00
-2.2400518e-03    8.7870570e+00
-2.2507688e-03    8.8019317e+00
-2.2614726e-03    8.8168064e+00
-2.2721635e-03    8.8316812e+00
-2.2828413e-03    8.8465559e+00
-2.2935063e-03    8.8614306e+00
-2.3041585e-03    8.8763054e+00
-2.3147979e-03    8.8911801e+00
-2.3254247e-03    8.9060548e+00
-2.3360388e-03    8.9209296e+00
-2.3466405e-03    8.9358043e+00
-2.3572296e-03    8.9506791e+00
-2.3678065e-03    8.9655538e+00
-2.3783710e-03    8.9804285e+00
-2.3889233e-03    8.9953033e+00
-2.3994634e-03    9.0101780e+00
-2.4099915e-03    9.0250527e+00
-2.4205075e-03    9.0399275e+00
-2.4310117e-03    9.0548022e+00
-2.4415039e-03    9.0696769e+00
-2.4519844e-03    9.0845517e+00
-2.4624531e-03    9.0994264e+00
-2.4729102e-03    9.1143012e+00
-2.4833556e-03    9.1291759e+00
-2.4937896e-03    9.1440506e+00
-2.5042121e-03    9.1589254e+00
-2.5146233e-03    9.1738001e+00
-2.5250231e-03    9.1886748e+00
-2.5354117e-03    9.2035496e+00
-2.5457891e-03    9.2184243e+00
-2.5561555e-03    9.2332990e+00
-2.5665108e-03    9.2481738e+00
-2.5768551e-03    9.2630485e+00
-2.5871885e-03    9.2779233e+00
-2.5975111e-03    9.2927980e+00
-2.6078229e-03    9.3076727e+00
-2.6181240e-03    9.3225475e+00
-2.6284145e-03    9.3374222e+00
-2.6386944e-03    9.3522969e+00
-2.6489638e-03    9.3671717e+00
-2.6592228e-03    9.3820464e+00
-2.6694714e-03    9.3969211e+00
-2.6797097e-03    9.4117959e+00
-2.6899377e-03    9.4266706e+00
-2.7001556e-03    9.4415454e+00
-2.7103634e-03    9.4564201e+00
-2.7205611e-03    9.4712948e+00
-2.7307488e-03    9.4861696e+00
-2.7409266e-03    9.5010443e+00
-2.7510945e-03    9.5159190e+00
-2.7612526e-03    9.5307938e+00
-2.7714010e-03    9.5456685e+00
-2.7815397e-03    9.5605432e+00
-2.7916688e-03    9.5754180e+00
-2.8017884e-03    9.5902927e+00
-2.8118984e-03    9.6051675e+00
-2.8219991e-03    9.6200422e+00
-2.8320903e-03    9.6349169e+00
-2.8421723e-03    9.6497917e+00
-2.8522450e-03    9.6646664e+00
-2.8623086e-03    9.6795411e+00
-2.8723630e-03    9.6944159e+00
-2.8824083e-03    9.7092906e+00
-2.8924446e-03    9.7241653e+00
-2.9024720e-03    9.7390401e+00
-2.9124905e-03    9.7539148e+00
-2.9225002e-03    9.7687896e+00
-2.9325011e-03    9.7836643e+00
-2.9424933e-03    9.7985390e+00
-2.9524769e-03    9.8134138e+00
-2.9624518e-03    9.8282885e+00
-2.9724183e-03    9.8431632e+00
-2.9823762e-03    9.8580380e+00
-2.9923257e-03    9.8729127e+00
-3.0022669e-03    9.8877874e+00
-3.0121997e-03    9.9026622e+00
-3.0221243e-03    9.9175369e+00
-3.0320407e-03    9.9324117e+00
-3.0419490e-03    9.9472864e+00
-3.0518492e-03    9.9621611e+00
-3.0617414e-03    9.9770359e+00
-3.0716256e-03    9.9919106e+00
-3.0815019e-03    1.0006785e+01
-3.0913703e-03    1.0021660e+01
-3.1012309e-03    1.0036535e+01
-3.1110838e-03    1.0051410e+01
-3.1209290e-03    1.0066284e+01
-3.1307666e-03    1.0081159e+01
-3.1405965e-03    1.0096034e+01
-3.1504190e-03    1.0110908e+01
-3.1602339e-03    1.0125783e+01
-3.1700415e-03    1.0140658e+01
-3.1798417e-03    1.0155533e+01
-3.1896346e-03    1.0170407e+01
-3.1994202e-03    1.0185282e+01
-3.2091986e-03    1.0200157e+01
-3.2189698e-03    1.0215032e+01
-3.2287340e-03    1.0229906e+01
-3.2384911e-03    1.0244781e+01
-3.2482412e-03    1.0259656e+01
-3.2579843e-03    1.0274531e+01
-3.2677206e-03    1.0289405e+01
-3.2774500e-03    1.0304280e+01
-3.2871727e-03    1.0319155e+01
-3.2968886e-03    1.0334030e+01
-3.3065978e-03    1.0348904e+01
-3.3163004e-03    1.0363779e+01
-3.3259964e-03    1.0378654e+01
-3.3356858e-03    1.0393528e+01
-3.3453688e-03    1.0408403e+01
-3.3550454e-03    1.0423278e+01
-3.3647155e-03    1.0438153e+01
-3.3743794e-03    1.0453027e+01
-3.3840369e-03    1.0467902e+01
-3.3936883e-03    1.0482777e+01
-3.4033334e-03    1.0497652e+01
-3.4129724e-03    1.0512526e+01
-3.4226054e-03    1.0527401e+01
-3.4322322e-03    1.0542276e+01
-3.4418532e-03    1.0557151e+01
-3.4514681e-03    1.0572025e+01
-3.4610772e-03    1.0586900e+01
-3.4706805e-03    1.0601775e+01
-3.4802779e-03    1.0616650e+01
-3.4898696e-03    1.0631524e+01
-3.4994557e-03    1.0646399e+01
-3.5090360e-03    1.0661274e+01
-3.5186108e-03    1.0676148e+01
-3.5281800e-03    1.0691023e+01
-3.5377438e-03    1.0705898e+01
-3.5473020e-03    1.0720773e+01
-3.5568549e-03    1.0735647e+01
-3.5664024e-03    1.0750522e+01
-3.5759446e-03    1.0765397e+01
-3.5854815e-03    1.0780272e+01
-3.5950132e-03    1.0795146e+01
-3.6045397e-03    1.0810021e+01
-3.6140611e-03    1.0824896e+01
-3.6235774e-03    1.0839771e+01
-3.6330886e-03    1.0854645e+01
-3.6425949e-03    1.0869520e+01
-3.6520962e-03    1.0884395e+01
-3.6615926e-03    1.0899270e+01
-3.6710842e-03    1.0914144e+01
-3.6805709e-03    1.0929019e+01
-3.6900529e-03    1.0943894e+01
-3.6995302e-03    1.0958768e+01
-3.7090028e-03    1.0973643e+01
-3.7184708e-03    1.0988518e+01
-3.7279341e-03    1.1003393e+01
-3.7373930e-03    1.1018267e+01
-3.7468473e-03    1.1033142e+01
-3.7562972e-03    1.1048017e+01
-3.7657427e-03    1.1062892e+01
-3.7751838e-03    1.1077766e+01
-3.7846206e-03    1.1092641e+01
-3.7940531e-03    1.1107516e+01
-3.8034814e-03    1.1122391e+01
-3.8129055e-03    1.1137265e+01
-3.8223254e-03    1.1152140e+01
-3.8317413e-03    1.1167015e+01
-3.8411530e-03    1.1181890e+01
-3.8505608e-03    1.1196764e+01
-3.8599646e-03    1.1211639e+01
-3.8693644e-03    1.1226514e+01
-3.8787604e-03    1.1241388e+01
-3.8881525e-03    1.1256263e+01
-3.8975408e-03    1.1271138e+01
-3.9069253e-03    1.1286013e+01
-3.9163062e-03    1.1300887e+01
-3.9256833e-03    1.1315762e+01
-3.9350568e-03    1.1330637e+01
-3.9444267e-03    1.1345512e+01
-3.9537930e-03    1.1360386e+01
-3.9631559e-03    1.1375261e+01
-3.9725152e-03    1.1390136e+01
-3.9818712e-03    1.1405011e+01
-3.9912237e-03    1.1419885e+01
-4.0005729e-03    1.1434760e+01
-4.0099188e-03    1.1449635e+01
-4.0192614e-03    1.1464509e+01
-4.0286008e-03    1.1479384e+01
-4.0379370e-03    1.1494259e+01
-4.0472701e-03    1.1509134e+01
-4.0566000e-03    1.1524008e+01
-4.0659269e-03    1.1538883e+01
-4.0752508e-03    1.1553758e+01
-4.0845717e-03    1.1568633e+01
-4.0938896e-03    1.1583507e+01
-4.1032046e-03    1.1598382e+01
-4.1125168e-03    1.1613257e+01
-4.1218261e-03    1.1628132e+01
-4.1311327e-03    1.1643006e+01
-4.1404365e-03    1.1657881e+01
-4.1497376e-03    1.1672756e+01
-4.1590360e-03    1.1687631e+01
-4.1683318e-03    1.1702505e+01
-4.1776250e-03    1.1717380e+01
-4.1869156e-03    1.1732255e+01
-4.1962038e-03    1.1747129e+01
-4.2054894e-03    1.1762004e+01
-4.2147726e-03    1.1776879e+01
-4.2240535e-03    1.1791754e+01
-4.2333319e-03    1.1806628e+01
-4.2426081e-03    1.1821503e+01
-4.2518819e-03    1.1836378e+01
-4.2611536e-03    1.1851253e+01
-4.2704230e-03    1.1866127e+01
-4.2796902e-03    1.1881002e+01
-4.2889553e-03    1.1895877e+01
-4.2982183e-03    1.1910752e+01
-4.3074793e-03    1.1925626e+01
-4.3167382e-03    1.1940501e+01
-4.3259952e-03    1.1955376e+01
-4.3352502e-03    1.1970251e+01
-4.3445033e-03    1.1985125e+01
-4.3537545e-03    1.2000000e+01
 0.0000000e+00    1.2050125e+01
 0.0000000e+00    1.2100251e+01
 0.0000000e+00    1.2150376e+01
 0.0000000e+00    1.2200501e+01
 0.0000000e+00    1.2250627e+01
 0.0000000e+00    1.2300752e+01
 0.0000000e+00    1.2350877e+01
 0.0000000e+00    1.2401003e+01
 0.0000000e+00    1.2451128e+01
 0.0000000e+00    1.2501253e+01
 0.0000000e+00    1.2551378e+01
 0.0000000e+00    1.2601504e+01
 0.0000000e+00    1.2651629e+01
 0.0000000e+00    1.2701754e+01
 0.0000000e+00    1.2751880e+01
 0.0000000e+00    1.2802005e+01
 0.0000000e+00    1.2852130e+01
 0.0000000e+00    1.2902256e+01
 0.0000000e+00    1.2952381e+01
 0.0000000e+00    1.3002506e+01
 0.0000000e+00    1.3052632e+01
 0.0000000e+00    1.3102757e+01
 0.0000000e+00    1.3152882e+01
 0.0000000e+00    1.3203008e+01
 0.0000000e+00    1.3253133e+01
 0.0000000e+00    1.3303258e+01
 0.0000000e+00    1.3353383e+01
 0.0000000e+00    1.3403509e+01
 0.0000000e+00    1.3453634e+01
 0.0000000e+00    1.3503759e+01
 0.0000000e+00    1.3553885e+01
 0.0000000e+00    1.3604010e+01
 0.0000000e+00    1.3654135e+01
 0.0000000e+00    1.3704261e+01
 0.0000000e+00    1.3754386e+01
 0.0000000e+00    1.3804511e+01
 0.0000000e+00    1.3854637e+01
 0.0000000e+00    1.3904762e+01
 0.0000000e+00    1.3954887e+01
 0.0000000e+00    1.4005013e+01
 0.0000000e+00    1.4055138e+01
 0.0000000e+00    1.4105263e+01
 0.0000000e+00    1.4155388e+01
 0.0000000e+00    1.4205514e+01
 0.0000000e+00    1.4255639e+01
 0.0000000e+00    1.4305764e+01
 0.0000000e+00    1.4355890e+01
 0.0000000e+00    1.4406015e+01
 0.0000000e+00    1.4456140e+01
 0.0000000e+00    1.4506266e+01
 0.0000000e+00    1.4556391e+01
 0.0000000e+00    1.4606516e+01
 0.0000000e+00    1.4656642e+01
 0.0000000e+00    1.4706767e+01
 0.0000000e+00    1.4756892e+01
 0.0000000e+00    1.4807018e+01
 0.0000000e+00    1.4857143e+01
 0.0000000e+00    1.4907268e+01
 0.0000000e+00    1.4957393e+01
 0.0000000e+00    1.5007519e+01
 0.0000000e+00    1.5057644e+01
 0.0000000e+00    1.5107769e+01
 0.0000000e+00    1.5157895e+01
 0.0000000e+00    1.5208020e+01
 0.0000000e+00    1.5258145e+01
 0.0000000e+00    1.5308271e+01
 0.0000000e+00    1.5358396e+01
 0.0000000e+00    1.5408521e+01
 0.0000000e+00    1.5458647e+01
 0.0000000e+00    1.5508772e+01
 0.0000000e+00    1.5558897e+01
 0.0000000e+00    1.5609023e+01
 0.0000000e+00    1.5659148e+01
 0.0000000e+00    1.5709273e+01
 0.0000000e+00    1.5759398e+01
 0.0000000e+00    1.5809524e+01
 0.0000000e+00    1.5859649e+01
 0.0000000e+00    1.5909774e+01
 0.0000000e+00    1.5959900e+01
 0.0000000e+00    1.6010025e+01
 0.0000000e+00    1.6060150e+01
 0.0000000e+00    1.6110276e+01
 0.0000000e+00    1.6160401e+01
 0.0000000e+00    1.6210526e+01
 0.0000000e+00    1.6260652e+01
 0.0000000e+00    1.6310777e+01
 0.0000000e+00    1.6360902e+01
 0.0000000e+00    1.6411028e+01
 0.0000000e+00    1.6461153e+01
 0.0000000e+00    1.6511278e+01
 0.0000000e+00    1.6561404e+01
 0.0000000e+00    1.6611529e+01
 0.0000000e+00    1.6661654e+01
 0.0000000e+00    1.6711779e+01
 0.0000000e+00    1.6761905e+01
 0.0000000e+00    1.6812030e+01
 0.0000000e+00    1.6862155e+01
 0.0000000e+00    1.6912281e+01
 0.0000000e+00    1.6962406e+01
 0.0000000e+00    1.7012531e+01
 0.0000000e+00    1.7062657e+01
 0.0000000e+00    1.7112782e+01
 0.0000000e+00    1.7162907e+01
 0.0000000e+00    1.7213033e+01
 0.0000000e+00    1.7263158e+01
 0.0000000e+00    1.7313283e+01
 0.0000000e+00    1.7363409e+01
 0.0000000e+00    1.7413534e+01
 0.0000000e+00    1.7463659e+01
 0.0000000e+00    1.7513784e+01
 0.0000000e+00    1.7563910e+01
 0.0000000e+00    1.7614035e+01
 0.0000000e+00    1.7664160e+01
 0.0000000e+00    1.7714286e+01
 0.0000000e+00    1.7764411e+01
 0.0000000e+00    1.7814536e+01
 0.0000000e+00    1.7864662e+01
 0.0000000e+00    1.7914787e+01
 0.0000000e+00    1.7964912e+01
 0.0000000e+00    1.8015038e+01
 0.0000000e+00    1.8065163e+01
 0.0000000e+00    1.8115288e+01
 0.0000000e+00    1.8165414e+01
 0.0000000e+00    1.8215539e+01
 0.0000000e+00    1.8265664e+01
 0.0000000e+00    1.8315789e+01
 0.0000000e+00    1.8365915e+01
 0.0000000e+00    1.8416040e+01
 0.0000000e+00    1.8466165e+01
 0.0000000e+00    1.8516291e+01
 0.0000000e+00    1.8566416e+01
 0.0000000e+00    1.8616541e+01
 0.0000000e+00    1.8666667e+01
 0.0000000e+00    1.8716792e+01
 0.0000000e+00    1.8766917e+01
 0.0000000e+00    1.8817043e+01
 0.0000000e+00    1.8867168e+01
 0.0000000e+00    1.8917293e+01
 0.0000000e+00    1.8967419e+01
 0.0000000e+00    1.9017544e+01
 0.0000000e+00    1.9067669e+01
 0.0000000e+00    1.9117794e+01
 0.0000000e+00    1.9167920e+01
 0.0000000e+00    1.9218045e+01
 0.0000000e+00    1.9268170e+01
 0.0000000e+00    1.9318296e+01
 0.0000000e+00    1.9368421e+01
 0.0000000e+00    1.9418546e+01
 0.0000000e+00    1.9468672e+01
 0.0000000e+00    1.9518797e+01
 0.0000000e+00    1.9568922e+01
 0.0000000e+00    1.9619048e+01
 0.0000000e+00    1.9669173e+01
 0.0000000e+00    1.9719298e+01
 0.0000000e+00    1.9769424e+01
 0.0000000e+00    1.9819549e+01
 0.0000000e+00    1.9869674e+01
 0.0000000e+00    1.9919799e+01
 0.0000000e+00    1.9969925e+01
 0.0000000e+00    2.0020050e+01
 0.0000000e+00    2.0070175e+01
 0.0000000e+00    2.0120301e+01
 0.0000000e+00    2.0170426e+01
 0.0000000e+00    2.0220551e+01
 0.0000000e+00    2.0270677e+01
 0.0000000e+00    2.0320802e+01
 0.0000000e+00    2.0370927e+01
 0.0000000e+00    2.0421053e+01
 0.0000000e+00    2.0471178e+01
 0.0000000e+00    2.0521303e+01
 0.0000000e+00    2.0571429e+01
 0.0000000e+00    2.0621554e+01
 0.0000000e+00    2.0671679e+01
 0.0000000e+00    2.0721805e+01
 0.0000000e+00    2.0771930e+01
 0.0000000e+00    2.0822055e+01
 0.0000000e+00    2.0872180e+01
 0.0000000e+00    2.0922306e+01
 0.0000000e+00    2.0972431e+01
 0.0000000e+00    2.1022556e+01
 0.0000000e+00    2.1072682e+01
 0.0000000e+00    2.1122807e+01
 0.0000000e+00    2.1172932e+01
 0.0000000e+00    2.1223058e+01
 0.0000000e+00    2.1273183e+01
 0.0000000e+00    2.1323308e+01
 0.0000000e+00    2.1373434e+01
 0.0000000e+00    2.1423559e+01
 0.0000000e+00    2.1473684e+01
 0.0000000e+00    2.1523810e+01
 0.0000000e+00    2.1573935e+01
 0.0000000e+00    2.1624060e+01
 0.0000000e+00    2.1674185e+01
 0.0000000e+00    2.1724311e+01
 0.0000000e+00    2.1774436e+01
 0.0000000e+00    2.1824561e+01
 0.0000000e+00    2.1874687e+01
 0.0000000e+00    2.1924812e+01
 0.0000000e+00    2.1974937e+01
 0.0000000e+00    2.2025063e+01
 0.0000000e+00    2.2075188e+01
 0.0000000e+00    2.2125313e+01
 0.0000000e+00    2.2175439e+01
 0.0000000e+00    2.2225564e+01
 0.0000000e+00    2.2275689e+01
 0.0000000e+00    2.2325815e+01
 0.0000000e+00    2.2375940e+01
 0.0000000e+00    2.2426065e+01
 0.0000000e+00    2.2476190e+01
 0.0000000e+00    2.2526316e+01
 0.0000000e+00    2.2576441e+01
 0.0000000e+00    2.2626566e+01
 0.0000000e+00    2.2676692e+01
 0.0000000e+00    2.2726817e+01
 0.0000000e+00    2.2776942e+01
 0.0000000e+00    2.2827068e+01
 0.0000000e+00    2.2877193e+01
 0.0000000e+00    2.2927318e+01
 0.0000000e+00    2.2977444e+01
 0.0000000e+00    2.3027569e+01
 0.0000000e+00    2.3077694e+01
 0.0000000e+00    2.3127820e+01
 0.0000000e+00    2.3177945e+01
 0.0000000e+00    2.3228070e+01
 0.0000000e+00    2.3278195e+01
 0.0000000e+00    2.3328321e+01
 0.0000000e+00    2.3378446e+01
 0.0000000e+00    2.3428571e+01
 0.0000000e+00    2.3478697e+01
 0.0000000e+00    2.3528822e+01
 0.0000000e+00    2.3578947e+01
 0.0000000e+00    2.3629073e+01
 0.0000000e+00    2.3679198e+01
 0.0000000e+00    2.3729323e+01
 0.0000000e+00    2.3779449e+01
 0.0000000e+00    2.3829574e+01
 0.0000000e+00    2.3879699e+01
 0.0000000e+00    2.3929825e+01
 0.0000000e+00    2.3979950e+01
 0.0000000e+00    2.4030075e+01
 0.0000000e+00    2.4080201e+01
 0.0000000e+00    2.4130326e+01
 0.0000000e+00    2.4180451e+01
 0.0000000e+00    2.4230576e+01
 0.0000000e+00    2.4280702e+01
 0.0000000e+00    2.4330827e+01
 0.0000000e+00    2.4380952e+01
 0.0000000e+00    2.4431078e+01
 0.0000000e+00    2.4481203e+01
 0.0000000e+00    2.4531328e+01
 0.0000000e+00    2.4581454e+01
 0.0000000e+00    2.4631579e+01
 0.0000000e+00    2.4681704e+01
 0.0000000e+00    2.4731830e+01
 0.0000000e+00    2.4781955e+01
 0.0000000e+00    2.4832080e+01
 0.0000000e+00    2.4882206e+01
 0.0000000e+00    2.4932331e+01
 0.0000000e+00    2.4982456e+01
 0.0000000e+00    2.5032581e+01
 0.0000000e+00    2.5082707e+01
 0.0000000e+00    2.5132832e+01
 0.0000000e+00    2.5182957e+01
 0.0000000e+00    2.5233083e+01
 0.0000000e+00    2.5283208e+01
 0.0000000e+00    2.5333333e+01
 0.0000000e+00    2.5383459e+01
 0.0000000e+00    2.5433584e+01
 0.0000000e+00    2.5483709e+01
 0.0000000e+00    2.5533835e+01
 0.0000000e+00    2.5583960e+01
 0.0000000e+00    2.5634085e+01
 0.0000000e+00    2.5684211e+01
 0.0000000e+00    2.5734336e+01
 0.0000000e+00    2.5784461e+01
 0.0000000e+00    2.5834586e+01
 0.0000000e+00    2.5884712e+01
 0.0000000e+00    2.5934837e+01
 0.0000000e+00    2.5984962e+01
 0.0000000e+00    2.6035088e+01
 0.0000000e+00    2.6085213e+01
 0.0000000e+00    2.6135338e+01
 0.0000000e+00    2.6185464e+01
 0.0000000e+00    2.6235589e+01
 0.0000000e+00    2.6285714e+01
 0.0000000e+00    2.6335840e+01
 0.0000000e+00    2.6385965e+01
 0.0000000e+00    2.6436090e+01
 0.0000000e+00    2.6486216e+01
 0.0000000e+00    2.6536341e+01
 0.0000000e+00    2.6586466e+01
 0.0000000e+00    2.6636591e+01
 0.0000000e+00    2.6686717e+01
 0.0000000e+00    2.6736842e+01
 0.0000000e+00    2.6786967e+01
 0.0000000e+00    2.6837093e+01
 0.0000000e+00    2.6887218e+01
 0.0000000e+00    2.6937343e+01
 0.0000000e+00    2.6987469e+01
 0.0000000e+00    2.7037594e+01
 0.0000000e+00    2.7087719e+01
 0.0000000e+00    2.7137845e+01
 0.0000000e+00    2.7187970e+01
 0.0000000e+00    2.7238095e+01
 0.0000000e+00    2.7288221e+01
 0.0000000e+00    2.7338346e+01
 0.0000000e+00    2.7388471e+01
 0.0000000e+00    2.7438596e+01
 0.0000000e+00    2.7488722e+01
 0.0000000e+00    2.7538847e+01
 0.0000000e+00    2.7588972e+01
 0.0000000e+00    2.7639098e+01
 0.0000000e+00    2.7689223e+01
 0.0000000e+00    2.7739348e+01
 0.0000000e+00    2.7789474e+01
 0.0000000e+00    2.7839599e+01
 0.0000000e+00    2.7889724e+01
 0.0000000e+00    2.7939850e+01
 0.0000000e+00    2.7989975e+01
 0.0000000e+00    2.8040100e+01
 0.0000000e+00    2.8090226e+01
 0.0000000e+00    2.8140351e+01
 0.0000000e+00    2.8190476e+01
 0.0000000e+00    2.8240602e+01
 0.0000000e+00    2.8290727e+01
 0.0000000e+00    2.8340852e+01
 0.0000000e+00    2.8390977e+01
 0.0000000e+00    2.8441103e+01
 0.0000000e+00    2.8491228e+01
 0.0000000e+00    2.8541353e+01
 0.0000000e+00    2.8591479e+01
 0.0000000e+00    2.8641604e+01
 0.0000000e+00    2.8691729e+01
 0.0000000e+00    2.8741855e+01
 0.0000000e+00    2.8791980e+01
 0.0000000e+00    2.8842105e+01
 0.0000000e+00    2.8892231e+01
 0.0000000e+00    2.8942356e+01
 0.0000000e+00    2.8992481e+01
 0.0000000e+00    2.9042607e+01
 0.0000000e+00    2.9092732e+01
 0.0000000e+00    2.9142857e+01
 0.0000000e+00    2.9192982e+01
 0.0000000e+00    2.9243108e+01
 0.0000000e+00    2.9293233e+01
 0.0000000e+00    2.9343358e+01
 0.0000000e+00    2.9393484e+01
 0.0000000e+00    2.9443609e+01
 0.0000000e+00    2.9493734e+01
 0.0000000e+00    2.9543860e+01
 0.0000000e+00    2.9593985e+01
 0.0000000e+00    2.9644110e+01
 0.0000000e+00    2.9694236e+01
 0.0000000e+00    2.9744361e+01
 0.0000000e+00    2.9794486e+01
 0.0000000e+00    2.9844612e+01
 0.0000000e+00    2.9894737e+01
 0.0000000e+00    2.9944862e+01
 0.0000000e+00    2.9994987e+01
 0.0000000e+00    3.0045113e+01
 0.0000000e+00    3.0095238e+01
 0.0000000e+00    3.0145363e+01
 0.0000000e+00    3.0195489e+01
 0.0000000e+00    3.0245614e+01
 0.0000000e+00    3.0295739e+01
 0.0000000e+00    3.0345865e+01
 0.0000000e+00    3.0395990e+01
 0.0000000e+00    3.0446115e+01
 0.0000000e+00    3.0496241e+01
 0.0000000e+00    3.0546366e+01
 0.0000000e+00    3.0596491e+01
 0.0000000e+00    3.0646617e+01
 0.0000000e+00    3.0696742e+01
 0.0000000e+00    3.0746867e+01
 0.0000000e+00    3.0796992e+01
 0.0000000e+00    3.0847118e+01
 0.0000000e+00    3.0897243e+01
 0.0000000e+00    3.0947368e+01
 0.0000000e+00    3.0997494e+01
 0.0000000e+00    3.1047619e+01
 0.0000000e+00    3.1097744e+01
 0.0000000e+00    3.1147870e+01
 0.0000000e+00    3.1197995e+01
 0.0000000e+00    3.1248120e+01
 0.0000000e+00    3.1298246e+01
 0.0000000e+00    3.1348371e+01
 0.0000000e+00    3.1398496e+01
 0.0000000e+00    3.1448622e+01
 0.0000000e+00    3.1498747e+01
 0.0000000e+00    3.1548872e+01
 0.0000000e+00    3.1598997e+01
 0.0000000e+00    3.1649123e+01
 0.0000000e+00    3.1699248e+01
 0.0000000e+00    3.1749373e+01
 0.0000000e+00    3.1799499e+01
 0.0000000e+00    3.1849624e+01
 0.0000000e+00    3.1899749e+01
 0.0000000e+00    3.1949875e+01
 0.0000000e+00    3.2000000e+01
