-1.8651317e+00    1.0000000e-08
-1.8651282e+00    2.6607738e-03
-1.8651178e+00    5.3114124e-03
-1.8651004e+00    7.9620133e-03
-1.8650761e+00    1.0612559e-02
-1.8650448e+00    1.3263030e-02
-1.8650066e+00    1.5913407e-02
-1.8649614e+00    1.8563671e-02
-1.8649093e+00    2.1213804e-02
-1.8648502e+00    2.3863787e-02
-1.8647842e+00    2.6513603e-02
-1.8647113e+00    2.9163233e-02
-1.8646314e+00    3.1812658e-02
-1.8645446e+00    3.4461858e-02
-1.8644508e+00    3.7110815e-02
-1.8643501e+00    3.9759510e-02
-1.8642425e+00    4.2407924e-02
-1.8641279e+00    4.5056039e-02
-1.8640064e+00    4.7703835e-02
-1.8638779e+00    5.0351295e-02
-1.8637425e+00    5.2998400e-02
-1.8636002e+00    5.5645133e-02
-1.8634509e+00    5.8291474e-02
-1.8632947e+00    6.0937404e-02
-1.8631316e+00    6.3582906e-02
-1.8629615e+00    6.6227959e-02
-1.8627845e+00    6.8872544e-02
-1.8626006e+00    7.1516645e-02
-1.8624098e+00    7.4160240e-02
-1.8622120e+00    7.6803312e-02
-1.8620073e+00    7.9445843e-02
-1.8617957e+00    8.2087813e-02
-1.8615772e+00    8.4729205e-02
-1.8613517e+00    8.7369999e-02
-1.8611194e+00    9.0010178e-02
-1.8608801e+00    9.2649723e-02
-1.8606339e+00    9.5288616e-02
-1.8603808e+00    9.7926837e-02
-1.8601208e+00    1.0056437e-01
-1.8598538e+00    1.0320119e-01
-1.8595800e+00    1.0583729e-01
-1.8592993e+00    1.0847263e-01
-1.8590116e+00    1.1110722e-01
-1.8587171e+00    1.1374102e-01
-1.8584157e+00    1.1637402e-01
-1.8581073e+00    1.1900620e-01
-1.8577921e+00    1.2163754e-01
-1.8574700e+00    1.2426802e-01
-1.8571410e+00    1.2689762e-01
-1.8568051e+00    1.2952634e-01
-1.8564623e+00    1.3215414e-01
-1.8561127e+00    1.3478100e-01
-1.8557562e+00    1.3740692e-01
-1.8553927e+00    1.4003187e-01
-1.8550225e+00    1.4265584e-01
-1.8546453e+00    1.4527880e-01
-1.8542613e+00    1.4790073e-01
-1.8538704e+00    1.5052163e-01
-1.8534727e+00    1.5314146e-01
-1.8530681e+00    1.5576021e-01
-1.8526566e+00    1.5837787e-01
-1.8522383e+00    1.6099441e-01
-1.8518131e+00    1.6360981e-01
-1.8513811e+00    1.6622406e-01
-1.8509423e+00    1.6883714e-01
-1.8504966e+00    1.7144904e-01
-1.8500441e+00    1.7405972e-01
-1.8495847e+00    1.7666918e-01
-1.8491185e+00    1.7927739e-01
-1.8486455e+00    1.8188434e-01
-1.8481657e+00    1.8449001e-01
-1.8476790e+00    1.8709437e-01
-1.8471855e+00    1.8969743e-01
-1.8466852e+00    1.9229914e-01
-1.8461781e+00    1.9489950e-01
-1.8456642e+00    1.9749849e-01
-1.8451435e+00    2.0009608e-01
-1.8446160e+00    2.0269227e-01
-1.8440818e+00    2.0528703e-01
-1.8435407e+00    2.0788034e-01
-1.8429928e+00    2.1047219e-01
-1.8424382e+00    2.1306256e-01
-1.8418767e+00    2.1565142e-01
-1.8413086e+00    2.1823877e-01
-1.8407336e+00    2.2082458e-01
-1.8401519e+00    2.2340883e-01
-1.8395634e+00    2.2599151e-01
-1.8389681e+00    2.2857260e-01
-1.8383661e+00    2.3115208e-01
-1.8377574e+00    2.3372994e-01
-1.8371419e+00    2.3630614e-01
-1.8365197e+00    2.3888069e-01
-1.8358907e+00    2.4145355e-01
-1.8352550e+00    2.4402471e-01
-1.8346126e+00    2.4659415e-01
-1.8339635e+00    2.4916186e-01
-1.8333077e+00    2.5172781e-01
-1.8326451e+00    2.5429199e-01
-1.8319759e+00    2.5685438e-01
-1.8312999e+00    2.5941496e-01
-1.8306173e+00    2.6197372e-01
-1.8299279e+00    2.6453063e-01
-1.8292319e+00    2.6708568e-01
-1.8285292e+00    2.6963885e-01
-1.8278198e+00    2.7219012e-01
-1.8271038e+00    2.7473947e-01
-1.8263811e+00    2.7728689e-01
-1.8256517e+00    2.7983236e-01
-1.8249157e+00    2.8237586e-01
-1.8241730e+00    2.8491738e-01
-1.8234237e+00    2.8745689e-01
-1.8226678e+00    2.8999437e-01
-1.8219052e+00    2.9252982e-01
-1.8211360e+00    2.9506320e-01
-1.8203602e+00    2.9759451e-01
-1.8195778e+00    3.0012373e-01
-1.8187887e+00    3.0265083e-01
-1.8179931e+00    3.0517581e-01
-1.8171908e+00    3.0769863e-01
-1.8163820e+00    3.1021930e-01
-1.8155666e+00    3.1273778e-01
-1.8147446e+00    3.1525406e-01
-1.8139160e+00    3.1776812e-01
-1.8130809e+00    3.2027995e-01
-1.8122392e+00    3.2278952e-01
-1.8113910e+00    3.2529682e-01
-1.8105362e+00    3.2780184e-01
-1.8096749e+00    3.3030455e-01
-1.8088070e+00    3.3280493e-01
-1.8079326e+00    3.3530298e-01
-1.8070517e+00    3.3779867e-01
-1.8061643e+00    3.4029198e-01
-1.8052703e+00    3.4278290e-01
-1.8043699e+00    3.4527141e-01
-1.8034630e+00    3.4775749e-01
-1.8025495e+00    3.5024113e-01
-1.8016296e+00    3.5272230e-01
-1.8007033e+00    3.5520100e-01
-1.7997704e+00    3.5767719e-01
-1.7988311e+00    3.6015087e-01
-1.7978853e+00    3.6262202e-01
-1.7969331e+00    3.6509062e-01
-1.7959745e+00    3.6755666e-01
-1.7950094e+00    3.7002011e-01
-1.7940379e+00    3.7248096e-01
-1.7930599e+00    3.7493919e-01
-1.7920756e+00    3.7739479e-01
-1.7910849e+00    3.7984773e-01
-1.7900877e+00    3.8229801e-01
-1.7890842e+00    3.8474560e-01
-1.7880743e+00    3.8719048e-01
-1.7870580e+00    3.8963264e-01
-1.7860353e+00    3.9207207e-01
-1.7850063e+00    3.9450874e-01
-1.7839709e+00    3.9694264e-01
-1.7829292e+00    3.9937375e-01
-1.7818812e+00    4.0180206e-01
-1.7808268e+00    4.0422754e-01
-1.7797661e+00    4.0665018e-01
-1.7786991e+00    4.0906997e-01
-1.7776257e+00    4.1148688e-01
-1.7765461e+00    4.1390091e-01
-1.7754602e+00    4.1631202e-01
-1.7743680e+00    4.1872022e-01
-1.7732695e+00    4.2112547e-01
-1.7721648e+00    4.2352776e-01
-1.7710538e+00    4.2592708e-01
-1.7699366e+00    4.2832341e-01
-1.7688131e+00    4.3071674e-01
-1.7676834e+00    4.3310704e-01
-1.7665474e+00    4.3549429e-01
-1.7654053e+00    4.3787849e-01
-1.7642569e+00    4.4025962e-01
-1.7631024e+00    4.4263766e-01
-1.7619416e+00    4.4501259e-01
-1.7607747e+00    4.4738439e-01
-1.7596016e+00    4.4975306e-01
-1.7584223e+00    4.5211857e-01
-1.7572369e+00    4.5448090e-01
-1.7560453e+00    4.5684005e-01
-1.7548476e+00    4.5919599e-01
-1.7536437e+00    4.6154871e-01
-1.7524337e+00    4.6389819e-01
-1.7512177e+00    4.6624442e-01
-1.7499955e+00    4.6858737e-01
-1.7487672e+00    4.7092704e-01
-1.7475328e+00    4.7326340e-01
-1.7462924e+00    4.7559645e-01
-1.7450459e+00    4.7792615e-01
-1.7437933e+00    4.8025251e-01
-1.7425347e+00    4.8257550e-01
-1.7412701e+00    4.8489510e-01
-1.7399994e+00    4.8721130e-01
-1.7387227e+00    4.8952409e-01
-1.7374400e+00    4.9183344e-01
-1.7361512e+00    4.9413935e-01
-1.7348565e+00    4.9644179e-01
-1.7335558e+00    4.9874075e-01
-1.7322492e+00    5.0103621e-01
-1.7309365e+00    5.0332817e-01
-1.7296180e+00    5.0561659e-01
-1.7282934e+00    5.0790147e-01
-1.7269630e+00    5.1018279e-01
-1.7256266e+00    5.1246053e-01
-1.7242843e+00    5.1473469e-01
-1.7229361e+00    5.1700523e-01
-1.7215820e+00    5.1927215e-01
-1.7202220e+00    5.2153544e-01
-1.7188561e+00    5.2379507e-01
-1.7174844e+00    5.2605103e-01
-1.7161068e+00    5.2830331e-01
-1.7147234e+00    5.3055188e-01
-1.7133341e+00    5.3279674e-01
-1.7119390e+00    5.3503786e-01
-1.7105381e+00    5.3727524e-01
-1.7091314e+00    5.3950886e-01
-1.7077189e+00    5.4173870e-01
-1.7063006e+00    5.4396474e-01
-1.7048766e+00    5.4618698e-01
-1.7034467e+00    5.4840539e-01
-1.7020112e+00    5.5061996e-01
-1.7005698e+00    5.5283067e-01
-1.6991228e+00    5.5503752e-01
-1.6976700e+00    5.5724048e-01
-1.6962116e+00    5.5943954e-01
-1.6947474e+00    5.6163469e-01
-1.6932775e+00    5.6382590e-01
-1.6918020e+00    5.6601317e-01
-1.6903208e+00    5.6819648e-01
-1.6888339e+00    5.7037581e-01
-1.6873414e+00    5.7255115e-01
-1.6858432e+00    5.7472248e-01
-1.6843395e+00    5.7688980e-01
-1.6828301e+00    5.7905308e-01
-1.6813151e+00    5.8121231e-01
-1.6797945e+00    5.8336747e-01
-1.6782684e+00    5.8551855e-01
-1.6767367e+00    5.8766554e-01
-1.6751994e+00    5.8980841e-01
-1.6736566e+00    5.9194717e-01
-1.6721082e+00    5.9408178e-01
-1.6705544e+00    5.9621224e-01
-1.6689950e+00    5.9833853e-01
-1.6674301e+00    6.0046064e-01
-1.6658597e+00    6.0257855e-01
-1.6642839e+00    6.0469225e-01
-1.6627026e+00    6.0680173e-01
-1.6611158e+00    6.0890696e-01
-1.6595236e+00    6.1100794e-01
-1.6579259e+00    6.1310464e-01
-1.6563229e+00    6.1519707e-01
-1.6547144e+00    6.1728519e-01
-1.6531005e+00    6.1936900e-01
-1.6514813e+00    6.2144849e-01
-1.6498567e+00    6.2352363e-01
-1.6482267e+00    6.2559442e-01
-1.6465914e+00    6.2766084e-01
-1.6449507e+00    6.2972287e-01
-1.6433047e+00    6.3178051e-01
-1.6416534e+00    6.3383373e-01
-1.6399969e+00    6.3588253e-01
-1.6383350e+00    6.3792689e-01
-1.6366678e+00    6.3996680e-01
-1.6349954e+00    6.4200224e-01
-1.6333177e+00    6.4403319e-01
-1.6316348e+00    6.4605966e-01
-1.6299467e+00    6.4808161e-01
-1.6282533e+00    6.5009904e-01
-1.6265548e+00    6.5211193e-01
-1.6248510e+00    6.5412027e-01
-1.6231421e+00    6.5612405e-01
-1.6214280e+00    6.5812325e-01
-1.6197088e+00    6.6011786e-01
-1.6179844e+00    6.6210786e-01
-1.6162549e+00    6.6409325e-01
-1.6145203e+00    6.6607400e-01
-1.6127806e+00    6.6805011e-01
-1.6110358e+00    6.7002156e-01
-1.6092859e+00    6.7198834e-01
-1.6075309e+00    6.7395043e-01
-1.6057709e+00    6.7590782e-01
-1.6040059e+00    6.7786050e-01
-1.6022359e+00    6.7980845e-01
-1.6004608e+00    6.8175167e-01
-1.5986807e+00    6.8369014e-01
-1.5968957e+00    6.8562383e-01
-1.5951056e+00    6.8755276e-01
-1.5933106e+00    6.8947689e-01
-1.5915107e+00    6.9139621e-01
-1.5897058e+00    6.9331072e-01
-1.5878960e+00    6.9522040e-01
-1.5860813e+00    6.9712524e-01
-1.5842618e+00    6.9902522e-01
-1.5824373e+00    7.0092033e-01
-1.5806079e+00    7.0281056e-01
-1.5787737e+00    7.0469589e-01
-1.5769347e+00    7.0657632e-01
-1.5750908e+00    7.0845183e-01
-1.5732422e+00    7.1032241e-01
-1.5713887e+00    7.1218804e-01
-1.5695304e+00    7.1404871e-01
-1.5676674e+00    7.1590442e-01
-1.5657996e+00    7.1775514e-01
-1.5639270e+00    7.1960086e-01
-1.5620498e+00    7.2144158e-01
-1.5601678e+00    7.2327728e-01
-1.5582811e+00    7.2510795e-01
-1.5563897e+00    7.2693357e-01
-1.5544936e+00    7.2875413e-01
-1.5525929e+00    7.3056963e-01
-1.5506875e+00    7.3238004e-01
-1.5487774e+00    7.3418536e-01
-1.5468628e+00    7.3598558e-01
-1.5449435e+00    7.3778068e-01
-1.5430197e+00    7.3957064e-01
-1.5410912e+00    7.4135547e-01
-1.5391582e+00    7.4313514e-01
-1.5372207e+00    7.4490965e-01
-1.5352786e+00    7.4667898e-01
-1.5333320e+00    7.4844312e-01
-1.5313808e+00    7.5020206e-01
-1.5294252e+00    7.5195579e-01
-1.5274651e+00    7.5370429e-01
-1.5255005e+00    7.5544755e-01
-1.5235315e+00    7.5718557e-01
-1.5215580e+00    7.5891833e-01
-1.5195801e+00    7.6064582e-01
-1.5175978e+00    7.6236802e-01
-1.5156111e+00    7.6408493e-01
-1.5136201e+00    7.6579653e-01
-1.5116246e+00    7.6750282e-01
-1.5096248e+00    7.6920378e-01
-1.5076207e+00    7.7089940e-01
-1.5056122e+00    7.7258967e-01
-1.5035994e+00    7.7427458e-01
-1.5015823e+00    7.7595411e-01
-1.4995610e+00    7.7762826e-01
-1.4975354e+00    7.7929701e-01
-1.4955055e+00    7.8096035e-01
-1.4934714e+00    7.8261828e-01
-1.4914331e+00    7.8427078e-01
-1.4893905e+00    7.8591784e-01
-1.4873438e+00    7.8755945e-01
-1.4852929e+00    7.8919560e-01
-1.4832378e+00    7.9082627e-01
-1.4811786e+00    7.9245146e-01
-1.4791153e+00    7.9407116e-01
-1.4770478e+00    7.9568535e-01
-1.4749762e+00    7.9729403e-01
-1.4729006e+00    7.9889718e-01
-1.4708208e+00    8.0049479e-01
-1.4687370e+00    8.0208686e-01
-1.4666492e+00    8.0367337e-01
-1.4645573e+00    8.0525431e-01
-1.4624615e+00    8.0682968e-01
-1.4603616e+00    8.0839945e-01
-1.4582578e+00    8.0996363e-01
-1.4561499e+00    8.1152219e-01
-1.4540382e+00    8.1307514e-01
-1.4519225e+00    8.1462245e-01
-1.4498028e+00    8.1616413e-01
-1.4476793e+00    8.1770015e-01
-1.4455519e+00    8.1923052e-01
-1.4434206e+00    8.2075521e-01
-1.4412854e+00    8.2227423e-01
-1.4391464e+00    8.2378755e-01
-1.4370036e+00    8.2529518e-01
-1.4348569e+00    8.2679709e-01
-1.4327065e+00    8.2829328e-01
-1.4305522e+00    8.2978375e-01
-1.4283942e+00    8.3126847e-01
-1.4262325e+00    8.3274745e-01
-1.4240670e+00    8.3422066e-01
-1.4218978e+00    8.3568811e-01
-1.4197249e+00    8.3714978e-01
-1.4175483e+00    8.3860566e-01
-1.4153680e+00    8.4005575e-01
-1.4131841e+00    8.4150003e-01
-1.4109965e+00    8.4293849e-01
-1.4088053e+00    8.4437113e-01
-1.4066105e+00    8.4579793e-01
-1.4044121e+00    8.4721889e-01
-1.4022101e+00    8.4863400e-01
-1.4000046e+00    8.5004324e-01
-1.3977955e+00    8.5144662e-01
-1.3955829e+00    8.5284411e-01
-1.3933667e+00    8.5423572e-01
-1.3911471e+00    8.5562142e-01
-1.3889240e+00    8.5700122e-01
-1.3866974e+00    8.5837510e-01
-1.3844673e+00    8.5974306e-01
-1.3822339e+00    8.6110508e-01
-1.3799970e+00    8.6246116e-01
-1.3777567e+00    8.6381129e-01
-1.3755130e+00    8.6515546e-01
-1.3732659e+00    8.6649366e-01
-1.3710155e+00    8.6782588e-01
-1.3687618e+00    8.6915212e-01
-1.3665047e+00    8.7047236e-01
-1.3642443e+00    8.7178660e-01
-1.3619806e+00    8.7309483e-01
-1.3597137e+00    8.7439703e-01
-1.3574435e+00    8.7569321e-01
-1.3551701e+00    8.7698336e-01
-1.3528934e+00    8.7826746e-01
-1.3506135e+00    8.7954550e-01
-1.3483305e+00    8.8081749e-01
-1.3460442e+00    8.8208341e-01
-1.3437548e+00    8.8334325e-01
-1.3414623e+00    8.8459700e-01
-1.3391666e+00    8.8584466e-01
-1.3368678e+00    8.8708622e-01
-1.3345659e+00    8.8832168e-01
-1.3322610e+00    8.8955101e-01
-1.3299530e+00    8.9077422e-01
-1.3276419e+00    8.9199130e-01
-1.3253278e+00    8.9320224e-01
-1.3230107e+00    8.9440703e-01
-1.3206907e+00    8.9560567e-01
-1.3183676e+00    8.9679814e-01
-1.3160416e+00    8.9798444e-01
-1.3137126e+00    8.9916457e-01
-1.3113807e+00    9.0033851e-01
-1.3090459e+00    9.0150626e-01
-1.3067082e+00    9.0266780e-01
-1.3043676e+00    9.0382314e-01
-1.3020241e+00    9.0497227e-01
-1.2996779e+00    9.0611518e-01
-1.2973287e+00    9.0725185e-01
-1.2949768e+00    9.0838229e-01
-1.2926221e+00    9.0950649e-01
-1.2902646e+00    9.1062444e-01
-1.2879044e+00    9.1173613e-01
-1.2855414e+00    9.1284156e-01
-1.2831756e+00    9.1394071e-01
-1.2808072e+00    9.1503359e-01
-1.2784361e+00    9.1612019e-01
-1.2760623e+00    9.1720049e-01
-1.2736858e+00    9.1827450e-01
-1.2713067e+00    9.1934220e-01
-1.2689250e+00    9.2040359e-01
-1.2665406e+00    9.2145867e-01
-1.2641537e+00    9.2250742e-01
-1.2617642e+00    9.2354984e-01
-1.2593722e+00    9.2458592e-01
-1.2569776e+00    9.2561566e-01
-1.2545805e+00    9.2663905e-01
-1.2521808e+00    9.2765609e-01
-1.2497787e+00    9.2866676e-01
-1.2473742e+00    9.2967107e-01
-1.2449671e+00    9.3066900e-01
-1.2425577e+00    9.3166055e-01
-1.2401458e+00    9.3264572e-01
-1.2377315e+00    9.3362449e-01
-1.2353148e+00    9.3459686e-01
-1.2328958e+00    9.3556283e-01
-1.2304744e+00    9.3652239e-01
-1.2280506e+00    9.3747554e-01
-1.2256246e+00    9.3842226e-01
-1.2231963e+00    9.3936256e-01
-1.2207656e+00    9.4029642e-01
-1.2183328e+00    9.4122385e-01
-1.2158976e+00    9.4214483e-01
-1.2134603e+00    9.4305936e-01
-1.2110207e+00    9.4396744e-01
-1.2085789e+00    9.4486906e-01
-1.2061350e+00    9.4576421e-01
-1.2036889e+00    9.4665289e-01
-1.2012406e+00    9.4753509e-01
-1.1987903e+00    9.4841081e-01
-1.1963378e+00    9.4928005e-01
-1.1938832e+00    9.5014279e-01
-1.1914266e+00    9.5099904e-01
-1.1889679e+00    9.5184878e-01
-1.1865071e+00    9.5269202e-01
-1.1840444e+00    9.5352875e-01
-1.1815796e+00    9.5435896e-01
-1.1791129e+00    9.5518265e-01
-1.1766441e+00    9.5599981e-01
-1.1741735e+00    9.5681044e-01
-1.1717009e+00    9.5761454e-01
-1.1692264e+00    9.5841209e-01
-1.1667500e+00    9.5920310e-01
-1.1642717e+00    9.5998756e-01
-1.1617915e+00    9.6076546e-01
-1.1593095e+00    9.6153681e-01
-1.1568257e+00    9.6230160e-01
-1.1543401e+00    9.6305981e-01
-1.1518527e+00    9.6381146e-01
-1.1493635e+00    9.6455653e-01
-1.1468725e+00    9.6529502e-01
-1.1443798e+00    9.6602692e-01
-1.1418854e+00    9.6675224e-01
-1.1393893e+00    9.6747096e-01
-1.1368915e+00    9.6818309e-01
-1.1343920e+00    9.6888862e-01
-1.1318909e+00    9.6958754e-01
-1.1293881e+00    9.7027985e-01
-1.1268837e+00    9.7096556e-01
-1.1243778e+00    9.7164464e-01
-1.1218702e+00    9.7231711e-01
-1.1193611e+00    9.7298295e-01
-1.1168505e+00    9.7364217e-01
-1.1143383e+00    9.7429475e-01
-1.1118246e+00    9.7494071e-01
-1.1093094e+00    9.7558002e-01
-1.1067928e+00    9.7621269e-01
-1.1042747e+00    9.7683872e-01
-1.1017551e+00    9.7745810e-01
-1.0992342e+00    9.7807083e-01
-1.0967118e+00    9.7867691e-01
-1.0941880e+00    9.7927632e-01
-1.0916629e+00    9.7986908e-01
-1.0891365e+00    9.8045517e-01
-1.0866087e+00    9.8103460e-01
-1.0840796e+00    9.8160736e-01
-1.0815492e+00    9.8217344e-01
-1.0790175e+00    9.8273285e-01
-1.0764846e+00    9.8328558e-01
-1.0739504e+00    9.8383162e-01
-1.0714150e+00    9.8437099e-01
-1.0688784e+00    9.8490366e-01
-1.0663406e+00    9.8542965e-01
-1.0638016e+00    9.8594895e-01
-1.0612615e+00    9.8646155e-01
-1.0587203e+00    9.8696745e-01
-1.0561779e+00    9.8746665e-01
-1.0536345e+00    9.8795915e-01
-1.0510899e+00    9.8844495e-01
-1.0485443e+00    9.8892404e-01
-1.0459977e+00    9.8939642e-01
-1.0434500e+00    9.8986208e-01
-1.0409014e+00    9.9032104e-01
-1.0383517e+00    9.9077328e-01
-1.0358011e+00    9.9121880e-01
-1.0332495e+00    9.9165760e-01
-1.0306970e+00    9.9208968e-01
-1.0281435e+00    9.9251504e-01
-1.0255892e+00    9.9293367e-01
-1.0230340e+00    9.9334557e-01
-1.0204779e+00    9.9375074e-01
-1.0179209e+00    9.9414918e-01
-1.0153632e+00    9.9454089e-01
-1.0128046e+00    9.9492587e-01
-1.0102452e+00    9.9530411e-01
-1.0076851e+00    9.9567561e-01
-1.0051242e+00    9.9604037e-01
-1.0025626e+00    9.9639839e-01
-1.0000002e+00    9.9674967e-01
-9.9743720e-01    9.9709421e-01
-9.9487347e-01    9.9743200e-01
-9.9230907e-01    9.9776305e-01
-9.8974403e-01    9.9808735e-01
-9.8717835e-01    9.9840490e-01
-9.8461207e-01    9.9871570e-01
-9.8204519e-01    9.9901975e-01
-9.7947774e-01    9.9931705e-01
-9.7690973e-01    9.9960760e-01
-9.7434118e-01    9.9989140e-01
-9.7177211e-01    1.0001684e+00
-9.6920253e-01    1.0004387e+00
-9.6663248e-01    1.0007023e+00
-9.6406195e-01    1.0009590e+00
-9.6149098e-01    1.0012090e+00
-9.5891957e-01    1.0014523e+00
-9.5634775e-01    1.0016888e+00
-9.5377554e-01    1.0019186e+00
-9.5120295e-01    1.0021415e+00
-9.4863001e-01    1.0023578e+00
-9.4605672e-01    1.0025672e+00
-9.4348311e-01    1.0027699e+00
-9.4090919e-01    1.0029659e+00
-9.3833499e-01    1.0031551e+00
-9.3576053e-01    1.0033375e+00
-9.3318581e-01    1.0035131e+00
-9.3061086e-01    1.0036820e+00
-9.2803569e-01    1.0038442e+00
-9.2546033e-01    1.0039995e+00
-9.2288479e-01    1.0041482e+00
-9.2030910e-01    1.0042900e+00
-9.1773326e-01    1.0044251e+00
-9.1515729e-01    1.0045534e+00
-9.1258122e-01    1.0046750e+00
-9.1000507e-01    1.0047898e+00
-9.0742884e-01    1.0048979e+00
-9.0485256e-01    1.0049992e+00
-9.0227625e-01    1.0050937e+00
-8.9969993e-01    1.0051815e+00
-8.9712360e-01    1.0052625e+00
-8.9454730e-01    1.0053368e+00
-8.9197103e-01    1.0054043e+00
-8.8939483e-01    1.0054650e+00
-8.8681869e-01    1.0055190e+00
-8.8424266e-01    1.0055663e+00
-8.8166673e-01    1.0056067e+00
-8.7909093e-01    1.0056405e+00
-8.7651527e-01    1.0056675e+00
-8.7393979e-01    1.0056877e+00
-8.7136448e-01    1.0057012e+00
-8.6878938e-01    1.0057079e+00
-8.6621449e-01    1.0057079e+00
-8.6363985e-01    1.0057011e+00
-8.6106545e-01    1.0056876e+00
-8.5849133e-01    1.0056674e+00
-8.5591751e-01    1.0056404e+00
-8.5334399e-01    1.0056067e+00
-8.5077080e-01    1.0055662e+00
-8.4819795e-01    1.0055190e+00
-8.4562546e-01    1.0054650e+00
-8.4305336e-01    1.0054044e+00
-8.4048166e-01    1.0053370e+00
-8.3791037e-01    1.0052628e+00
-8.3533952e-01    1.0051819e+00
-8.3276912e-01    1.0050943e+00
-8.3019919e-01    1.0050000e+00
-8.2762975e-01    1.0048990e+00
-8.2506082e-01    1.0047912e+00
-8.2249241e-01    1.0046767e+00
-8.1992455e-01    1.0045555e+00
-8.1735724e-01    1.0044276e+00
-8.1479052e-01    1.0042929e+00
-8.1222439e-01    1.0041516e+00
-8.0965887e-01    1.0040035e+00
-8.0709399e-01    1.0038487e+00
-8.0452976e-01    1.0036873e+00
-8.0196619e-01    1.0035191e+00
-7.9940331e-01    1.0033442e+00
-7.9684114e-01    1.0031626e+00
-7.9427968e-01    1.0029744e+00
-7.9171897e-01    1.0027794e+00
-7.8915901e-01    1.0025777e+00
-7.8659983e-01    1.0023694e+00
-7.8404144e-01    1.0021544e+00
-7.8148387e-01    1.0019327e+00
-7.7892712e-01    1.0017043e+00
-7.7637121e-01    1.0014692e+00
-7.7381618e-01    1.0012275e+00
-7.7126202e-01    1.0009791e+00
-7.6870877e-01    1.0007240e+00
-7.6615643e-01    1.0004623e+00
-7.6360503e-01    1.0001939e+00
-7.6105458e-01    9.9991880e-01
-7.5850510e-01    9.9963708e-01
-7.5595661e-01    9.9934872e-01
-7.5340913e-01    9.9905370e-01
-7.5086268e-01    9.9875204e-01
-7.4831726e-01    9.9844374e-01
-7.4577291e-01    9.9812881e-01
-7.4322963e-01    9.9780723e-01
-7.4068745e-01    9.9747903e-01
-7.3814638e-01    9.9714420e-01
-7.3560644e-01    9.9680274e-01
-7.3306765e-01    9.9645466e-01
-7.3053003e-01    9.9609997e-01
-7.2799359e-01    9.9573866e-01
-7.2545835e-01    9.9537075e-01
-7.2292433e-01    9.9499623e-01
-7.2039155e-01    9.9461511e-01
-7.1786002e-01    9.9422739e-01
-7.1532976e-01    9.9383308e-01
-7.1280080e-01    9.9343218e-01
-7.1027314e-01    9.9302470e-01
-7.0774680e-01    9.9261063e-01
-7.0522181e-01    9.9218999e-01
-7.0269818e-01    9.9176277e-01
-7.0017592e-01    9.9132899e-01
-6.9765506e-01    9.9088864e-01
-6.9513562e-01    9.9044174e-01
-6.9261760e-01    9.8998828e-01
-6.9010103e-01    9.8952827e-01
-6.8758592e-01    9.8906171e-01
-6.8507230e-01    9.8858861e-01
-6.8256018e-01    9.8810898e-01
-6.8004958e-01    9.8762281e-01
-6.7754051e-01    9.8713012e-01
-6.7503299e-01    9.8663091e-01
-6.7252704e-01    9.8612518e-01
-6.7002268e-01    9.8561293e-01
-6.6751993e-01    9.8509418e-01
-6.6501880e-01    9.8456893e-01
-6.6251930e-01    9.8403718e-01
-6.6002147e-01    9.8349893e-01
-6.5752530e-01    9.8295420e-01
-6.5503083e-01    9.8240299e-01
-6.5253807e-01    9.8184530e-01
-6.5004704e-01    9.8128114e-01
-6.4755774e-01    9.8071051e-01
-6.4507021e-01    9.8013342e-01
-6.4258446e-01    9.7954988e-01
-6.4010050e-01    9.7895989e-01
-6.3761836e-01    9.7836345e-01
-6.3513804e-01    9.7776057e-01
-6.3265957e-01    9.7715126e-01
-6.3018297e-01    9.7653553e-01
-6.2770825e-01    9.7591337e-01
-6.2523543e-01    9.7528480e-01
-6.2276452e-01    9.7464981e-01
-6.2029555e-01    9.7400842e-01
-6.1782852e-01    9.7336064e-01
-6.1536347e-01    9.7270646e-01
-6.1290039e-01    9.7204589e-01
-6.1043932e-01    9.7137895e-01
-6.0798027e-01    9.7070563e-01
-6.0552326e-01    9.7002594e-01
-6.0306829e-01    9.6933989e-01
-6.0061540e-01    9.6864748e-01
-5.9816460e-01    9.6794873e-01
-5.9571589e-01    9.6724363e-01
-5.9326931e-01    9.6653220e-01
-5.9082487e-01    9.6581443e-01
-5.8838258e-01    9.6509035e-01
-5.8594247e-01    9.6435994e-01
-5.8350454e-01    9.6362323e-01
-5.8106882e-01    9.6288021e-01
-5.7863532e-01    9.6213089e-01
-5.7620406e-01    9.6137529e-01
-5.7377506e-01    9.6061340e-01
-5.7134833e-01    9.5984523e-01
-5.6892389e-01    9.5907079e-01
-5.6650176e-01    9.5829010e-01
-5.6408195e-01    9.5750314e-01
-5.6166448e-01    9.5670994e-01
-5.5924938e-01    9.5591049e-01
-5.5683664e-01    9.5510481e-01
-5.5442630e-01    9.5429290e-01
-5.5201836e-01    9.5347478e-01
-5.4961285e-01    9.5265044e-01
-5.4720978e-01    9.5181989e-01
-5.4480916e-01    9.5098314e-01
-5.4241103e-01    9.5014021e-01
-5.4001538e-01    9.4929109e-01
-5.3762224e-01    9.4843579e-01
-5.3523162e-01    9.4757433e-01
-5.3284355e-01    9.4670671e-01
-5.3045803e-01    9.4583293e-01
-5.2807509e-01    9.4495301e-01
-5.2569474e-01    9.4406695e-01
-5.2331700e-01    9.4317476e-01
-5.2094188e-01    9.4227645e-01
-5.1856940e-01    9.4137202e-01
-5.1619958e-01    9.4046149e-01
-5.1383243e-01    9.3954486e-01
-5.1146797e-01    9.3862214e-01
-5.0910621e-01    9.3769334e-01
-5.0674718e-01    9.3675847e-01
-5.0439089e-01    9.3581753e-01
-5.0203736e-01    9.3487053e-01
-4.9968659e-01    9.3391748e-01
-4.9733861e-01    9.3295840e-01
-4.9499344e-01    9.3199328e-01
-4.9265109e-01    9.3102213e-01
-4.9031158e-01    9.3004498e-01
-4.8797491e-01    9.2906181e-01
-4.8564112e-01    9.2807265e-01
-4.8331022e-01    9.2707750e-01
-4.8098221e-01    9.2607636e-01
-4.7865712e-01    9.2506926e-01
-4.7633497e-01    9.2405619e-01
-4.7401577e-01    9.2303717e-01
-4.7169953e-01    9.2201220e-01
-4.6938628e-01    9.2098129e-01
-4.6707603e-01    9.1994446e-01
-4.6476879e-01    9.1890171e-01
-4.6246458e-01    9.1785305e-01
-4.6016342e-01    9.1679849e-01
-4.5786532e-01    9.1573804e-01
-4.5557030e-01    9.1467170e-01
-4.5327838e-01    9.1359949e-01
-4.5098956e-01    9.1252142e-01
-4.4870387e-01    9.1143750e-01
-4.4642133e-01    9.1034773e-01
-4.4414194e-01    9.0925213e-01
-4.4186573e-01    9.0815070e-01
-4.3959271e-01    9.0704346e-01
-4.3732289e-01    9.0593041e-01
-4.3505630e-01    9.0481156e-01
-4.3279294e-01    9.0368693e-01
-4.3053284e-01    9.0255651e-01
-4.2827601e-01    9.0142034e-01
-4.2602246e-01    9.0027840e-01
-4.2377221e-01    8.9913072e-01
-4.2152528e-01    8.9797730e-01
-4.1928168e-01    8.9681815e-01
-4.1704143e-01    8.9565329e-01
-4.1480454e-01    8.9448271e-01
-4.1257103e-01    8.9330645e-01
-4.1034091e-01    8.9212449e-01
-4.0811421e-01    8.9093686e-01
-4.0589093e-01    8.8974356e-01
-4.0367109e-01    8.8854461e-01
-4.0145470e-01    8.8734001e-01
-3.9924179e-01    8.8612978e-01
-3.9703237e-01    8.8491392e-01
-3.9482645e-01    8.8369245e-01
-3.9262404e-01    8.8246537e-01
-3.9042517e-01    8.8123271e-01
-3.8822985e-01    8.7999446e-01
-3.8603810e-01    8.7875064e-01
-3.8384992e-01    8.7750127e-01
-3.8166534e-01    8.7624634e-01
-3.7948436e-01    8.7498587e-01
-3.7730702e-01    8.7371988e-01
-3.7513331e-01    8.7244838e-01
-3.7296326e-01    8.7117136e-01
-3.7079688e-01    8.6988886e-01
-3.6863419e-01    8.6860087e-01
-3.6647520e-01    8.6730741e-01
-3.6431992e-01    8.6600849e-01
-3.6216838e-01    8.6470413e-01
-3.6002058e-01    8.6339432e-01
-3.5787654e-01    8.6207909e-01
-3.5573628e-01    8.6075845e-01
-3.5359981e-01    8.5943240e-01
-3.5146715e-01    8.5810097e-01
-3.4933831e-01    8.5676415e-01
-3.4721331e-01    8.5542197e-01
-3.4509215e-01    8.5407443e-01
-3.4297487e-01    8.5272155e-01
-3.4086146e-01    8.5136334e-01
-3.3875195e-01    8.4999980e-01
-3.3664635e-01    8.4863096e-01
-3.3454468e-01    8.4725683e-01
-3.3244694e-01    8.4587741e-01
-3.3035316e-01    8.4449272e-01
-3.2826335e-01    8.4310277e-01
-3.2617753e-01    8.4170757e-01
-3.2409570e-01    8.4030714e-01
-3.2201789e-01    8.3890149e-01
-3.1994410e-01    8.3749063e-01
-3.1787436e-01    8.3607457e-01
-3.1580867e-01    8.3465332e-01
-3.1374706e-01    8.3322691e-01
-3.1168953e-01    8.3179533e-01
-3.0963610e-01    8.3035861e-01
-3.0758679e-01    8.2891676e-01
-3.0554161e-01    8.2746978e-01
-3.0350057e-01    8.2601770e-01
-3.0146369e-01    8.2456052e-01
-2.9943099e-01    8.2309826e-01
-2.9740247e-01    8.2163094e-01
-2.9537815e-01    8.2015855e-01
-2.9335805e-01    8.1868113e-01
-2.9134217e-01    8.1719867e-01
-2.8933054e-01    8.1571120e-01
-2.8732317e-01    8.1421873e-01
-2.8532008e-01    8.1272126e-01
-2.8332127e-01    8.1121883e-01
-2.8132676e-01    8.0971142e-01
-2.7933656e-01    8.0819908e-01
-2.7735070e-01    8.0668179e-01
-2.7536917e-01    8.0515959e-01
-2.7339201e-01    8.0363248e-01
-2.7141921e-01    8.0210047e-01
-2.6945080e-01    8.0056359e-01
-2.6748679e-01    7.9902184e-01
-2.6552720e-01    7.9747524e-01
-2.6357203e-01    7.9592380e-01
-2.6162130e-01    7.9436754e-01
-2.5967502e-01    7.9280647e-01
-2.5773322e-01    7.9124060e-01
-2.5579589e-01    7.8966996e-01
-2.5386306e-01    7.8809455e-01
-2.5193474e-01    7.8651439e-01
-2.5001095e-01    7.8492949e-01
-2.4809169e-01    7.8333986e-01
-2.4617698e-01    7.8174554e-01
-2.4426684e-01    7.8014651e-01
-2.4236127e-01    7.7854281e-01
-2.4046030e-01    7.7693445e-01
-2.3856393e-01    7.7532144e-01
-2.3667218e-01    7.7370379e-01
-2.3478507e-01    7.7208153e-01
-2.3290259e-01    7.7045466e-01
-2.3102478e-01    7.6882321e-01
-2.2915164e-01    7.6718718e-01
-2.2728319e-01    7.6554659e-01
-2.2541943e-01    7.6390147e-01
-2.2356039e-01    7.6225181e-01
-2.2170607e-01    7.6059765e-01
-2.1985649e-01    7.5893899e-01
-2.1801167e-01    7.5727585e-01
-2.1617161e-01    7.5560824e-01
-2.1433633e-01    7.5393619e-01
-2.1250584e-01    7.5225970e-01
-2.1068016e-01    7.5057880e-01
-2.0885929e-01    7.4889350e-01
-2.0704326e-01    7.4720381e-01
-2.0523207e-01    7.4550976e-01
-2.0342573e-01    7.4381135e-01
-2.0162427e-01    7.4210861e-01
-1.9982769e-01    7.4040155e-01
-1.9803601e-01    7.3869019e-01
-1.9624924e-01    7.3697454e-01
-1.9446739e-01    7.3525462e-01
-1.9269047e-01    7.3353044e-01
-1.9091850e-01    7.3180203e-01
-1.8915150e-01    7.3006941e-01
-1.8738946e-01    7.2833257e-01
-1.8563242e-01    7.2659156e-01
-1.8388037e-01    7.2484637e-01
-1.8213333e-01    7.2309704e-01
-1.8039132e-01    7.2134357e-01
-1.7865434e-01    7.1958598e-01
-1.7692242e-01    7.1782430e-01
-1.7519555e-01    7.1605853e-01
-1.7347376e-01    7.1428870e-01
-1.7175706e-01    7.1251482e-01
-1.7004546e-01    7.1073691e-01
-1.6833896e-01    7.0895499e-01
-1.6663760e-01    7.0716908e-01
-1.6494137e-01    7.0537920e-01
-1.6325029e-01    7.0358535e-01
-1.6156437e-01    7.0178757e-01
-1.5988362e-01    6.9998587e-01
-1.5820807e-01    6.9818026e-01
-1.5653771e-01    6.9637077e-01
-1.5487256e-01    6.9455742e-01
-1.5321263e-01    6.9274022e-01
-1.5155794e-01    6.9091919e-01
-1.4990849e-01    6.8909435e-01
-1.4826431e-01    6.8726572e-01
-1.4662539e-01    6.8543332e-01
-1.4499176e-01    6.8359717e-01
-1.4336343e-01    6.8175728e-01
-1.4174040e-01    6.7991368e-01
-1.4012269e-01    6.7806639e-01
-1.3851031e-01    6.7621542e-01
-1.3690328e-01    6.7436079e-01
-1.3530160e-01    6.7250253e-01
-1.3370529e-01    6.7064065e-01
-1.3211435e-01    6.6877518e-01
-1.3052881e-01    6.6690613e-01
-1.2894867e-01    6.6503353e-01
-1.2737394e-01    6.6315739e-01
-1.2580463e-01    6.6127773e-01
-1.2424077e-01    6.5939458e-01
-1.2268235e-01    6.5750795e-01
-1.2112940e-01    6.5561787e-01
-1.1958191e-01    6.5372435e-01
-1.1803991e-01    6.5182743e-01
-1.1650340e-01    6.4992711e-01
-1.1497240e-01    6.4802342e-01
-1.1344692e-01    6.4611638e-01
-1.1192697e-01    6.4420601e-01
-1.1041255e-01    6.4229234e-01
-1.0890369e-01    6.4037538e-01
-1.0740039e-01    6.3845516e-01
-1.0590267e-01    6.3653170e-01
-1.0441053e-01    6.3460501e-01
-1.0292399e-01    6.3267513e-01
-1.0144305e-01    6.3074208e-01
-9.9967736e-02    6.2880587e-01
-9.8498050e-02    6.2686653e-01
-9.7034006e-02    6.2492408e-01
-9.5575613e-02    6.2297854e-01
-9.4122884e-02    6.2102995e-01
-9.2675828e-02    6.1907831e-01
-9.1234457e-02    6.1712365e-01
-8.9798782e-02    6.1516601e-01
-8.8368814e-02    6.1320539e-01
-8.6944563e-02    6.1124182e-01
-8.5526041e-02    6.0927533e-01
-8.4113257e-02    6.0730595e-01
-8.2706223e-02    6.0533368e-01
-8.1304949e-02    6.0335857e-01
-7.9909447e-02    6.0138063e-01
-7.8519725e-02    5.9939989e-01
-7.7135796e-02    5.9741636e-01
-7.5757670e-02    5.9543009e-01
-7.4385356e-02    5.9344108e-01
-7.3018867e-02    5.9144938e-01
-7.1658211e-02    5.8945499e-01
-7.0303399e-02    5.8745795e-01
-6.8954442e-02    5.8545828e-01
-6.7611351e-02    5.8345601e-01
-6.6274134e-02    5.8145117e-01
-6.4942803e-02    5.7944377e-01
-6.3617367e-02    5.7743385e-01
-6.2297838e-02    5.7542143e-01
-6.0984224e-02    5.7340655e-01
-5.9676536e-02    5.7138921e-01
-5.8374784e-02    5.6936946e-01
-5.7078978e-02    5.6734732e-01
-5.5789128e-02    5.6532282e-01
-5.4505244e-02    5.6329598e-01
-5.3227335e-02    5.6126683e-01
-5.1955412e-02    5.5923540e-01
-5.0689484e-02    5.5720172e-01
-4.9429561e-02    5.5516582e-01
-4.8175652e-02    5.5312772e-01
-4.6927768e-02    5.5108745e-01
-4.5685918e-02    5.4904505e-01
-4.4450111e-02    5.4700053e-01
-4.3220357e-02    5.4495394e-01
-4.1996666e-02    5.4290529e-01
-4.0779046e-02    5.4085463e-01
-3.9567508e-02    5.3880197e-01
-3.8362060e-02    5.3674736e-01
-3.7162712e-02    5.3469081e-01
-3.5969474e-02    5.3263237e-01
-3.4782353e-02    5.3057205e-01
-3.3601360e-02    5.2850990e-01
-3.2426503e-02    5.2644594e-01
-3.1257791e-02    5.2438021e-01
-3.0095235e-02    5.2231273e-01
-2.8938841e-02    5.2024355e-01
-2.7788620e-02    5.1817268e-01
-2.6644580e-02    5.1610017e-01
-2.5506729e-02    5.1402605e-01
-2.4375078e-02    5.1195035e-01
-2.3249633e-02    5.0987310e-01
-2.2130405e-02    5.0779433e-01
-2.1017401e-02    5.0571409e-01
-1.9910630e-02    5.0363240e-01
-1.8810100e-02    5.0154931e-01
-1.7715820e-02    4.9946483e-01
-1.6627798e-02    4.9737902e-01
-1.5546043e-02    4.9529190e-01
-1.4470561e-02    4.9320351e-01
-1.3401363e-02    4.9111389e-01
-1.2338455e-02    4.8902307e-01
-1.1281846e-02    4.8693109e-01
-1.0231543e-02    4.8483799e-01
-9.1875555e-03    4.8274380e-01
-8.1498899e-03    4.8064856e-01
-7.1185543e-03    4.7855231e-01
-6.0935564e-03    4.7645509e-01
-5.0749039e-03    4.7435693e-01
-4.0626042e-03    4.7225788e-01
-3.0566648e-03    4.7015797e-01
-2.0570932e-03    4.6805724e-01
-1.0638966e-03    4.6595574e-01
-7.7082185e-05    4.6385350e-01
 9.0334284e-04    4.6175057e-01
 1.8773714e-03    4.5964698e-01
 2.8449967e-03    4.5754278e-01
 3.8062116e-03    4.5543800e-01
 4.7610096e-03    4.5333270e-01
 5.7093837e-03    4.5122691e-01
 6.6513274e-03    4.4912068e-01
 7.5868342e-03    4.4701404e-01
 8.5158976e-03    4.4490705e-01
 9.4385111e-03    4.4279975e-01
 1.0354669e-02    4.4069218e-01
 1.1264364e-02    4.3858439e-01
 1.2167591e-02    4.3647642e-01
 1.3064344e-02    4.3436832e-01
 1.3954616e-02    4.3226014e-01
 1.4838403e-02    4.3015192e-01
 1.5715698e-02    4.2804371e-01
 1.5715698e-02    4.2804371e-01
 1.5755170e-02    4.2795022e-01
 1.5795779e-02    4.2785742e-01
 1.5837518e-02    4.2776530e-01
 1.5880383e-02    4.2767386e-01
 1.5924365e-02    4.2758311e-01
 1.5969459e-02    4.2749304e-01
 1.6015659e-02    4.2740364e-01
 1.6062958e-02    4.2731493e-01
 1.6111351e-02    4.2722689e-01
 1.6160830e-02    4.2713953e-01
 1.6211389e-02    4.2705285e-01
 1.6263023e-02    4.2696684e-01
 1.6315725e-02    4.2688150e-01
 1.6369488e-02    4.2679684e-01
 1.6424306e-02    4.2671285e-01
 1.6480174e-02    4.2662953e-01
 1.6537084e-02    4.2654688e-01
 1.6595031e-02    4.2646489e-01
 1.6654008e-02    4.2638358e-01
 1.6714009e-02    4.2630293e-01
 1.6775028e-02    4.2622295e-01
 1.6837057e-02    4.2614364e-01
 1.6900092e-02    4.2606498e-01
 1.6964126e-02    4.2598700e-01
 1.7029152e-02    4.2590967e-01
 1.7095164e-02    4.2583300e-01
 1.7162156e-02    4.2575700e-01
 1.7230122e-02    4.2568165e-01
 1.7299055e-02    4.2560696e-01
 1.7368949e-02    4.2553293e-01
 1.7439797e-02    4.2545955e-01
 1.7511594e-02    4.2538683e-01
 1.7584334e-02    4.2531477e-01
 1.7658009e-02    4.2524335e-01
 1.7732613e-02    4.2517259e-01
 1.7808141e-02    4.2510248e-01
 1.7884586e-02    4.2503302e-01
 1.7961942e-02    4.2496421e-01
 1.8040202e-02    4.2489605e-01
 1.8119360e-02    4.2482854e-01
 1.8199410e-02    4.2476167e-01
 1.8280346e-02    4.2469545e-01
 1.8362161e-02    4.2462987e-01
 1.8444849e-02    4.2456493e-01
 1.8528403e-02    4.2450064e-01
 1.8612818e-02    4.2443699e-01
 1.8698087e-02    4.2437397e-01
 1.8784204e-02    4.2431160e-01
 1.8871163e-02    4.2424987e-01
 1.8958957e-02    4.2418877e-01
 1.9047579e-02    4.2412831e-01
 1.9137025e-02    4.2406849e-01
 1.9227287e-02    4.2400930e-01
 1.9318358e-02    4.2395074e-01
 1.9410234e-02    4.2389282e-01
 1.9502907e-02    4.2383552e-01
 1.9596372e-02    4.2377886e-01
 1.9690621e-02    4.2372283e-01
 1.9785650e-02    4.2366742e-01
 1.9881450e-02    4.2361265e-01
 1.9978017e-02    4.2355850e-01
 2.0075343e-02    4.2350497e-01
 2.0173423e-02    4.2345207e-01
 2.0272250e-02    4.2339980e-01
 2.0371818e-02    4.2334814e-01
 2.0472121e-02    4.2329711e-01
 2.0573152e-02    4.2324670e-01
 2.0674905e-02    4.2319691e-01
 2.0777374e-02    4.2314774e-01
 2.0880553e-02    4.2309918e-01
 2.0984434e-02    4.2305125e-01
 2.1089013e-02    4.2300392e-01
 2.1194282e-02    4.2295722e-01
 2.1300236e-02    4.2291112e-01
 2.1406868e-02    4.2286564e-01
 2.1514171e-02    4.2282077e-01
 2.1622140e-02    4.2277651e-01
 2.1730768e-02    4.2273287e-01
 2.1840049e-02    4.2268983e-01
 2.1949977e-02    4.2264740e-01
 2.2060545e-02    4.2260557e-01
 2.2171747e-02    4.2256435e-01
 2.2283577e-02    4.2252374e-01
 2.2396028e-02    4.2248373e-01
 2.2509095e-02    4.2244432e-01
 2.2622770e-02    4.2240552e-01
 2.2737048e-02    4.2236731e-01
 2.2851923e-02    4.2232971e-01
 2.2967387e-02    4.2229271e-01
 2.3083435e-02    4.2225630e-01
 2.3200061e-02    4.2222049e-01
 2.3317258e-02    4.2218528e-01
 2.3435019e-02    4.2215066e-01
 2.3553340e-02    4.2211663e-01
 2.3672212e-02    4.2208320e-01
 2.3791631e-02    4.2205036e-01
 2.3911589e-02    4.2201812e-01
 2.4032081e-02    4.2198646e-01
 2.4153100e-02    4.2195539e-01
 2.4274640e-02    4.2192491e-01
 2.4396694e-02    4.2189502e-01
 2.4519257e-02    4.2186571e-01
 2.4642322e-02    4.2183699e-01
 2.4765882e-02    4.2180885e-01
 2.4889932e-02    4.2178130e-01
 2.5014465e-02    4.2175433e-01
 2.5139475e-02    4.2172794e-01
 2.5264956e-02    4.2170213e-01
 2.5390900e-02    4.2167690e-01
 2.5517303e-02    4.2165225e-01
 2.5644158e-02    4.2162817e-01
 2.5771458e-02    4.2160468e-01
 2.5899197e-02    4.2158175e-01
 2.6027368e-02    4.2155941e-01
 2.6155967e-02    4.2153763e-01
 2.6284986e-02    4.2151643e-01
 2.6414418e-02    4.2149580e-01
 2.6544259e-02    4.2147574e-01
 2.6674500e-02    4.2145625e-01
 2.6805137e-02    4.2143733e-01
 2.6936163e-02    4.2141897e-01
 2.7067571e-02    4.2140118e-01
 2.7199356e-02    4.2138396e-01
 2.7331510e-02    4.2136731e-01
 2.7464029e-02    4.2135121e-01
 2.7596904e-02    4.2133568e-01
 2.7730131e-02    4.2132071e-01
 2.7863702e-02    4.2130630e-01
 2.7997613e-02    4.2129245e-01
 2.8131855e-02    4.2127916e-01
 2.8266423e-02    4.2126643e-01
 2.8401311e-02    4.2125425e-01
 2.8536512e-02    4.2124263e-01
 2.8672021e-02    4.2123157e-01
 2.8807830e-02    4.2122106e-01
 2.8943934e-02    4.2121110e-01
 2.9080326e-02    4.2120169e-01
 2.9216999e-02    4.2119283e-01
 2.9353949e-02    4.2118453e-01
 2.9491168e-02    4.2117677e-01
 2.9628650e-02    4.2116956e-01
 2.9766389e-02    4.2116290e-01
 2.9904378e-02    4.2115678e-01
 3.0042611e-02    4.2115121e-01
 3.0181083e-02    4.2114618e-01
 3.0319786e-02    4.2114170e-01
 3.0458714e-02    4.2113776e-01
 3.0597862e-02    4.2113435e-01
 3.0737222e-02    4.2113149e-01
 3.0876789e-02    4.2112917e-01
 3.1016556e-02    4.2112739e-01
 3.1156517e-02    4.2112614e-01
 3.1296665e-02    4.2112543e-01
 3.1436995e-02    4.2112525e-01
 3.1577500e-02    4.2112561e-01
 3.1718174e-02    4.2112650e-01
 3.1859010e-02    4.2112792e-01
 3.2000002e-02    4.2112988e-01
 3.2141144e-02    4.2113236e-01
 3.2282430e-02    4.2113538e-01
 3.2423853e-02    4.2113892e-01
 3.2565408e-02    4.2114299e-01
 3.2707087e-02    4.2114758e-01
 3.2848884e-02    4.2115270e-01
 3.2990794e-02    4.2115835e-01
 3.3132809e-02    4.2116452e-01
 3.3274924e-02    4.2117121e-01
 3.3417132e-02    4.2117842e-01
 3.3559428e-02    4.2118615e-01
 3.3701804e-02    4.2119440e-01
 3.3844255e-02    4.2120317e-01
 3.3986773e-02    4.2121246e-01
 3.4129354e-02    4.2122227e-01
 3.4271990e-02    4.2123258e-01
 3.4414676e-02    4.2124342e-01
 3.4557404e-02    4.2125477e-01
 3.4700170e-02    4.2126663e-01
 3.4842965e-02    4.2127900e-01
 3.4985785e-02    4.2129188e-01
 3.5128623e-02    4.2130527e-01
 3.5271472e-02    4.2131917e-01
 3.5414327e-02    4.2133358e-01
 3.5557180e-02    4.2134849e-01
 3.5700027e-02    4.2136391e-01
 3.5842859e-02    4.2137984e-01
 3.5985672e-02    4.2139626e-01
 3.6128459e-02    4.2141320e-01
 3.6271213e-02    4.2143063e-01
 3.6413928e-02    4.2144856e-01
 3.6556599e-02    4.2146699e-01
 3.6699218e-02    4.2148592e-01
 3.6841780e-02    4.2150535e-01
 3.6984277e-02    4.2152528e-01
 3.7126705e-02    4.2154570e-01
 3.7269056e-02    4.2156662e-01
 3.7411324e-02    4.2158803e-01
 3.7553504e-02    4.2160993e-01
 3.7695588e-02    4.2163233e-01
 3.7837570e-02    4.2165521e-01
 3.7979445e-02    4.2167859e-01
 3.8121205e-02    4.2170245e-01
 3.8262845e-02    4.2172680e-01
 3.8404358e-02    4.2175164e-01
 3.8545738e-02    4.2177697e-01
 3.8686979e-02    4.2180278e-01
 3.8828074e-02    4.2182907e-01
 3.8969017e-02    4.2185585e-01
 3.9109802e-02    4.2188311e-01
 3.9250422e-02    4.2191085e-01
 3.9390872e-02    4.2193907e-01
 3.9531145e-02    4.2196777e-01
 3.9671234e-02    4.2199695e-01
 3.9811134e-02    4.2202660e-01
 3.9950838e-02    4.2205673e-01
 4.0090339e-02    4.2208734e-01
 4.0229632e-02    4.2211841e-01
 4.0368711e-02    4.2214997e-01
 4.0507568e-02    4.2218199e-01
 4.0646198e-02    4.2221449e-01
 4.0784594e-02    4.2224745e-01
 4.0922750e-02    4.2228089e-01
 4.1060660e-02    4.2231479e-01
 4.1198318e-02    4.2234916e-01
 4.1335717e-02    4.2238400e-01
 4.1472850e-02    4.2241930e-01
 4.1609713e-02    4.2245507e-01
 4.1746297e-02    4.2249130e-01
 4.1882598e-02    4.2252799e-01
 4.2018608e-02    4.2256515e-01
 4.2154322e-02    4.2260276e-01
 4.2289733e-02    4.2264084e-01
 4.2424835e-02    4.2267937e-01
 4.2559622e-02    4.2271836e-01
 4.2694087e-02    4.2275780e-01
 4.2828224e-02    4.2279770e-01
 4.2962027e-02    4.2283806e-01
 4.3095489e-02    4.2287887e-01
 4.3228604e-02    4.2292013e-01
 4.3361367e-02    4.2296184e-01
 4.3493770e-02    4.2300401e-01
 4.3625807e-02    4.2304662e-01
 4.3757472e-02    4.2308968e-01
 4.3888759e-02    4.2313319e-01
 4.4019661e-02    4.2317714e-01
 4.4150173e-02    4.2322155e-01
 4.4280287e-02    4.2326639e-01
 4.4409998e-02    4.2331168e-01
 4.4539300e-02    4.2335741e-01
 4.4668185e-02    4.2340359e-01
 4.4796648e-02    4.2345020e-01
 4.4924682e-02    4.2349726e-01
 4.5052282e-02    4.2354475e-01
 4.5179441e-02    4.2359268e-01
 4.5306152e-02    4.2364105e-01
 4.5432409e-02    4.2368985e-01
 4.5558206e-02    4.2373909e-01
 4.5683537e-02    4.2378876e-01
 4.5808396e-02    4.2383886e-01
 4.5932776e-02    4.2388940e-01
 4.6056670e-02    4.2394037e-01
 4.6180073e-02    4.2399177e-01
 4.6302978e-02    4.2404359e-01
 4.6425380e-02    4.2409585e-01
 4.6547271e-02    4.2414853e-01
 4.6668645e-02    4.2420163e-01
 4.6789496e-02    4.2425516e-01
 4.6909819e-02    4.2430912e-01
 4.7029606e-02    4.2436350e-01
 4.7148851e-02    4.2441830e-01
 4.7267548e-02    4.2447352e-01
 4.7385691e-02    4.2452916e-01
 4.7503273e-02    4.2458522e-01
 4.7620288e-02    4.2464170e-01
 4.7736730e-02    4.2469860e-01
 4.7852593e-02    4.2475591e-01
 4.7967870e-02    4.2481364e-01
 4.8082555e-02    4.2487178e-01
 4.8196641e-02    4.2493033e-01
 4.8310123e-02    4.2498930e-01
 4.8422994e-02    4.2504868e-01
 4.8535248e-02    4.2510846e-01
 4.8646878e-02    4.2516866e-01
 4.8757879e-02    4.2522927e-01
 4.8868243e-02    4.2529028e-01
 4.8977965e-02    4.2535170e-01
 4.9087039e-02    4.2541352e-01
 4.9195457e-02    4.2547575e-01
 4.9303215e-02    4.2553838e-01
 4.9410305e-02    4.2560141e-01
 4.9516721e-02    4.2566485e-01
 4.9622457e-02    4.2572868e-01
 4.9727506e-02    4.2579292e-01
 4.9831863e-02    4.2585755e-01
 4.9935522e-02    4.2592258e-01
 5.0038474e-02    4.2598801e-01
 5.0140716e-02    4.2605383e-01
 5.0242239e-02    4.2612005e-01
 5.0343039e-02    4.2618666e-01
 5.0443108e-02    4.2625366e-01
 5.0542440e-02    4.2632106e-01
 5.0641030e-02    4.2638884e-01
 5.0738870e-02    4.2645702e-01
 5.0835955e-02    4.2652558e-01
 5.0932278e-02    4.2659453e-01
 5.1027832e-02    4.2666387e-01
 5.1122613e-02    4.2673359e-01
 5.1216613e-02    4.2680370e-01
 5.1309825e-02    4.2687419e-01
 5.1402245e-02    4.2694506e-01
 5.1493865e-02    4.2701632e-01
 5.1584679e-02    4.2708795e-01
 5.1674681e-02    4.2715997e-01
 5.1763865e-02    4.2723236e-01
 5.1852224e-02    4.2730513e-01
 5.1939752e-02    4.2737828e-01
 5.2026443e-02    4.2745181e-01
 5.2112290e-02    4.2752571e-01
 5.2197287e-02    4.2759998e-01
 5.2281428e-02    4.2767463e-01
 5.2364707e-02    4.2774964e-01
 5.2447117e-02    4.2782503e-01
 5.2528652e-02    4.2790079e-01
 5.2609306e-02    4.2797692e-01
 5.2689073e-02    4.2805341e-01
 5.2767945e-02    4.2813027e-01
 5.2845917e-02    4.2820750e-01
 5.2922983e-02    4.2828509e-01
 5.2999136e-02    4.2836305e-01
 5.3074370e-02    4.2844137e-01
 5.3148679e-02    4.2852005e-01
 5.3222057e-02    4.2859910e-01
 5.3294496e-02    4.2867850e-01
 5.3365991e-02    4.2875826e-01
 5.3436536e-02    4.2883838e-01
 5.3506124e-02    4.2891886e-01
 5.3574749e-02    4.2899969e-01
 5.3642405e-02    4.2908088e-01
 5.3709085e-02    4.2916242e-01
 5.3774784e-02    4.2924432e-01
 5.3839494e-02    4.2932656e-01
 5.3903209e-02    4.2940916e-01
 5.3965924e-02    4.2949211e-01
 5.4027632e-02    4.2957541e-01
 5.4088327e-02    4.2965906e-01
 5.4148002e-02    4.2974305e-01
 5.4206651e-02    4.2982739e-01
 5.4264268e-02    4.2991207e-01
 5.4320846e-02    4.2999710e-01
 5.4376380e-02    4.3008248e-01
 5.4430862e-02    4.3016819e-01
 5.4484288e-02    4.3025425e-01
 5.4536649e-02    4.3034064e-01
 5.4587941e-02    4.3042738e-01
 5.4638157e-02    4.3051445e-01
 5.4687290e-02    4.3060187e-01
 5.4735334e-02    4.3068961e-01
 5.4782283e-02    4.3077770e-01
 5.4828131e-02    4.3086612e-01
 5.4872872e-02    4.3095487e-01
 5.4916498e-02    4.3104395e-01
 5.4959004e-02    4.3113337e-01
 5.5000384e-02    4.3122311e-01
 5.5040631e-02    4.3131319e-01
 5.5079739e-02    4.3140359e-01
 5.5117701e-02    4.3149432e-01
 5.5154512e-02    4.3158538e-01
 5.5190165e-02    4.3167677e-01
 5.5224653e-02    4.3176847e-01
 5.5257972e-02    4.3186051e-01
 5.5290113e-02    4.3195286e-01
 5.5321071e-02    4.3204554e-01
 5.5350840e-02    4.3213853e-01
 5.5379413e-02    4.3223185e-01
 5.5406785e-02    4.3232549e-01
 5.5432948e-02    4.3241944e-01
 5.5457896e-02    4.3251371e-01
 5.5481624e-02    4.3260829e-01
 5.5504124e-02    4.3270319e-01
 5.5525392e-02    4.3279841e-01
 5.5545419e-02    4.3289394e-01
 5.5564201e-02    4.3298977e-01
 5.5581730e-02    4.3308592e-01
 5.5598001e-02    4.3318238e-01
 5.5613007e-02    4.3327915e-01
 5.5626742e-02    4.3337623e-01
 5.5639199e-02    4.3347361e-01
 5.5650373e-02    4.3357130e-01
 5.5660257e-02    4.3366929e-01
 5.5668844e-02    4.3376759e-01
 5.5676129e-02    4.3386619e-01
 5.5682105e-02    4.3396510e-01
 5.5686766e-02    4.3406430e-01
 5.5690106e-02    4.3416380e-01
 5.5692118e-02    4.3426361e-01
 5.5692796e-02    4.3436371e-01
 5.5692134e-02    4.3446410e-01
 5.5690125e-02    4.3456480e-01
 5.5686763e-02    4.3466579e-01
 5.5682042e-02    4.3476707e-01
 5.5682042e-02    4.3476707e-01
 5.4909895e-02    4.4951864e-01
 5.4163165e-02    4.6427022e-01
 5.3440256e-02    4.7902179e-01
 5.2739725e-02    4.9377336e-01
 5.2060260e-02    5.0852493e-01
 5.1400660e-02    5.2327651e-01
 5.0759822e-02    5.3802808e-01
 5.0136730e-02    5.5277965e-01
 4.9530454e-02    5.6753122e-01
 4.8940135e-02    5.8228280e-01
 4.8364980e-02    5.9703437e-01
 4.7804250e-02    6.1178594e-01
 4.7257257e-02    6.2653751e-01
 4.6723367e-02    6.4128909e-01
 4.6201987e-02    6.5604066e-01
 4.5692565e-02    6.7079223e-01
 4.5194585e-02    6.8554381e-01
 4.4707559e-02    7.0029538e-01
 4.4231033e-02    7.1504695e-01
 4.3764581e-02    7.2979852e-01
 4.3307803e-02    7.4455010e-01
 4.2860323e-02    7.5930167e-01
 4.2421786e-02    7.7405324e-01
 4.1991857e-02    7.8880481e-01
 4.1570217e-02    8.0355639e-01
 4.1156566e-02    8.1830796e-01
 4.0750622e-02    8.3305953e-01
 4.0352117e-02    8.4781110e-01
 3.9960796e-02    8.6256268e-01
 3.9576419e-02    8.7731425e-01
 3.9198756e-02    8.9206582e-01
 3.8827588e-02    9.0681739e-01
 3.8462706e-02    9.2156897e-01
 3.8103912e-02    9.3632054e-01
 3.7751017e-02    9.5107211e-01
 3.7403843e-02    9.6582368e-01
 3.7062217e-02    9.8057526e-01
 3.6725975e-02    9.9532683e-01
 3.6394963e-02    1.0100784e+00
 3.6069027e-02    1.0248300e+00
 3.5748026e-02    1.0395815e+00
 3.5431819e-02    1.0543331e+00
 3.5120275e-02    1.0690847e+00
 3.4813267e-02    1.0838363e+00
 3.4510676e-02    1.0985878e+00
 3.4212384e-02    1.1133394e+00
 3.3918279e-02    1.1280910e+00
 3.3628253e-02    1.1428426e+00
 3.3342204e-02    1.1575941e+00
 3.3060032e-02    1.1723457e+00
 3.2781639e-02    1.1870973e+00
 3.2506933e-02    1.2018488e+00
 3.2235826e-02    1.2166004e+00
 3.1968231e-02    1.2313520e+00
 3.1704066e-02    1.2461036e+00
 3.1443251e-02    1.2608551e+00
 3.1185709e-02    1.2756067e+00
 3.0931366e-02    1.2903583e+00
 3.0680149e-02    1.3051099e+00
 3.0431990e-02    1.3198614e+00
 3.0186820e-02    1.3346130e+00
 2.9944574e-02    1.3493646e+00
 2.9705190e-02    1.3641161e+00
 2.9468606e-02    1.3788677e+00
 2.9234764e-02    1.3936193e+00
 2.9003606e-02    1.4083709e+00
 2.8775077e-02    1.4231224e+00
 2.8549124e-02    1.4378740e+00
 2.8325694e-02    1.4526256e+00
 2.8104737e-02    1.4673772e+00
 2.7886204e-02    1.4821287e+00
 2.7670047e-02    1.4968803e+00
 2.7456220e-02    1.5116319e+00
 2.7244677e-02    1.5263834e+00
 2.7035377e-02    1.5411350e+00
 2.6828276e-02    1.5558866e+00
 2.6623332e-02    1.5706382e+00
 2.6420508e-02    1.5853897e+00
 2.6219762e-02    1.6001413e+00
 2.6021058e-02    1.6148929e+00
 2.5824358e-02    1.6296445e+00
 2.5629627e-02    1.6443960e+00
 2.5436830e-02    1.6591476e+00
 2.5245932e-02    1.6738992e+00
 2.5056901e-02    1.6886507e+00
 2.4869705e-02    1.7034023e+00
 2.4684312e-02    1.7181539e+00
 2.4500691e-02    1.7329055e+00
 2.4318813e-02    1.7476570e+00
 2.4138648e-02    1.7624086e+00
 2.3960169e-02    1.7771602e+00
 2.3783347e-02    1.7919118e+00
 2.3608155e-02    1.8066633e+00
 2.3434567e-02    1.8214149e+00
 2.3262557e-02    1.8361665e+00
 2.3092100e-02    1.8509180e+00
 2.2923172e-02    1.8656696e+00
 2.2755748e-02    1.8804212e+00
 2.2589806e-02    1.8951728e+00
 2.2425322e-02    1.9099243e+00
 2.2262274e-02    1.9246759e+00
 2.2100640e-02    1.9394275e+00
 2.1940398e-02    1.9541790e+00
 2.1781528e-02    1.9689306e+00
 2.1624009e-02    1.9836822e+00
 2.1467822e-02    1.9984338e+00
 2.1312946e-02    2.0131853e+00
 2.1159363e-02    2.0279369e+00
 2.1007054e-02    2.0426885e+00
 2.0856000e-02    2.0574401e+00
 2.0706184e-02    2.0721916e+00
 2.0557589e-02    2.0869432e+00
 2.0410195e-02    2.1016948e+00
 2.0263988e-02    2.1164463e+00
 2.0118950e-02    2.1311979e+00
 1.9975066e-02    2.1459495e+00
 1.9832319e-02    2.1607011e+00
 1.9690694e-02    2.1754526e+00
 1.9550175e-02    2.1902042e+00
 1.9410748e-02    2.2049558e+00
 1.9272399e-02    2.2197074e+00
 1.9135112e-02    2.2344589e+00
 1.8998874e-02    2.2492105e+00
 1.8863671e-02    2.2639621e+00
 1.8729489e-02    2.2787136e+00
 1.8596316e-02    2.2934652e+00
 1.8464137e-02    2.3082168e+00
 1.8332941e-02    2.3229684e+00
 1.8202714e-02    2.3377199e+00
 1.8073446e-02    2.3524715e+00
 1.7945122e-02    2.3672231e+00
 1.7817732e-02    2.3819747e+00
 1.7691264e-02    2.3967262e+00
 1.7565706e-02    2.4114778e+00
 1.7441047e-02    2.4262294e+00
 1.7317277e-02    2.4409809e+00
 1.7194384e-02    2.4557325e+00
 1.7072357e-02    2.4704841e+00
 1.6951187e-02    2.4852357e+00
 1.6830862e-02    2.4999872e+00
 1.6711374e-02    2.5147388e+00
 1.6592711e-02    2.5294904e+00
 1.6474864e-02    2.5442420e+00
 1.6357824e-02    2.5589935e+00
 1.6241581e-02    2.5737451e+00
 1.6126125e-02    2.5884967e+00
 1.6011448e-02    2.6032482e+00
 1.5897541e-02    2.6179998e+00
 1.5784395e-02    2.6327514e+00
 1.5672000e-02    2.6475030e+00
 1.5560350e-02    2.6622545e+00
 1.5449434e-02    2.6770061e+00
 1.5339246e-02    2.6917577e+00
 1.5229776e-02    2.7065093e+00
 1.5121017e-02    2.7212608e+00
 1.5012961e-02    2.7360124e+00
 1.4905600e-02    2.7507640e+00
 1.4798926e-02    2.7655155e+00
 1.4692932e-02    2.7802671e+00
 1.4587611e-02    2.7950187e+00
 1.4482955e-02    2.8097703e+00
 1.4378958e-02    2.8245218e+00
 1.4275611e-02    2.8392734e+00
 1.4172908e-02    2.8540250e+00
 1.4070842e-02    2.8687766e+00
 1.3969407e-02    2.8835281e+00
 1.3868596e-02    2.8982797e+00
 1.3768402e-02    2.9130313e+00
 1.3668818e-02    2.9277828e+00
 1.3569839e-02    2.9425344e+00
 1.3471458e-02    2.9572860e+00
 1.3373669e-02    2.9720376e+00
 1.3276466e-02    2.9867891e+00
 1.3179842e-02    3.0015407e+00
 1.3083793e-02    3.0162923e+00
 1.2988311e-02    3.0310439e+00
 1.2893392e-02    3.0457954e+00
 1.2799029e-02    3.0605470e+00
 1.2705217e-02    3.0752986e+00
 1.2611951e-02    3.0900501e+00
 1.2519225e-02    3.1048017e+00
 1.2427033e-02    3.1195533e+00
 1.2335371e-02    3.1343049e+00
 1.2244233e-02    3.1490564e+00
 1.2153614e-02    3.1638080e+00
 1.2063509e-02    3.1785596e+00
 1.1973913e-02    3.1933111e+00
 1.1884820e-02    3.2080627e+00
 1.1796227e-02    3.2228143e+00
 1.1708128e-02    3.2375659e+00
 1.1620519e-02    3.2523174e+00
 1.1533394e-02    3.2670690e+00
 1.1446749e-02    3.2818206e+00
 1.1360581e-02    3.2965722e+00
 1.1274883e-02    3.3113237e+00
 1.1189651e-02    3.3260753e+00
 1.1104882e-02    3.3408269e+00
 1.1020571e-02    3.3555784e+00
 1.0936714e-02    3.3703300e+00
 1.0853306e-02    3.3850816e+00
 1.0770343e-02    3.3998332e+00
 1.0687821e-02    3.4145847e+00
 1.0605736e-02    3.4293363e+00
 1.0524084e-02    3.4440879e+00
 1.0442861e-02    3.4588395e+00
 1.0362063e-02    3.4735910e+00
 1.0281686e-02    3.4883426e+00
 1.0201727e-02    3.5030942e+00
 1.0122181e-02    3.5178457e+00
 1.0043045e-02    3.5325973e+00
 9.9643151e-03    3.5473489e+00
 9.8859877e-03    3.5621005e+00
 9.8080591e-03    3.5768520e+00
 9.7305257e-03    3.5916036e+00
 9.6533842e-03    3.6063552e+00
 9.5766309e-03    3.6211068e+00
 9.5002625e-03    3.6358583e+00
 9.4242755e-03    3.6506099e+00
 9.3486666e-03    3.6653615e+00
 9.2734325e-03    3.6801130e+00
 9.1985698e-03    3.6948646e+00
 9.1240753e-03    3.7096162e+00
 9.0499459e-03    3.7243678e+00
 8.9761783e-03    3.7391193e+00
 8.9027694e-03    3.7538709e+00
 8.8297160e-03    3.7686225e+00
 8.7570152e-03    3.7833741e+00
 8.6846639e-03    3.7981256e+00
 8.6126591e-03    3.8128772e+00
 8.5409978e-03    3.8276288e+00
 8.4696771e-03    3.8423803e+00
 8.3986941e-03    3.8571319e+00
 8.3280458e-03    3.8718835e+00
 8.2577296e-03    3.8866351e+00
 8.1877425e-03    3.9013866e+00
 8.1180818e-03    3.9161382e+00
 8.0487447e-03    3.9308898e+00
 7.9797285e-03    3.9456414e+00
 7.9110306e-03    3.9603929e+00
 7.8426482e-03    3.9751445e+00
 7.7745787e-03    3.9898961e+00
 7.7068195e-03    4.0046476e+00
 7.6393681e-03    4.0193992e+00
 7.5722219e-03    4.0341508e+00
 7.5053783e-03    4.0489024e+00
 7.4388349e-03    4.0636539e+00
 7.3725892e-03    4.0784055e+00
 7.3066387e-03    4.0931571e+00
 7.2409810e-03    4.1079087e+00
 7.1756137e-03    4.1226602e+00
 7.1105345e-03    4.1374118e+00
 7.0457410e-03    4.1521634e+00
 6.9812308e-03    4.1669149e+00
 6.9170016e-03    4.1816665e+00
 6.8530513e-03    4.1964181e+00
 6.7893775e-03    4.2111697e+00
 6.7259779e-03    4.2259212e+00
 6.6628504e-03    4.2406728e+00
 6.5999928e-03    4.2554244e+00
 6.5374029e-03    4.2701760e+00
 6.4750786e-03    4.2849275e+00
 6.4130177e-03    4.2996791e+00
 6.3512181e-03    4.3144307e+00
 6.2896777e-03    4.3291822e+00
 6.2283946e-03    4.3439338e+00
 6.1673665e-03    4.3586854e+00
 6.1065915e-03    4.3734370e+00
 6.0460677e-03    4.3881885e+00
 5.9857929e-03    4.4029401e+00
 5.9257652e-03    4.4176917e+00
 5.8659827e-03    4.4324432e+00
 5.8064435e-03    4.4471948e+00
 5.7471456e-03    4.4619464e+00
 5.6880871e-03    4.4766980e+00
 5.6292661e-03    4.4914495e+00
 5.5706808e-03    4.5062011e+00
 5.5123294e-03    4.5209527e+00
 5.4542099e-03    4.5357043e+00
 5.3963207e-03    4.5504558e+00
 5.3386599e-03    4.5652074e+00
 5.2812256e-03    4.5799590e+00
 5.2240163e-03    4.5947105e+00
 5.1670300e-03    4.6094621e+00
 5.1102651e-03    4.6242137e+00
 5.0537199e-03    4.6389653e+00
 4.9973926e-03    4.6537168e+00
 4.9412816e-03    4.6684684e+00
 4.8853852e-03    4.6832200e+00
 4.8297018e-03    4.6979716e+00
 4.7742296e-03    4.7127231e+00
 4.7189672e-03    4.7274747e+00
 4.6639127e-03    4.7422263e+00
 4.6090648e-03    4.7569778e+00
 4.5544217e-03    4.7717294e+00
 4.4999819e-03    4.7864810e+00
 4.4457439e-03    4.8012326e+00
 4.3917061e-03    4.8159841e+00
 4.3378669e-03    4.8307357e+00
 4.2842249e-03    4.8454873e+00
 4.2307785e-03    4.8602389e+00
 4.1775263e-03    4.8749904e+00
 4.1244667e-03    4.8897420e+00
 4.0715984e-03    4.9044936e+00
 4.0189198e-03    4.9192451e+00
 3.9664295e-03    4.9339967e+00
 3.9141260e-03    4.9487483e+00
 3.8620080e-03    4.9634999e+00
 3.8100741e-03    4.9782514e+00
 3.7583227e-03    4.9930030e+00
 3.7067527e-03    5.0077546e+00
 3.6553625e-03    5.0225062e+00
 3.6041509e-03    5.0372577e+00
 3.5531164e-03    5.0520093e+00
 3.5022577e-03    5.0667609e+00
 3.4515735e-03    5.0815124e+00
 3.4010625e-03    5.0962640e+00
 3.3507234e-03    5.1110156e+00
 3.3005548e-03    5.1257672e+00
 3.2505555e-03    5.1405187e+00
 3.2007242e-03    5.1552703e+00
 3.1510597e-03    5.1700219e+00
 3.1015606e-03    5.1847735e+00
 3.0522257e-03    5.1995250e+00
 3.0030539e-03    5.2142766e+00
 2.9540438e-03    5.2290282e+00
 2.9051942e-03    5.2437797e+00
 2.8565039e-03    5.2585313e+00
 2.8079718e-03    5.2732829e+00
 2.7595966e-03    5.2880345e+00
 2.7113772e-03    5.3027860e+00
 2.6633123e-03    5.3175376e+00
 2.6154008e-03    5.3322892e+00
 2.5676416e-03    5.3470408e+00
 2.5200335e-03    5.3617923e+00
 2.4725754e-03    5.3765439e+00
 2.4252661e-03    5.3912955e+00
 2.3781046e-03    5.4060470e+00
 2.3310896e-03    5.4207986e+00
 2.2842202e-03    5.4355502e+00
 2.2374951e-03    5.4503018e+00
 2.1909134e-03    5.4650533e+00
 2.1444739e-03    5.4798049e+00
 2.0981755e-03    5.4945565e+00
 2.0520173e-03    5.5093080e+00
 2.0059980e-03    5.5240596e+00
 1.9601168e-03    5.5388112e+00
 1.9143725e-03    5.5535628e+00
 1.8687641e-03    5.5683143e+00
 1.8232906e-03    5.5830659e+00
 1.7779510e-03    5.5978175e+00
 1.7327442e-03    5.6125691e+00
 1.6876693e-03    5.6273206e+00
 1.6427252e-03    5.6420722e+00
 1.5979109e-03    5.6568238e+00
 1.5532255e-03    5.6715753e+00
 1.5086680e-03    5.6863269e+00
 1.4642375e-03    5.7010785e+00
 1.4199328e-03    5.7158301e+00
 1.3757532e-03    5.7305816e+00
 1.3316976e-03    5.7453332e+00
 1.2877652e-03    5.7600848e+00
 1.2439549e-03    5.7748364e+00
 1.2002658e-03    5.7895879e+00
 1.1566970e-03    5.8043395e+00
 1.1132476e-03    5.8190911e+00
 1.0699167e-03    5.8338426e+00
 1.0267034e-03    5.8485942e+00
 9.8360673e-04    5.8633458e+00
 9.4062583e-04    5.8780974e+00
 8.9775982e-04    5.8928489e+00
 8.5500782e-04    5.9076005e+00
 8.1236894e-04    5.9223521e+00
 7.6984231e-04    5.9371037e+00
 7.2742707e-04    5.9518552e+00
 6.8512236e-04    5.9666068e+00
 6.4292733e-04    5.9813584e+00
 6.0084113e-04    5.9961099e+00
 5.5886291e-04    6.0108615e+00
 5.1699184e-04    6.0256131e+00
 4.7522708e-04    6.0403647e+00
 4.3356781e-04    6.0551162e+00
 3.9201320e-04    6.0698678e+00
 3.5056245e-04    6.0846194e+00
 3.0921474e-04    6.0993710e+00
 2.6796926e-04    6.1141225e+00
 2.2682521e-04    6.1288741e+00
 1.8578180e-04    6.1436257e+00
 1.4483824e-04    6.1583772e+00
 1.0399373e-04    6.1731288e+00
 6.3247507e-05    6.1878804e+00
 2.2598785e-05    6.2026320e+00
-1.7953205e-05    6.2173835e+00
-5.8409230e-05    6.2321351e+00
-9.8770052e-05    6.2468867e+00
-1.3903643e-04    6.2616383e+00
-1.7920911e-04    6.2763898e+00
-2.1928884e-04    6.2911414e+00
-2.5927638e-04    6.3058930e+00
-2.9917245e-04    6.3206445e+00
-3.3897779e-04    6.3353961e+00
-3.7869314e-04    6.3501477e+00
-4.1831921e-04    6.3648993e+00
-4.5785673e-04    6.3796508e+00
-4.9730641e-04    6.3944024e+00
-5.3666898e-04    6.4091540e+00
-5.7594513e-04    6.4239056e+00
-6.1513558e-04    6.4386571e+00
-6.5424101e-04    6.4534087e+00
-6.9326214e-04    6.4681603e+00
-7.3219965e-04    6.4829118e+00
-7.7105423e-04    6.4976634e+00
-8.0982656e-04    6.5124150e+00
-8.4851733e-04    6.5271666e+00
-8.8712720e-04    6.5419181e+00
-9.2565687e-04    6.5566697e+00
-9.6410698e-04    6.5714213e+00
-1.0024782e-03    6.5861729e+00
-1.0407712e-03    6.6009244e+00
-1.0789867e-03    6.6156760e+00
-1.1171252e-03    6.6304276e+00
-1.1551875e-03    6.6451791e+00
-1.1931742e-03    6.6599307e+00
-1.2310859e-03    6.6746823e+00
-1.2689232e-03    6.6894339e+00
-1.3066869e-03    6.7041854e+00
-1.3443775e-03    6.7189370e+00
-1.3819957e-03    6.7336886e+00
-1.4195421e-03    6.7484401e+00
-1.4570173e-03    6.7631917e+00
-1.4944219e-03    6.7779433e+00
-1.5317566e-03    6.7926949e+00
-1.5690219e-03    6.8074464e+00
-1.6062185e-03    6.8221980e+00
-1.6433470e-03    6.8369496e+00
-1.6804079e-03    6.8517012e+00
-1.7174020e-03    6.8664527e+00
-1.7543297e-03    6.8812043e+00
-1.7911917e-03    6.8959559e+00
-1.8279885e-03    6.9107074e+00
-1.8647208e-03    6.9254590e+00
-1.9013891e-03    6.9402106e+00
-1.9379941e-03    6.9549622e+00
-1.9745362e-03    6.9697137e+00
-2.0110160e-03    6.9844653e+00
-2.0474343e-03    6.9992169e+00
-2.0837914e-03    7.0139685e+00
-2.1200879e-03    7.0287200e+00
-2.1563246e-03    7.0434716e+00
-2.1925018e-03    7.0582232e+00
-2.2286201e-03    7.0729747e+00
-2.2646802e-03    7.0877263e+00
-2.3006825e-03    7.1024779e+00
-2.3366276e-03    7.1172295e+00
-2.3725161e-03    7.1319810e+00
-2.4083485e-03    7.1467326e+00
-2.4441253e-03    7.1614842e+00
-2.4798470e-03    7.1762358e+00
-2.5155143e-03    7.1909873e+00
-2.5511277e-03    7.2057389e+00
-2.5866876e-03    7.2204905e+00
-2.6221946e-03    7.2352420e+00
-2.6576493e-03    7.2499936e+00
-2.6930521e-03    7.2647452e+00
-2.7284036e-03    7.2794968e+00
-2.7637043e-03    7.2942483e+00
-2.7989547e-03    7.3089999e+00
-2.8341553e-03    7.3237515e+00
-2.8693066e-03    7.3385031e+00
-2.9044092e-03    7.3532546e+00
-2.9394636e-03    7.3680062e+00
-2.9744702e-03    7.3827578e+00
-3.0094295e-03    7.3975093e+00
-3.0443421e-03    7.4122609e+00
-3.0792085e-03    7.4270125e+00
-3.1140291e-03    7.4417641e+00
-3.1488044e-03    7.4565156e+00
-3.1835350e-03    7.4712672e+00
-3.2182212e-03    7.4860188e+00
-3.2528637e-03    7.5007704e+00
-3.2874629e-03    7.5155219e+00
-3.3220192e-03    7.5302735e+00
-3.3565332e-03    7.5450251e+00
-3.3910053e-03    7.5597766e+00
-3.4254360e-03    7.5745282e+00
-3.4598258e-03    7.5892798e+00
-3.4941752e-03    7.6040314e+00
-3.5284845e-03    7.6187829e+00
-3.5627543e-03    7.6335345e+00
-3.5969851e-03    7.6482861e+00
-3.6311773e-03    7.6630377e+00
-3.6653314e-03    7.6777892e+00
-3.6994477e-03    7.6925408e+00
-3.7335269e-03    7.7072924e+00
-3.7675693e-03    7.7220439e+00
-3.8015755e-03    7.7367955e+00
-3.8355457e-03    7.7515471e+00
-3.8694806e-03    7.7662987e+00
-3.9033805e-03    7.7810502e+00
-3.9372459e-03    7.7958018e+00
-3.9710773e-03    7.8105534e+00
-4.0048750e-03    7.8253050e+00
-4.0386396e-03    7.8400565e+00
-4.0723714e-03    7.8548081e+00
-4.1060709e-03    7.8695597e+00
-4.1397385e-03    7.8843112e+00
-4.1733747e-03    7.8990628e+00
-4.2069799e-03    7.9138144e+00
-4.2405545e-03    7.9285660e+00
-4.2740990e-03    7.9433175e+00
-4.3076138e-03    7.9580691e+00
-4.3410993e-03    7.9728207e+00
-4.3745559e-03    7.9875722e+00
-4.4079841e-03    8.0023238e+00
-4.4413842e-03    8.0170754e+00
-4.4747568e-03    8.0318270e+00
-4.5081021e-03    8.0465785e+00
-4.5414207e-03    8.0613301e+00
-4.5747130e-03    8.0760817e+00
-4.6079793e-03    8.0908333e+00
-4.6412200e-03    8.1055848e+00
-4.6744356e-03    8.1203364e+00
-4.7076265e-03    8.1350880e+00
-4.7407931e-03    8.1498395e+00
-4.7739358e-03    8.1645911e+00
-4.8070550e-03    8.1793427e+00
-4.8401511e-03    8.1940943e+00
-4.8732246e-03    8.2088458e+00
-4.9062757e-03    8.2235974e+00
-4.9393049e-03    8.2383490e+00
-4.9723126e-03    8.2531006e+00
-5.0052992e-03    8.2678521e+00
-5.0382650e-03    8.2826037e+00
-5.0712106e-03    8.2973553e+00
-5.1041362e-03    8.3121068e+00
-5.1370423e-03    8.3268584e+00
-5.1699292e-03    8.3416100e+00
-5.2027974e-03    8.3563616e+00
-5.2356472e-03    8.3711131e+00
-5.2684790e-03    8.3858647e+00
-5.3012932e-03    8.4006163e+00
-5.3340901e-03    8.4153679e+00
-5.3668702e-03    8.4301194e+00
-5.3996338e-03    8.4448710e+00
-5.4323814e-03    8.4596226e+00
-5.4651132e-03    8.4743741e+00
-5.4978297e-03    8.4891257e+00
-5.5305312e-03    8.5038773e+00
-5.5632181e-03    8.5186289e+00
-5.5958908e-03    8.5333804e+00
-5.6285496e-03    8.5481320e+00
-5.6611950e-03    8.5628836e+00
-5.6938273e-03    8.5776352e+00
-5.7264468e-03    8.5923867e+00
-5.7590539e-03    8.6071383e+00
-5.7916491e-03    8.6218899e+00
-5.8242326e-03    8.6366414e+00
-5.8568048e-03    8.6513930e+00
-5.8893660e-03    8.6661446e+00
-5.9219167e-03    8.6808962e+00
-5.9544573e-03    8.6956477e+00
-5.9869879e-03    8.7103993e+00
-6.0195091e-03    8.7251509e+00
-6.0520212e-03    8.7399025e+00
-6.0845245e-03    8.7546540e+00
-6.1170193e-03    8.7694056e+00
-6.1495061e-03    8.7841572e+00
-6.1819852e-03    8.7989087e+00
-6.2144569e-03    8.8136603e+00
-6.2469216e-03    8.8284119e+00
-6.2793797e-03    8.8431635e+00
-6.3118314e-03    8.8579150e+00
-6.3442772e-03    8.8726666e+00
-6.3767173e-03    8.8874182e+00
-6.4091522e-03    8.9021698e+00
-6.4415822e-03    8.9169213e+00
-6.4740075e-03    8.9316729e+00
-6.5064286e-03    8.9464245e+00
-6.5388459e-03    8.9611760e+00
-6.5712595e-03    8.9759276e+00
-6.6036700e-03    8.9906792e+00
-6.6360775e-03    9.0054308e+00
-6.6684826e-03    9.0201823e+00
-6.7008854e-03    9.0349339e+00
-6.7332863e-03    9.0496855e+00
-6.7656857e-03    9.0644370e+00
-6.7980840e-03    9.0791886e+00
-6.8304813e-03    9.0939402e+00
-6.8628782e-03    9.1086918e+00
-6.8952748e-03    9.1234433e+00
-6.9276716e-03    9.1381949e+00
-6.9600688e-03    9.1529465e+00
-6.9924668e-03    9.1676981e+00
-7.0248660e-03    9.1824496e+00
-7.0572666e-03    9.1972012e+00
-7.0896690e-03    9.2119528e+00
-7.1220735e-03    9.2267043e+00
-7.1544804e-03    9.2414559e+00
-7.1868901e-03    9.2562075e+00
-7.2193029e-03    9.2709591e+00
-7.2517191e-03    9.2857106e+00
-7.2841390e-03    9.3004622e+00
-7.3165629e-03    9.3152138e+00
-7.3489913e-03    9.3299654e+00
-7.3814243e-03    9.3447169e+00
-7.4138624e-03    9.3594685e+00
-7.4463058e-03    9.3742201e+00
-7.4787548e-03    9.3889716e+00
-7.5112098e-03    9.4037232e+00
-7.5436712e-03    9.4184748e+00
-7.5761391e-03    9.4332264e+00
-7.6086139e-03    9.4479779e+00
-7.6410960e-03    9.4627295e+00
-7.6735856e-03    9.4774811e+00
-7.7060832e-03    9.4922327e+00
-7.7385888e-03    9.5069842e+00
-7.7711030e-03    9.5217358e+00
-7.8036260e-03    9.5364874e+00
-7.8361581e-03    9.5512389e+00
-7.8686997e-03    9.5659905e+00
-7.9012510e-03    9.5807421e+00
-7.9338123e-03    9.5954937e+00
-7.9663840e-03    9.6102452e+00
-7.9989664e-03    9.6249968e+00
-8.0315597e-03    9.6397484e+00
-8.0641643e-03    9.6545000e+00
-8.0967806e-03    9.6692515e+00
-8.1294087e-03    9.6840031e+00
-8.1620490e-03    9.6987547e+00
-8.1947018e-03    9.7135062e+00
-8.2273675e-03    9.7282578e+00
-8.2600463e-03    9.7430094e+00
-8.2927385e-03    9.7577610e+00
-8.3254444e-03    9.7725125e+00
-8.3581643e-03    9.7872641e+00
-8.3908986e-03    9.8020157e+00
-8.4236475e-03    9.8167673e+00
-8.4564114e-03    9.8315188e+00
-8.4891905e-03    9.8462704e+00
-8.5219851e-03    9.8610220e+00
-8.5547955e-03    9.8757735e+00
-8.5876221e-03    9.8905251e+00
-8.6204652e-03    9.9052767e+00
-8.6533249e-03    9.9200283e+00
-8.6862017e-03    9.9347798e+00
-8.7190958e-03    9.9495314e+00
-8.7520076e-03    9.9642830e+00
-8.7849372e-03    9.9790346e+00
-8.8178851e-03    9.9937861e+00
-8.8508515e-03    1.0008538e+01
-8.8838367e-03    1.0023289e+01
-8.9168410e-03    1.0038041e+01
-8.9498647e-03    1.0052792e+01
-8.9829081e-03    1.0067544e+01
-9.0159714e-03    1.0082296e+01
-9.0490551e-03    1.0097047e+01
-9.0821593e-03    1.0111799e+01
-9.1152844e-03    1.0126550e+01
-9.1484307e-03    1.0141302e+01
-9.1815983e-03    1.0156053e+01
-9.2147878e-03    1.0170805e+01
-9.2479992e-03    1.0185557e+01
-9.2812330e-03    1.0200308e+01
-9.3144894e-03    1.0215060e+01
-9.3477687e-03    1.0229811e+01
-9.3810712e-03    1.0244563e+01
-9.4143971e-03    1.0259314e+01
-9.4477469e-03    1.0274066e+01
-9.4811206e-03    1.0288818e+01
-9.5145188e-03    1.0303569e+01
-9.5479415e-03    1.0318321e+01
-9.5813892e-03    1.0333072e+01
-9.6148621e-03    1.0347824e+01
-9.6483605e-03    1.0362575e+01
-9.6818846e-03    1.0377327e+01
-9.7154349e-03    1.0392079e+01
-9.7490115e-03    1.0406830e+01
-9.7826147e-03    1.0421582e+01
-9.8162448e-03    1.0436333e+01
-9.8499022e-03    1.0451085e+01
-9.8835870e-03    1.0465836e+01
-9.9172996e-03    1.0480588e+01
-9.9510403e-03    1.0495340e+01
-9.9848094e-03    1.0510091e+01
-1.0018607e-02    1.0524843e+01
-1.0052434e-02    1.0539594e+01
-1.0086289e-02    1.0554346e+01
-1.0120175e-02    1.0569097e+01
-1.0154090e-02    1.0583849e+01
-1.0188035e-02    1.0598601e+01
-1.0222010e-02    1.0613352e+01
-1.0256016e-02    1.0628104e+01
-1.0290053e-02    1.0642855e+01
-1.0324121e-02    1.0657607e+01
-1.0358221e-02    1.0672358e+01
-1.0392352e-02    1.0687110e+01
-1.0426515e-02    1.0701862e+01
-1.0460711e-02    1.0716613e+01
-1.0494939e-02    1.0731365e+01
-1.0529200e-02    1.0746116e+01
-1.0563494e-02    1.0760868e+01
-1.0597822e-02    1.0775619e+01
-1.0632183e-02    1.0790371e+01
-1.0666578e-02    1.0805123e+01
-1.0701008e-02    1.0819874e+01
-1.0735472e-02    1.0834626e+01
-1.0769971e-02    1.0849377e+01
-1.0804505e-02    1.0864129e+01
-1.0839074e-02    1.0878880e+01
-1.0873679e-02    1.0893632e+01
-1.0908320e-02    1.0908384e+01
-1.0942997e-02    1.0923135e+01
-1.0977711e-02    1.0937887e+01
-1.1012461e-02    1.0952638e+01
-1.1047249e-02    1.0967390e+01
-1.1082073e-02    1.0982141e+01
-1.1116936e-02    1.0996893e+01
-1.1151836e-02    1.1011645e+01
-1.1186774e-02    1.1026396e+01
-1.1221751e-02    1.1041148e+01
-1.1256767e-02    1.1055899e+01
-1.1291821e-02    1.1070651e+01
-1.1326915e-02    1.1085402e+01
-1.1362049e-02    1.1100154e+01
-1.1397222e-02    1.1114906e+01
-1.1432435e-02    1.1129657e+01
-1.1467689e-02    1.1144409e+01
-1.1502983e-02    1.1159160e+01
-1.1538318e-02    1.1173912e+01
-1.1573695e-02    1.1188664e+01
-1.1609113e-02    1.1203415e+01
-1.1644572e-02    1.1218167e+01
-1.1680074e-02    1.1232918e+01
-1.1715618e-02    1.1247670e+01
-1.1751205e-02    1.1262421e+01
-1.1786834e-02    1.1277173e+01
-1.1822507e-02    1.1291925e+01
-1.1858223e-02    1.1306676e+01
-1.1893982e-02    1.1321428e+01
-1.1929786e-02    1.1336179e+01
-1.1965634e-02    1.1350931e+01
-1.2001526e-02    1.1365682e+01
-1.2037464e-02    1.1380434e+01
-1.2073446e-02    1.1395186e+01
-1.2109474e-02    1.1409937e+01
-1.2145547e-02    1.1424689e+01
-1.2181666e-02    1.1439440e+01
-1.2217831e-02    1.1454192e+01
-1.2254043e-02    1.1468943e+01
-1.2290302e-02    1.1483695e+01
-1.2326607e-02    1.1498447e+01
-1.2362960e-02    1.1513198e+01
-1.2399360e-02    1.1527950e+01
-1.2435808e-02    1.1542701e+01
-1.2472305e-02    1.1557453e+01
-1.2508849e-02    1.1572204e+01
-1.2545443e-02    1.1586956e+01
-1.2582085e-02    1.1601708e+01
-1.2618776e-02    1.1616459e+01
-1.2655517e-02    1.1631211e+01
-1.2692308e-02    1.1645962e+01
-1.2729149e-02    1.1660714e+01
-1.2766040e-02    1.1675465e+01
-1.2802981e-02    1.1690217e+01
-1.2839974e-02    1.1704969e+01
-1.2877017e-02    1.1719720e+01
-1.2914113e-02    1.1734472e+01
-1.2951259e-02    1.1749223e+01
-1.2988458e-02    1.1763975e+01
-1.3025709e-02    1.1778726e+01
-1.3063012e-02    1.1793478e+01
-1.3100369e-02    1.1808230e+01
-1.3137778e-02    1.1822981e+01
-1.3175241e-02    1.1837733e+01
-1.3212757e-02    1.1852484e+01
-1.3250327e-02    1.1867236e+01
-1.3287952e-02    1.1881987e+01
-1.3325631e-02    1.1896739e+01
-1.3363364e-02    1.1911491e+01
-1.3401153e-02    1.1926242e+01
-1.3438997e-02    1.1940994e+01
-1.3476896e-02    1.1955745e+01
-1.3514852e-02    1.1970497e+01
-1.3552863e-02    1.1985248e+01
-1.3590931e-02    1.2000000e+01
 0.0000000e+00    1.2050125e+01
 0.0000000e+00    1.2100251e+01
 0.0000000e+00    1.2150376e+01
 0.0000000e+00    1.2200501e+01
 0.0000000e+00    1.2250627e+01
 0.0000000e+00    1.2300752e+01
 0.0000000e+00    1.2350877e+01
 0.0000000e+00    1.2401003e+01
 0.0000000e+00    1.2451128e+01
 0.0000000e+00    1.2501253e+01
 0.0000000e+00    1.2551378e+01
 0.0000000e+00    1.2601504e+01
 0.0000000e+00    1.2651629e+01
 0.0000000e+00    1.2701754e+01
 0.0000000e+00    1.2751880e+01
 0.0000000e+00    1.2802005e+01
 0.0000000e+00    1.2852130e+01
 0.0000000e+00    1.2902256e+01
 0.0000000e+00    1.2952381e+01
 0.0000000e+00    1.3002506e+01
 0.0000000e+00    1.3052632e+01
 0.0000000e+00    1.3102757e+01
 0.0000000e+00    1.3152882e+01
 0.0000000e+00    1.3203008e+01
 0.0000000e+00    1.3253133e+01
 0.0000000e+00    1.3303258e+01
 0.0000000e+00    1.3353383e+01
 0.0000000e+00    1.3403509e+01
 0.0000000e+00    1.3453634e+01
 0.0000000e+00    1.3503759e+01
 0.0000000e+00    1.3553885e+01
 0.0000000e+00    1.3604010e+01
 0.0000000e+00    1.3654135e+01
 0.0000000e+00    1.3704261e+01
 0.0000000e+00    1.3754386e+01
 0.0000000e+00    1.3804511e+01
 0.0000000e+00    1.3854637e+01
 0.0000000e+00    1.3904762e+01
 0.0000000e+00    1.3954887e+01
 0.0000000e+00    1.4005013e+01
 0.0000000e+00    1.4055138e+01
 0.0000000e+00    1.4105263e+01
 0.0000000e+00    1.4155388e+01
 0.0000000e+00    1.4205514e+01
 0.0000000e+00    1.4255639e+01
 0.0000000e+00    1.4305764e+01
 0.0000000e+00    1.4355890e+01
 0.0000000e+00    1.4406015e+01
 0.0000000e+00    1.4456140e+01
 0.0000000e+00    1.4506266e+01
 0.0000000e+00    1.4556391e+01
 0.0000000e+00    1.4606516e+01
 0.0000000e+00    1.4656642e+01
 0.0000000e+00    1.4706767e+01
 0.0000000e+00    1.4756892e+01
 0.0000000e+00    1.4807018e+01
 0.0000000e+00    1.4857143e+01
 0.0000000e+00    1.4907268e+01
 0.0000000e+00    1.4957393e+01
 0.0000000e+00    1.5007519e+01
 0.0000000e+00    1.5057644e+01
 0.0000000e+00    1.5107769e+01
 0.0000000e+00    1.5157895e+01
 0.0000000e+00    1.5208020e+01
 0.0000000e+00    1.5258145e+01
 0.0000000e+00    1.5308271e+01
 0.0000000e+00    1.5358396e+01
 0.0000000e+00    1.5408521e+01
 0.0000000e+00    1.5458647e+01
 0.0000000e+00    1.5508772e+01
 0.0000000e+00    1.5558897e+01
 0.0000000e+00    1.5609023e+01
 0.0000000e+00    1.5659148e+01
 0.0000000e+00    1.5709273e+01
 0.0000000e+00    1.5759398e+01
 0.0000000e+00    1.5809524e+01
 0.0000000e+00    1.5859649e+01
 0.0000000e+00    1.5909774e+01
 0.0000000e+00    1.5959900e+01
 0.0000000e+00    1.6010025e+01
 0.0000000e+00    1.6060150e+01
 0.0000000e+00    1.6110276e+01
 0.0000000e+00    1.6160401e+01
 0.0000000e+00    1.6210526e+01
 0.0000000e+00    1.6260652e+01
 0.0000000e+00    1.6310777e+01
 0.0000000e+00    1.6360902e+01
 0.0000000e+00    1.6411028e+01
 0.0000000e+00    1.6461153e+01
 0.0000000e+00    1.6511278e+01
 0.0000000e+00    1.6561404e+01
 0.0000000e+00    1.6611529e+01
 0.0000000e+00    1.6661654e+01
 0.0000000e+00    1.6711779e+01
 0.0000000e+00    1.6761905e+01
 0.0000000e+00    1.6812030e+01
 0.0000000e+00    1.6862155e+01
 0.0000000e+00    1.6912281e+01
 0.0000000e+00    1.6962406e+01
 0.0000000e+00    1.7012531e+01
 0.0000000e+00    1.7062657e+01
 0.0000000e+00    1.7112782e+01
 0.0000000e+00    1.7162907e+01
 0.0000000e+00    1.7213033e+01
 0.0000000e+00    1.7263158e+01
 0.0000000e+00    1.7313283e+01
 0.0000000e+00    1.7363409e+01
 0.0000000e+00    1.7413534e+01
 0.0000000e+00    1.7463659e+01
 0.0000000e+00    1.7513784e+01
 0.0000000e+00    1.7563910e+01
 0.0000000e+00    1.7614035e+01
 0.0000000e+00    1.7664160e+01
 0.0000000e+00    1.7714286e+01
 0.0000000e+00    1.7764411e+01
 0.0000000e+00    1.7814536e+01
 0.0000000e+00    1.7864662e+01
 0.0000000e+00    1.7914787e+01
 0.0000000e+00    1.7964912e+01
 0.0000000e+00    1.8015038e+01
 0.0000000e+00    1.8065163e+01
 0.0000000e+00    1.8115288e+01
 0.0000000e+00    1.8165414e+01
 0.0000000e+00    1.8215539e+01
 0.0000000e+00    1.8265664e+01
 0.0000000e+00    1.8315789e+01
 0.0000000e+00    1.8365915e+01
 0.0000000e+00    1.8416040e+01
 0.0000000e+00    1.8466165e+01
 0.0000000e+00    1.8516291e+01
 0.0000000e+00    1.8566416e+01
 0.0000000e+00    1.8616541e+01
 0.0000000e+00    1.8666667e+01
 0.0000000e+00    1.8716792e+01
 0.0000000e+00    1.8766917e+01
 0.0000000e+00    1.8817043e+01
 0.0000000e+00    1.8867168e+01
 0.0000000e+00    1.8917293e+01
 0.0000000e+00    1.8967419e+01
 0.0000000e+00    1.9017544e+01
 0.0000000e+00    1.9067669e+01
 0.0000000e+00    1.9117794e+01
 0.0000000e+00    1.9167920e+01
 0.0000000e+00    1.9218045e+01
 0.0000000e+00    1.9268170e+01
 0.0000000e+00    1.9318296e+01
 0.0000000e+00    1.9368421e+01
 0.0000000e+00    1.9418546e+01
 0.0000000e+00    1.9468672e+01
 0.0000000e+00    1.9518797e+01
 0.0000000e+00    1.9568922e+01
 0.0000000e+00    1.9619048e+01
 0.0000000e+00    1.9669173e+01
 0.0000000e+00    1.9719298e+01
 0.0000000e+00    1.9769424e+01
 0.0000000e+00    1.9819549e+01
 0.0000000e+00    1.9869674e+01
 0.0000000e+00    1.9919799e+01
 0.0000000e+00    1.9969925e+01
 0.0000000e+00    2.0020050e+01
 0.0000000e+00    2.0070175e+01
 0.0000000e+00    2.0120301e+01
 0.0000000e+00    2.0170426e+01
 0.0000000e+00    2.0220551e+01
 0.0000000e+00    2.0270677e+01
 0.0000000e+00    2.0320802e+01
 0.0000000e+00    2.0370927e+01
 0.0000000e+00    2.0421053e+01
 0.0000000e+00    2.0471178e+01
 0.0000000e+00    2.0521303e+01
 0.0000000e+00    2.0571429e+01
 0.0000000e+00    2.0621554e+01
 0.0000000e+00    2.0671679e+01
 0.0000000e+00    2.0721805e+01
 0.0000000e+00    2.0771930e+01
 0.0000000e+00    2.0822055e+01
 0.0000000e+00    2.0872180e+01
 0.0000000e+00    2.0922306e+01
 0.0000000e+00    2.0972431e+01
 0.0000000e+00    2.1022556e+01
 0.0000000e+00    2.1072682e+01
 0.0000000e+00    2.1122807e+01
 0.0000000e+00    2.1172932e+01
 0.0000000e+00    2.1223058e+01
 0.0000000e+00    2.1273183e+01
 0.0000000e+00    2.1323308e+01
 0.0000000e+00    2.1373434e+01
 0.0000000e+00    2.1423559e+01
 0.0000000e+00    2.1473684e+01
 0.0000000e+00    2.1523810e+01
 0.0000000e+00    2.1573935e+01
 0.0000000e+00    2.1624060e+01
 0.0000000e+00    2.1674185e+01
 0.0000000e+00    2.1724311e+01
 0.0000000e+00    2.1774436e+01
 0.0000000e+00    2.1824561e+01
 0.0000000e+00    2.1874687e+01
 0.0000000e+00    2.1924812e+01
 0.0000000e+00    2.1974937e+01
 0.0000000e+00    2.2025063e+01
 0.0000000e+00    2.2075188e+01
 0.0000000e+00    2.2125313e+01
 0.0000000e+00    2.2175439e+01
 0.0000000e+00    2.2225564e+01
 0.0000000e+00    2.2275689e+01
 0.0000000e+00    2.2325815e+01
 0.0000000e+00    2.2375940e+01
 0.0000000e+00    2.2426065e+01
 0.0000000e+00    2.2476190e+01
 0.0000000e+00    2.2526316e+01
 0.0000000e+00    2.2576441e+01
 0.0000000e+00    2.2626566e+01
 0.0000000e+00    2.2676692e+01
 0.0000000e+00    2.2726817e+01
 0.0000000e+00    2.2776942e+01
 0.0000000e+00    2.2827068e+01
 0.0000000e+00    2.2877193e+01
 0.0000000e+00    2.2927318e+01
 0.0000000e+00    2.2977444e+01
 0.0000000e+00    2.3027569e+01
 0.0000000e+00    2.3077694e+01
 0.0000000e+00    2.3127820e+01
 0.0000000e+00    2.3177945e+01
 0.0000000e+00    2.3228070e+01
 0.0000000e+00    2.3278195e+01
 0.0000000e+00    2.3328321e+01
 0.0000000e+00    2.3378446e+01
 0.0000000e+00    2.3428571e+01
 0.0000000e+00    2.3478697e+01
 0.0000000e+00    2.3528822e+01
 0.0000000e+00    2.3578947e+01
 0.0000000e+00    2.3629073e+01
 0.0000000e+00    2.3679198e+01
 0.0000000e+00    2.3729323e+01
 0.0000000e+00    2.3779449e+01
 0.0000000e+00    2.3829574e+01
 0.0000000e+00    2.3879699e+01
 0.0000000e+00    2.3929825e+01
 0.0000000e+00    2.3979950e+01
 0.0000000e+00    2.4030075e+01
 0.0000000e+00    2.4080201e+01
 0.0000000e+00    2.4130326e+01
 0.0000000e+00    2.4180451e+01
 0.0000000e+00    2.4230576e+01
 0.0000000e+00    2.4280702e+01
 0.0000000e+00    2.4330827e+01
 0.0000000e+00    2.4380952e+01
 0.0000000e+00    2.4431078e+01
 0.0000000e+00    2.4481203e+01
 0.0000000e+00    2.4531328e+01
 0.0000000e+00    2.4581454e+01
 0.0000000e+00    2.4631579e+01
 0.0000000e+00    2.4681704e+01
 0.0000000e+00    2.4731830e+01
 0.0000000e+00    2.4781955e+01
 0.0000000e+00    2.4832080e+01
 0.0000000e+00    2.4882206e+01
 0.0000000e+00    2.4932331e+01
 0.0000000e+00    2.4982456e+01
 0.0000000e+00    2.5032581e+01
 0.0000000e+00    2.5082707e+01
 0.0000000e+00    2.5132832e+01
 0.0000000e+00    2.5182957e+01
 0.0000000e+00    2.5233083e+01
 0.0000000e+00    2.5283208e+01
 0.0000000e+00    2.5333333e+01
 0.0000000e+00    2.5383459e+01
 0.0000000e+00    2.5433584e+01
 0.0000000e+00    2.5483709e+01
 0.0000000e+00    2.5533835e+01
 0.0000000e+00    2.5583960e+01
 0.0000000e+00    2.5634085e+01
 0.0000000e+00    2.5684211e+01
 0.0000000e+00    2.5734336e+01
 0.0000000e+00    2.5784461e+01
 0.0000000e+00    2.5834586e+01
 0.0000000e+00    2.5884712e+01
 0.0000000e+00    2.5934837e+01
 0.0000000e+00    2.5984962e+01
 0.0000000e+00    2.6035088e+01
 0.0000000e+00    2.6085213e+01
 0.0000000e+00    2.6135338e+01
 0.0000000e+00    2.6185464e+01
 0.0000000e+00    2.6235589e+01
 0.0000000e+00    2.6285714e+01
 0.0000000e+00    2.6335840e+01
 0.0000000e+00    2.6385965e+01
 0.0000000e+00    2.6436090e+01
 0.0000000e+00    2.6486216e+01
 0.0000000e+00    2.6536341e+01
 0.0000000e+00    2.6586466e+01
 0.0000000e+00    2.6636591e+01
 0.0000000e+00    2.6686717e+01
 0.0000000e+00    2.6736842e+01
 0.0000000e+00    2.6786967e+01
 0.0000000e+00    2.6837093e+01
 0.0000000e+00    2.6887218e+01
 0.0000000e+00    2.6937343e+01
 0.0000000e+00    2.6987469e+01
 0.0000000e+00    2.7037594e+01
 0.0000000e+00    2.7087719e+01
 0.0000000e+00    2.7137845e+01
 0.0000000e+00    2.7187970e+01
 0.0000000e+00    2.7238095e+01
 0.0000000e+00    2.7288221e+01
 0.0000000e+00    2.7338346e+01
 0.0000000e+00    2.7388471e+01
 0.0000000e+00    2.7438596e+01
 0.0000000e+00    2.7488722e+01
 0.0000000e+00    2.7538847e+01
 0.0000000e+00    2.7588972e+01
 0.0000000e+00    2.7639098e+01
 0.0000000e+00    2.7689223e+01
 0.0000000e+00    2.7739348e+01
 0.0000000e+00    2.7789474e+01
 0.0000000e+00    2.7839599e+01
 0.0000000e+00    2.7889724e+01
 0.0000000e+00    2.7939850e+01
 0.0000000e+00    2.7989975e+01
 0.0000000e+00    2.8040100e+01
 0.0000000e+00    2.8090226e+01
 0.0000000e+00    2.8140351e+01
 0.0000000e+00    2.8190476e+01
 0.0000000e+00    2.8240602e+01
 0.0000000e+00    2.8290727e+01
 0.0000000e+00    2.8340852e+01
 0.0000000e+00    2.8390977e+01
 0.0000000e+00    2.8441103e+01
 0.0000000e+00    2.8491228e+01
 0.0000000e+00    2.8541353e+01
 0.0000000e+00    2.8591479e+01
 0.0000000e+00    2.8641604e+01
 0.0000000e+00    2.8691729e+01
 0.0000000e+00    2.8741855e+01
 0.0000000e+00    2.8791980e+01
 0.0000000e+00    2.8842105e+01
 0.0000000e+00    2.8892231e+01
 0.0000000e+00    2.8942356e+01
 0.0000000e+00    2.8992481e+01
 0.0000000e+00    2.9042607e+01
 0.0000000e+00    2.9092732e+01
 0.0000000e+00    2.9142857e+01
 0.0000000e+00    2.9192982e+01
 0.0000000e+00    2.9243108e+01
 0.0000000e+00    2.9293233e+01
 0.0000000e+00    2.9343358e+01
 0.0000000e+00    2.9393484e+01
 0.0000000e+00    2.9443609e+01
 0.0000000e+00    2.9493734e+01
 0.0000000e+00    2.9543860e+01
 0.0000000e+00    2.9593985e+01
 0.0000000e+00    2.9644110e+01
 0.0000000e+00    2.9694236e+01
 0.0000000e+00    2.9744361e+01
 0.0000000e+00    2.9794486e+01
 0.0000000e+00    2.9844612e+01
 0.0000000e+00    2.9894737e+01
 0.0000000e+00    2.9944862e+01
 0.0000000e+00    2.9994987e+01
 0.0000000e+00    3.0045113e+01
 0.0000000e+00    3.0095238e+01
 0.0000000e+00    3.0145363e+01
 0.0000000e+00    3.0195489e+01
 0.0000000e+00    3.0245614e+01
 0.0000000e+00    3.0295739e+01
 0.0000000e+00    3.0345865e+01
 0.0000000e+00    3.0395990e+01
 0.0000000e+00    3.0446115e+01
 0.0000000e+00    3.0496241e+01
 0.0000000e+00    3.0546366e+01
 0.0000000e+00    3.0596491e+01
 0.0000000e+00    3.0646617e+01
 0.0000000e+00    3.0696742e+01
 0.0000000e+00    3.0746867e+01
 0.0000000e+00    3.0796992e+01
 0.0000000e+00    3.0847118e+01
 0.0000000e+00    3.0897243e+01
 0.0000000e+00    3.0947368e+01
 0.0000000e+00    3.0997494e+01
 0.0000000e+00    3.1047619e+01
 0.0000000e+00    3.1097744e+01
 0.0000000e+00    3.1147870e+01
 0.0000000e+00    3.1197995e+01
 0.0000000e+00    3.1248120e+01
 0.0000000e+00    3.1298246e+01
 0.0000000e+00    3.1348371e+01
 0.0000000e+00    3.1398496e+01
 0.0000000e+00    3.1448622e+01
 0.0000000e+00    3.1498747e+01
 0.0000000e+00    3.1548872e+01
 0.0000000e+00    3.1598997e+01
 0.0000000e+00    3.1649123e+01
 0.0000000e+00    3.1699248e+01
 0.0000000e+00    3.1749373e+01
 0.0000000e+00    3.1799499e+01
 0.0000000e+00    3.1849624e+01
 0.0000000e+00    3.1899749e+01
 0.0000000e+00    3.1949875e+01
 0.0000000e+00    3.2000000e+01
