-1.61035 0.0249211
-1.61401 0.0292969

-1.60547 0.0221217
-1.60908 0.0244141

-1.61035 0.0252428
-1.6092 0.0244141

-1.6142 0.0292969
-1.61478 0.0341797

-1.6149 0.0341797
-1.6112 0.0390625

-1.5957 0.0185617
-1.59782 0.0195312

-1.58632 0
-1.58657 0.00488281

-1.58636 0.00488281
-1.58754 0.00976562

-1.5957 0.0189284
-1.59082 0.0150405

-1.58721 0.00976562
-1.5904 0.0146484

-1.59082 0.0152634
-1.59025 0.0146484

-1.60547 0.0224822
-1.60059 0.0204449

-1.60059 0.0206251
-1.5982 0.0195312

-1.59082 0.0381549
-1.59238 0.0390625

-1.58594 0.0331178
-1.58679 0.0341797

-1.59082 0.0383409
-1.58644 0.0341797

-1.61124 0.0390625
-1.61035 0.0397543

-1.61035 0.0393824
-1.60547 0.0418781

-1.60547 0.04168
-1.60059 0.0421901

-1.60059 0.0421956
-1.5957 0.0411055

-1.5957 0.0412284
-1.59193 0.0390625

-1.57617 0.0187066
-1.57665 0.0195312

-1.56641 0.00669181
-1.57102 0.00976562

-1.57129 0.0105607
-1.57438 0.0146484

-1.57617 0.0186478
-1.57378 0.0146484

-1.57129 0.0110874
-1.56977 0.00976562

-1.58105 0.0261295
-1.5832 0.0292969

-1.57665 0.0195312
-1.5798 0.0244141

-1.58105 0.0262326
-1.57984 0.0244141

-1.58594 0.0331883
-1.58298 0.0292969

-1.56641 0.00731556
-1.56152 0.00637685

-1.56152 0.00660965
-1.55664 0.00667512

-1.55664 0.00680449
-1.55176 0.00714979

-1.55176 0.00719296
-1.54688 0.00747302

-1.54688 0.00750996
-1.54199 0.0075646

-1.54199 0.00756322
-1.53711 0.00732134

-1.53711 0.00728186
-1.53223 0.00682517

-1.53223 0.00679177
-1.52734 0.00626605

-1.52734 0.00624852
-1.52246 0.00575564

-1.52246 0.00575691
-1.51758 0.0053294

-1.51758 0.00541051
-1.5127 0.00488361

-1.50781 0.00398825
-1.51214 0.00488281

-1.5127 0.00494449
-1.51217 0.00488281

-1.50781 0.00447377
-1.50293 0.00353925

-1.50293 0.00396174
-1.49805 0.00314462

-1.49805 0.00326412
-1.49316 0.00315125

-1.49316 0.00444909
-1.48828 0.00245048

-1.4851 0
-1.48825 0.00488281

-1.47631 0
-1.47508 0.00488281

-1.47367 0.00488281
-1.47374 0.00976562

-1.47363 0.0040253
-1.47342 0.00488281

-1.4731 0.00488281
-1.47318 0.00976562

-1.47514 0.00976562
-1.47653 0.0146484

-1.47625 0.0146484
-1.47574 0.0195312

-1.47559 0.0195312
-1.47404 0.0244141

-1.47409 0.0244141
-1.47363 0.0254464

-1.47363 0.0251313
-1.47179 0.0292969

-1.47177 0.0292969
-1.4692 0.0341797

-1.46929 0.0341797
-1.46875 0.0351113

-1.46875 0.034892
-1.46631 0.0390625

-1.46632 0.0390625
-1.46387 0.0429215

-1.46387 0.0428569
-1.46318 0.0439453

-1.46319 0.0439453
-1.4599 0.0488281

-1.45995 0.0488281
-1.45898 0.0502336

-1.45898 0.050092
-1.45642 0.0537109

-1.45645 0.0537109
-1.4541 0.0568794

-1.4541 0.0568151
-1.4528 0.0585938

-1.45281 0.0585938
-1.44922 0.0632188

-1.44922 0.0634766
-1.44922 0.0634843

-1.44922 0.0632068
-1.44901 0.0634766

-1.44901 0.0634766
-1.44507 0.0683594

-1.44513 0.0683594
-1.44434 0.0693198

-1.44434 0.0692197
-1.44097 0.0732422

-1.441 0.0732422
-1.43945 0.0750589

-1.43945 0.0749645
-1.43674 0.078125

-1.43675 0.078125
-1.43457 0.0806039

-1.43457 0.0805306
-1.43237 0.0830078

-1.43238 0.0830078
-1.42969 0.0859855

-1.42969 0.0859289
-1.42789 0.0878906

-1.42789 0.0878906
-1.4248 0.0912321

-1.4248 0.0911848
-1.42331 0.0927734

-1.42332 0.0927734
-1.41992 0.0963695

-1.41992 0.0963301
-1.41865 0.0976562

-1.41866 0.0976562
-1.41504 0.101427

-1.41504 0.101394
-1.41393 0.102539

-1.41393 0.102539
-1.41016 0.106425

-1.41016 0.106399
-1.40915 0.107422

-1.40916 0.107422
-1.40527 0.111382

-1.40527 0.111361
-1.40434 0.112305

-1.40435 0.112305
-1.40039 0.116305

-1.40039 0.11629
-1.3995 0.117188

-1.39951 0.117188
-1.39551 0.121201

-1.39551 0.121189
-1.39463 0.12207

-1.39464 0.12207
-1.39062 0.126073

-1.39062 0.126063
-1.38973 0.126953

-1.38974 0.126953
-1.38574 0.130923

-1.38574 0.130916
-1.38481 0.131836

-1.38483 0.131836
-1.38086 0.135755

-1.38086 0.135751
-1.37988 0.136719

-1.37989 0.136719
-1.37598 0.140569

-1.37598 0.140565
-1.37492 0.141602

-1.37494 0.141602
-1.37109 0.145364

-1.37109 0.145361
-1.36995 0.146484

-1.36997 0.146484
-1.36621 0.150142

-1.36621 0.15014
-1.36495 0.151367

-1.36497 0.151367
-1.36133 0.154906

-1.36133 0.154903
-1.35994 0.15625

-1.35996 0.15625
-1.35645 0.159658

-1.35645 0.159655
-1.35492 0.161133

-1.35494 0.161133
-1.35156 0.164402

-1.35156 0.164399
-1.3499 0.166016

-1.34992 0.166016
-1.34668 0.169142

-1.34668 0.169138
-1.34486 0.170898

-1.34488 0.170898
-1.3418 0.173876

-1.3418 0.173871
-1.33982 0.175781

-1.33984 0.175781
-1.33691 0.178604

-1.33691 0.178598
-1.33477 0.180664

-1.3348 0.180664
-1.33203 0.183325

-1.33203 0.18332
-1.32972 0.185547

-1.32974 0.185547
-1.32715 0.188037

-1.32715 0.188031
-1.32465 0.19043

-1.32467 0.19043
-1.32227 0.192734

-1.32227 0.192729
-1.31956 0.195312

-1.31958 0.195312
-1.31738 0.197413

-1.31738 0.197408
-1.31445 0.200195

-1.31448 0.200195
-1.3125 0.202073

-1.3125 0.202069
-1.30931 0.205078

-1.30935 0.205078
-1.30762 0.206717

-1.30762 0.206714
-1.30416 0.209961

-1.3042 0.209961
-1.30273 0.211346

-1.30273 0.211343
-1.299 0.214844

-1.29904 0.214844
-1.29785 0.215964

-1.29785 0.215952
-1.29383 0.219727

-1.29387 0.219727
-1.29297 0.220573

-1.29297 0.220553
-1.28866 0.224609

-1.28869 0.224609
-1.28809 0.225176

-1.28809 0.225152
-1.28348 0.229492

-1.2835 0.229492
-1.2832 0.229775

-1.2832 0.229749
-1.27832 0.234342

-1.27832 0.234342
-1.27829 0.234375

-1.27829 0.234375
-1.27344 0.238931

-1.27344 0.238929
-1.27309 0.239258

-1.27309 0.239258
-1.26855 0.243514

-1.26855 0.24351
-1.26788 0.244141

-1.26789 0.244141
-1.26367 0.248086

-1.26367 0.248084
-1.26267 0.249023

-1.26268 0.249023
-1.25879 0.252646

-1.25879 0.252651
-1.25744 0.253906

-1.25747 0.253906
-1.25391 0.257193

-1.25391 0.257208
-1.2522 0.258789

-1.25223 0.258789
-1.24902 0.261741

-1.24902 0.261756
-1.24695 0.263672

-1.24697 0.263672
-1.24414 0.266281

-1.24414 0.266294
-1.24169 0.268555

-1.24171 0.268555
-1.23926 0.27081

-1.23926 0.270822
-1.2364 0.273438

-1.23643 0.273438
-1.23438 0.275325

-1.23438 0.275339
-1.2311 0.27832

-1.23114 0.27832
-1.22949 0.279827

-1.22949 0.279831
-1.2258 0.283203

-1.22582 0.283203
-1.22461 0.284315

-1.22461 0.284307
-1.22048 0.288086

-1.2205 0.288086
-1.21973 0.288789

-1.21973 0.288775
-1.21513 0.292969

-1.21515 0.292969
-1.21484 0.293247

-1.21484 0.29323
-1.20996 0.29767

-1.20996 0.297669
-1.20976 0.297852

-1.20976 0.297852
-1.20508 0.302097

-1.20508 0.302094
-1.20437 0.302734

-1.20437 0.302734
-1.2002 0.30651

-1.2002 0.306507
-1.19896 0.307617

-1.19898 0.307617
-1.19531 0.310902

-1.19531 0.31091
-1.19353 0.3125

-1.19357 0.3125
-1.19043 0.315275

-1.19043 0.315302
-1.18809 0.317383

-1.18811 0.317383
-1.18555 0.319656

-1.18555 0.319683
-1.18262 0.322266

-1.18265 0.322266
-1.18066 0.324023

-1.18066 0.324036
-1.17714 0.327148

-1.17717 0.327148
-1.17578 0.328375

-1.17578 0.328372
-1.17165 0.332031

-1.17167 0.332031
-1.1709 0.332711

-1.1709 0.332703
-1.16613 0.336914

-1.16615 0.336914
-1.16602 0.33703

-1.16602 0.337017
-1.16113 0.341315

-1.16113 0.341313
-1.16058 0.341797

-1.16058 0.341797
-1.15625 0.345594

-1.15625 0.345591
-1.155 0.34668

-1.15501 0.34668
-1.15137 0.34985

-1.15137 0.349857
-1.14939 0.351562

-1.14942 0.351562
-1.14648 0.354074

-1.14648 0.35411
-1.14375 0.356445

-1.14378 0.356445
-1.1416 0.358308

-1.1416 0.358322
-1.1381 0.361328

-1.13812 0.361328
-1.13672 0.362525

-1.13672 0.362526
-1.13243 0.366211

-1.13244 0.366211
-1.13184 0.366727

-1.13184 0.366721
-1.12695 0.370903

-1.12695 0.370902
-1.12673 0.371094

-1.12673 0.371094
-1.12207 0.375071

-1.12207 0.375069
-1.121 0.375977

-1.12101 0.375977
-1.11719 0.379224

-1.11719 0.379229
-1.11525 0.380859

-1.11528 0.380859
-1.1123 0.383348

-1.1123 0.383378
-1.10946 0.385742

-1.1095 0.385742
-1.10742 0.387472

-1.10742 0.387483
-1.10368 0.390625

-1.10369 0.390625
-1.10254 0.391586

-1.10254 0.391586
-1.09786 0.395508

-1.09786 0.395508
-1.09766 0.395682

-1.09766 0.395674
-1.09277 0.399748

-1.09277 0.399748
-1.092 0.400391

-1.092 0.400391
-1.08789 0.403807

-1.08789 0.40381
-1.0861 0.405273

-1.08613 0.405273
-1.08301 0.407839

-1.08301 0.407857
-1.08018 0.410156

-1.08021 0.410156
-1.07812 0.411849

-1.07812 0.41186
-1.07424 0.415039

-1.07425 0.415039
-1.07324 0.415857

-1.07324 0.415855
-1.06836 0.419839

-1.06836 0.419839
-1.06826 0.419922

-1.06826 0.419922
-1.06348 0.423815

-1.06348 0.423817
-1.06225 0.424805

-1.06226 0.424805
-1.05859 0.427784

-1.05859 0.427799
-1.05622 0.429688

-1.05626 0.429688
-1.05371 0.431723

-1.05371 0.431738
-1.0502 0.43457

-1.05021 0.43457
-1.04883 0.435671

-1.04883 0.435676
-1.04413 0.439453

-1.04414 0.439453
-1.04395 0.439605

-1.04395 0.439602
-1.03906 0.443513

-1.03906 0.443515
-1.03803 0.444336

-1.03803 0.444336
-1.03418 0.447408

-1.03418 0.447419
-1.03187 0.449219

-1.03191 0.449219
-1.0293 0.451268

-1.0293 0.451274
-1.02571 0.454102

-1.02572 0.454102
-1.02441 0.455121

-1.02441 0.455125
-1.01953 0.458967

-1.01953 0.458969
-1.01951 0.458984

-1.01951 0.458984
-1.01465 0.4628

-1.01465 0.462804
-1.01327 0.463867

-1.01329 0.463867
-1.00977 0.466618

-1.00977 0.466619
-1.00701 0.46875

-1.00704 0.46875
-1.00488 0.470398

-1.00488 0.470411
-1.00073 0.473633

-1.00073 0.473633
-1 0.474194

-1 0.474196
-0.995117 0.477973

-0.995117 0.477975
-0.994411 0.478516

-0.994417 0.478516
-0.990234 0.481742

-0.990234 0.48175
-0.988055 0.483398

-0.988089 0.483398
-0.985352 0.485492

-0.985352 0.485494
-0.981717 0.488281

-0.981724 0.488281
-0.980469 0.48923

-0.980469 0.489238
-0.975586 0.492975

-0.975586 0.492977
-0.975339 0.493164

-0.975341 0.493164
-0.970703 0.496701

-0.970703 0.496708
-0.968906 0.498047

-0.968933 0.498047
-0.96582 0.500408

-0.96582 0.500404
-0.962481 0.50293

-0.962497 0.50293
-0.960938 0.504087

-0.960938 0.504096
-0.956055 0.507781

-0.956055 0.507782
-0.956015 0.507812

-0.956015 0.507812
-0.951172 0.511458

-0.951172 0.511466
-0.949502 0.512695

-0.949525 0.512695
-0.946289 0.515124

-0.946289 0.515121
-0.943007 0.517578

-0.943023 0.517578
-0.941406 0.518764

-0.941406 0.518776
-0.936523 0.522424

-0.936523 0.522426
-0.936476 0.522461

-0.936476 0.522461
-0.931641 0.526063

-0.931641 0.526072
-0.92989 0.527344

-0.929917 0.527344
-0.926758 0.529689

-0.926758 0.529686
-0.923329 0.532227

-0.923343 0.532227
-0.921875 0.533292

-0.921875 0.533302
-0.916992 0.536915

-0.916992 0.536917
-0.916729 0.537109

-0.916731 0.537109
-0.912109 0.540521

-0.912109 0.540525
-0.91009 0.541992

-0.910115 0.541992
-0.907227 0.544117

-0.907227 0.544116
-0.903472 0.546875

-0.90348 0.546875
-0.902344 0.547695

-0.902344 0.547704
-0.897461 0.551285

-0.897461 0.551288
-0.896811 0.551758

-0.896817 0.551758
-0.892578 0.55486

-0.892578 0.554858
-0.890125 0.556641

-0.890145 0.556641
-0.887695 0.558421

-0.887695 0.558422
-0.883441 0.561523

-0.883437 0.561523
-0.882812 0.561972

-0.882812 0.561981
-0.87793 0.565537

-0.87793 0.565543
-0.87672 0.566406

-0.876736 0.566406
-0.873047 0.569088

-0.873047 0.569086
-0.870013 0.571289

-0.870031 0.571289
-0.868164 0.572624

-0.868164 0.572632
-0.863284 0.576172

-0.863281 0.576175
-0.858398 0.579712

-0.858398 0.579716
-0.856521 0.581055

-0.856543 0.581055
-0.853516 0.583244

-0.853516 0.583243
-0.849787 0.585938

-0.84979 0.585938
-0.848633 0.586757

-0.848633 0.58677
-0.84375 0.590297

-0.84375 0.5903
-0.843017 0.59082

-0.843026 0.59082
-0.838867 0.59382

-0.838867 0.593817
-0.836247 0.595703

-0.836264 0.595703
-0.833984 0.597337

-0.833984 0.597337
-0.829474 0.600586

-0.829468 0.600586
-0.829102 0.600846

-0.829102 0.600855
-0.824219 0.604369

-0.824219 0.604376
-0.822666 0.605469

-0.82269 0.605469
-0.819336 0.607881

-0.819336 0.607881
-0.8159 0.610352

-0.815909 0.610352
-0.814453 0.611374

-0.814453 0.61139
-0.80957 0.614901

-0.80957 0.614904
-0.809104 0.615234

-0.809109 0.615234
-0.804688 0.618413

-0.804688 0.618412
-0.802307 0.620117

-0.802324 0.620117
-0.799805 0.621924

-0.799805 0.621923
-0.795524 0.625

-0.795514 0.625
-0.794922 0.625419

-0.794922 0.625432
-0.790039 0.628941

-0.790039 0.628947
-0.788707 0.629883

-0.788728 0.629883
-0.785156 0.632449

-0.785156 0.632449
-0.781933 0.634766

-0.781942 0.634766
-0.780273 0.635943

-0.780273 0.635956
-0.775391 0.639467

-0.775391 0.639469
-0.775139 0.639648

-0.775141 0.639648
-0.770508 0.64298

-0.770508 0.642982
-0.768338 0.644531

-0.768355 0.644531
-0.765625 0.646493

-0.765625 0.646492
-0.761564 0.649414

-0.761556 0.649414
-0.760742 0.64999

-0.760742 0.650004
-0.755859 0.65352

-0.755859 0.653524
-0.754766 0.654297

-0.754781 0.654297
-0.750977 0.657038

-0.750977 0.657039
-0.748007 0.65918

-0.748012 0.65918
-0.746094 0.660545

-0.746094 0.660557
-0.741236 0.664062

-0.741237 0.664062
-0.741211 0.664081

-0.741211 0.664082
-0.736328 0.667608

-0.736328 0.667611
-0.734456 0.668945

-0.734481 0.668945
-0.731445 0.671138

-0.731445 0.671139
-0.727725 0.673828

-0.727713 0.673828
-0.726562 0.674643

-0.726562 0.674665
-0.72168 0.678198

-0.72168 0.6782
-0.720964 0.678711

-0.720972 0.678711
-0.716797 0.681734

-0.716797 0.681736
-0.714229 0.683594

-0.714237 0.683594
-0.711914 0.685269

-0.711914 0.685274
-0.707504 0.688477

-0.707503 0.688477
-0.707031 0.688815

-0.707031 0.688821
-0.702148 0.69237

-0.702148 0.692377
-0.70077 0.693359

-0.700789 0.693359
-0.697266 0.695922

-0.697266 0.695926
-0.694085 0.698242

-0.69408 0.698242
-0.692383 0.699454

-0.692383 0.699475
-0.6875 0.703036

-0.6875 0.703037
-0.687378 0.703125

-0.687379 0.703125
-0.682617 0.706602

-0.682617 0.706609
-0.680677 0.708008

-0.680695 0.708008
-0.677734 0.710173

-0.677734 0.710175
-0.674028 0.712891

-0.674023 0.712891
-0.672852 0.713733

-0.672852 0.713749
-0.667969 0.717332

-0.667969 0.717333
-0.667362 0.717773

-0.667371 0.717773
-0.663086 0.720921

-0.663086 0.720931
-0.660726 0.722656

-0.66072 0.722656
-0.658203 0.724501

-0.658203 0.724512
-0.654095 0.727539

-0.654092 0.727539
-0.65332 0.7281

-0.65332 0.728108
-0.648438 0.731712

-0.648438 0.731713
-0.647464 0.732422

-0.647481 0.732422
-0.643555 0.735326

-0.643555 0.735332
-0.640886 0.737305

-0.640885 0.737305
-0.638672 0.738929

-0.638672 0.738944
-0.634305 0.742188

-0.634306 0.742188
-0.633789 0.742567

-0.633789 0.742571
-0.628906 0.746203

-0.628906 0.746207
-0.627729 0.74707

-0.627743 0.74707
-0.624023 0.749841

-0.624023 0.749849
-0.6212 0.751953

-0.621192 0.751953
-0.619141 0.753462

-0.619141 0.753484
-0.614663 0.756836

-0.614662 0.756836
-0.614258 0.757137

-0.614258 0.75714
-0.609375 0.760806

-0.609375 0.760811
-0.60815 0.761719

-0.608164 0.761719
-0.604492 0.764484

-0.604492 0.764491
-0.60169 0.766602

-0.601691 0.766602
-0.599609 0.768149

-0.599609 0.76817
-0.595231 0.771484

-0.595231 0.771484
-0.594727 0.771864

-0.594727 0.771866
-0.589844 0.775571

-0.589844 0.775575
-0.588788 0.776367

-0.588796 0.776367
-0.584961 0.779282

-0.584961 0.779294
-0.582378 0.78125

-0.582378 0.78125
-0.580078 0.782983

-0.580078 0.783002
-0.575983 0.786133

-0.575981 0.786133
-0.575195 0.786729

-0.575195 0.786734
-0.570312 0.790478

-0.570312 0.79048
-0.56961 0.791016

-0.569616 0.791016
-0.56543 0.794235

-0.56543 0.794254
-0.56326 0.795898

-0.563271 0.795898
-0.560547 0.797989

-0.560547 0.798003
-0.556958 0.800781

-0.556954 0.800781
-0.555664 0.801767

-0.555664 0.801779
-0.550781 0.805569

-0.550781 0.80557
-0.55066 0.805664

-0.550661 0.805664
-0.545898 0.809371

-0.545898 0.809385
-0.544388 0.810547

-0.544386 0.810547
-0.541016 0.813178

-0.541016 0.813192
-0.538149 0.81543

-0.538159 0.81543
-0.536133 0.816992

-0.536133 0.817012
-0.531945 0.820312

-0.531943 0.820312
-0.53125 0.820856

-0.53125 0.820859
-0.526367 0.824725

-0.526367 0.824726
-0.525772 0.825195

-0.525778 0.825195
-0.521484 0.828606

-0.521484 0.828626
-0.519631 0.830078

-0.51963 0.830078
-0.516602 0.832482

-0.516602 0.832502
-0.513517 0.834961

-0.513527 0.834961
-0.511719 0.836389

-0.511719 0.836402
-0.507432 0.839844

-0.50743 0.839844
-0.506836 0.840319

-0.506836 0.840322
-0.501953 0.844258

-0.501953 0.844261
-0.501374 0.844727

-0.501374 0.844727
-0.49707 0.848208

-0.49707 0.848223
-0.495341 0.849609

-0.495344 0.849609
-0.492188 0.852165

-0.492188 0.852189
-0.48934 0.854492

-0.489356 0.854492
-0.487305 0.856145

-0.487305 0.856163
-0.483393 0.859375

-0.48339 0.859375
-0.482422 0.860166

-0.482422 0.860172
-0.477539 0.864199

-0.477539 0.864206
-0.477477 0.864258

-0.477468 0.864258
-0.472656 0.868242

-0.472656 0.868253
-0.471581 0.869141

-0.471575 0.869141
-0.467773 0.872302

-0.467773 0.872319
-0.465707 0.874023

-0.465727 0.874023
-0.462891 0.876366

-0.462891 0.876401
-0.45988 0.878906

-0.459887 0.878906
-0.458008 0.880471

-0.458008 0.880488
-0.4541 0.883789

-0.454096 0.883789
-0.453125 0.884608

-0.453125 0.884614
-0.448345 0.888672

-0.448342 0.888672
-0.448242 0.888757

-0.448242 0.888757
-0.443359 0.892924

-0.443359 0.892927
-0.442624 0.893555

-0.442626 0.893555
-0.438477 0.897115

-0.438477 0.897124
-0.436942 0.898438

-0.43695 0.898438
-0.433594 0.901316

-0.433594 0.90134
-0.431281 0.90332

-0.431308 0.90332
-0.428711 0.905544

-0.428711 0.90558
-0.425659 0.908203

-0.42568 0.908203
-0.423828 0.909807

-0.423828 0.909822
-0.420094 0.913086

-0.420094 0.913086
-0.418945 0.914091

-0.418945 0.914095
-0.414547 0.917969

-0.414543 0.917969
-0.414062 0.918393

-0.414062 0.918395
-0.40918 0.922717

-0.40918 0.922731
-0.409044 0.922852

-0.409026 0.922852
-0.404297 0.927064

-0.404297 0.927076
-0.403561 0.927734

-0.40355 0.927734
-0.399414 0.931443

-0.399414 0.931459
-0.398124 0.932617

-0.398122 0.932617
-0.394531 0.93584

-0.394531 0.935863
-0.392716 0.9375

-0.392733 0.9375
-0.389648 0.940271

-0.389648 0.940299
-0.387349 0.942383

-0.387364 0.942383
-0.384766 0.944741

-0.384766 0.944766
-0.382021 0.947266

-0.382033 0.947266
-0.379883 0.949236

-0.379883 0.949262
-0.376732 0.952148

-0.376748 0.952148
-0.375 0.953766

-0.375 0.95379
-0.371485 0.957031

-0.371501 0.957031
-0.370117 0.958323

-0.370117 0.958338
-0.366288 0.961914

-0.366294 0.961914
-0.365234 0.962912

-0.365234 0.962921
-0.361127 0.966797

-0.361129 0.966797
-0.360352 0.967534

-0.360352 0.967538
-0.356 0.97168

-0.355998 0.97168
-0.355469 0.972185

-0.355469 0.972187
-0.350908 0.976562

-0.350906 0.976562
-0.350586 0.976871

-0.350586 0.976872
-0.345854 0.981445

-0.345853 0.981445
-0.345703 0.98159

-0.345703 0.981591
-0.340839 0.986328

-0.340838 0.986328
-0.34082 0.986346

-0.34082 0.986346
-0.335938 0.991138

-0.335938 0.991153
-0.335879 0.991211

-0.335864 0.991211
-0.331055 0.995965

-0.331055 0.995984
-0.330944 0.996094

-0.330925 0.996094
-0.326172 1.00083

-0.326172 1.00085
-0.326041 1.00098

-0.326022 1.00098
-0.321289 1.00573

-0.321289 1.00575
-0.321176 1.00586

-0.321158 1.00586
-0.316406 1.01067

-0.316406 1.01069
-0.316356 1.01074

-0.316331 1.01074
-0.31154 1.01562

-0.31154 1.01562
-0.311523 1.01564

-0.311523 1.01564
-0.306787 1.02051

-0.306786 1.02051
-0.306641 1.02066

-0.306641 1.02066
-0.302072 1.02539

-0.302072 1.02539
-0.301758 1.02572

-0.301758 1.02572
-0.297397 1.03027

-0.297396 1.03027
-0.296875 1.03082

-0.296875 1.03082
-0.292763 1.03516

-0.292758 1.03516
-0.291992 1.03597

-0.291992 1.03597
-0.288168 1.04004

-0.288158 1.04004
-0.287109 1.04116

-0.287109 1.04115
-0.283615 1.04492

-0.283594 1.04492
-0.282227 1.0464

-0.282227 1.04639
-0.279102 1.0498

-0.279069 1.0498
-0.277344 1.05169

-0.277344 1.05168
-0.274617 1.05469

-0.274582 1.05469
-0.272461 1.05703

-0.272461 1.05703
-0.270172 1.05957

-0.270132 1.05957
-0.267578 1.06243

-0.267578 1.06243
-0.265767 1.06445

-0.265728 1.06445
-0.262695 1.06787

-0.262695 1.06789
-0.261409 1.06934

-0.26138 1.06934
-0.257812 1.07337

-0.257812 1.07338
-0.257075 1.07422

-0.257058 1.07422
-0.25293 1.07892

-0.25293 1.07896
-0.252804 1.0791

-0.252777 1.0791
-0.248532 1.08398

-0.248531 1.08398
-0.248047 1.08455

-0.248047 1.08455
-0.244325 1.08887

-0.24432 1.08887
-0.243164 1.09022

-0.243164 1.09022
-0.240161 1.09375

-0.240138 1.09375
-0.238281 1.09597

-0.238281 1.09594
-0.236047 1.09863

-0.236008 1.09863
-0.233398 1.10176

-0.233398 1.10176
-0.231944 1.10352

-0.231921 1.10352
-0.228516 1.10761

-0.228516 1.10764
-0.227887 1.1084

-0.227865 1.1084
-0.223843 1.11328

-0.223843 1.11328
-0.223633 1.11354

-0.223633 1.11354
-0.219858 1.11816

-0.219852 1.11816
-0.21875 1.11954

-0.21875 1.11954
-0.215913 1.12305

-0.215893 1.12305
-0.213867 1.12561

-0.213867 1.12558
-0.212026 1.12793

-0.211996 1.12793
-0.208984 1.13173

-0.208984 1.13175
-0.208154 1.13281

-0.208131 1.13281
-0.204297 1.1377

-0.204296 1.1377
-0.204102 1.13795

-0.204102 1.13795
-0.200499 1.14258

-0.200486 1.14258
-0.199219 1.14425

-0.199219 1.14424
-0.196739 1.14746

-0.196731 1.14746
-0.194336 1.1506

-0.194336 1.1506
-0.193037 1.15234

-0.193013 1.15234
-0.189453 1.15706

-0.189453 1.15709
-0.189354 1.15723

-0.189331 1.15723
-0.185683 1.16211

-0.18567 1.16211
-0.18457 1.16362

-0.18457 1.16361
-0.182072 1.16699

-0.182066 1.16699
-0.179688 1.17024

-0.179688 1.17024
-0.178519 1.17188

-0.178496 1.17188
-0.174958 1.17676

-0.174957 1.17676
-0.174805 1.17697

-0.174805 1.17697
-0.171455 1.18164

-0.171448 1.18164
-0.169922 1.1838

-0.169922 1.1838
-0.167991 1.18652

-0.167985 1.18652
-0.165039 1.19072

-0.165039 1.19073
-0.164577 1.19141

-0.16456 1.19141
-0.161168 1.19629

-0.161158 1.19629
-0.160156 1.19777

-0.160156 1.19776
-0.157811 1.20117

-0.157806 1.20117
-0.155273 1.2049

-0.155273 1.2049
-0.154508 1.20605

-0.154489 1.20605
-0.151203 1.21094

-0.151194 1.21094
-0.150391 1.21216

-0.150391 1.21216
-0.147952 1.21582

-0.147948 1.21582
-0.145508 1.21953

-0.145508 1.21953
-0.14475 1.2207

-0.144737 1.2207
-0.14156 1.22559

-0.141555 1.22559
-0.140625 1.22704

-0.140625 1.22704
-0.138417 1.23047

-0.138414 1.23047
-0.135742 1.23467

-0.135742 1.23468
-0.135325 1.23535

-0.135309 1.23535
-0.132237 1.24023

-0.132234 1.24023
-0.130859 1.24244

-0.130859 1.24245
-0.129202 1.24512

-0.1292 1.24512
-0.126197 1.25

-0.126195 1.25
-0.125977 1.25037

-0.125977 1.25036
-0.12323 1.25488

-0.123228 1.25488
-0.121094 1.25844

-0.121094 1.25845
-0.120305 1.25977

-0.120298 1.25977
-0.117401 1.26465

-0.117398 1.26465
-0.116211 1.26667

-0.116211 1.26668
-0.11454 1.26953

-0.114538 1.26953
-0.111711 1.27441

-0.111709 1.27441
-0.111328 1.27508

-0.111328 1.27508
-0.108918 1.2793

-0.108916 1.2793
-0.106445 1.28367

-0.106445 1.28369
-0.106168 1.28418

-0.106158 1.28418
-0.103433 1.28906

-0.10343 1.28906
-0.101562 1.29245

-0.101562 1.29246
-0.100746 1.29395

-0.100741 1.29395
-0.0980842 1.29883

-0.0980814 1.29883
-0.0966797 1.30144

-0.0966797 1.30145
-0.0954639 1.30371

-0.0954614 1.30371
-0.0928732 1.30859

-0.0928707 1.30859
-0.0917969 1.31065

-0.0917969 1.31065
-0.0903209 1.31348

-0.0903192 1.31348
-0.0877991 1.31836

-0.0877969 1.31836
-0.0869141 1.32009

-0.0869141 1.3201
-0.0853139 1.32324

-0.0853129 1.32324
-0.0828604 1.32812

-0.0828582 1.32812
-0.0820312 1.32979

-0.0820312 1.3298
-0.0804422 1.33301

-0.0804412 1.33301
-0.0780554 1.33789

-0.0780533 1.33789
-0.0771484 1.33977

-0.0771484 1.33978
-0.0757042 1.34277

-0.0757031 1.34277
-0.0733837 1.34766

-0.0733812 1.34766
-0.0722656 1.35004

-0.0722656 1.35005
-0.0710991 1.35254

-0.071097 1.35254
-0.0688432 1.35742

-0.068841 1.35742
-0.0673828 1.36063

-0.0673828 1.36064
-0.066626 1.3623

-0.0666225 1.3623
-0.0644346 1.36719

-0.0644333 1.36719
-0.0625 1.37157

-0.0625 1.37159
-0.0622882 1.37207

-0.0622798 1.37207
-0.0601575 1.37695

-0.0601573 1.37695
-0.058067 1.38184

-0.0580654 1.38184
-0.0576172 1.3829

-0.0576172 1.3829
-0.0560093 1.38672

-0.0560089 1.38672
-0.0539837 1.3916

-0.0539817 1.3916
-0.0527344 1.39466

-0.0527344 1.39467
-0.0519945 1.39648

-0.0519912 1.39648
-0.0500309 1.40137

-0.0500309 1.40137
-0.0481026 1.40625

-0.0481016 1.40625
-0.0478516 1.40689

-0.0478516 1.4069
-0.0462066 1.41113

-0.0462066 1.41113
-0.0443427 1.41602

-0.0443411 1.41602
-0.0429688 1.41967

-0.0429688 1.41969
-0.0425152 1.4209

-0.0425108 1.4209
-0.040711 1.42578

-0.040711 1.42578
-0.0389428 1.43066

-0.0389407 1.43066
-0.0380859 1.43307

-0.0380859 1.43308
-0.0372083 1.43555

-0.0372064 1.43555
-0.0355019 1.44043

-0.0355021 1.44043
-0.033829 1.44531

-0.033827 1.44531
-0.0332031 1.44717

-0.0332031 1.44718
-0.0321883 1.4502

-0.0321871 1.4502
-0.0305773 1.45508

-0.0305775 1.45508
-0.0289992 1.45996

-0.0289973 1.45996
-0.0283203 1.4621

-0.0283203 1.46211
-0.0274537 1.46484

-0.0274523 1.46484
-0.0259366 1.46973

-0.0259367 1.46973
-0.0244519 1.47461

-0.0244502 1.47461
-0.0234375 1.47801

-0.0234375 1.47803
-0.0230015 1.47949

-0.0229978 1.47949
-0.0215749 1.48438

-0.0215748 1.48438
-0.0201832 1.48926

-0.0201833 1.48926
-0.0188229 1.49414

-0.0188217 1.49414
-0.0185547 1.49512

-0.0185547 1.49513
-0.0174937 1.49902

-0.0174935 1.49902
-0.0161949 1.50391

-0.016195 1.50391
-0.0149271 1.50879

-0.014927 1.50879
-0.0136897 1.51367

-0.0136897 1.51367
-0.0136719 1.51374

-0.0136719 1.51374
-0.0124831 1.51855

-0.0124828 1.51855
-0.0113067 1.52344

-0.0113069 1.52344
-0.0101617 1.52832

-0.0101618 1.52832
-0.00904707 1.5332

-0.00904574 1.5332
-0.00878906 1.53436

-0.00878906 1.53437
-0.007963 1.53809

-0.0079627 1.53809
-0.00690892 1.54297

-0.00690891 1.54297
-0.00588555 1.54785

-0.00588566 1.54785
-0.00489253 1.55273

-0.00489242 1.55273
-0.00392949 1.55762

-0.00392941 1.55762
-0.00390625 1.55774

-0.00390625 1.55774
-0.00299681 1.5625

-0.00299671 1.5625
-0.00209371 1.56738

-0.00209382 1.56738
-0.00122065 1.57227

-0.00122066 1.57227
-0.000377105 1.57715

-0.000377192 1.57715
0.000436942 1.58203

0.000438719 1.58203
0.000976562 1.58538

0.000976562 1.58541
0.00121806 1.58691

0.00122165 1.58691
0.00197653 1.5918

0.00197659 1.5918
0.00270167 1.59668

0.0027016 1.59668
0.00339693 1.60156

0.00339679 1.60156
0.00406279 1.60645

0.00406283 1.60645
0.00469973 1.61133

0.00469965 1.61133
0.00530753 1.61621

0.00530818 1.61621
0.00585938 1.62086

0.00585938 1.62096
0.005875 1.62109

0.00588596 1.62109
0.00643555 1.62598

0.00643588 1.62598
0.00695658 1.63086

0.00695643 1.63086
0.00744787 1.63574

0.00744781 1.63574
0.00791038 1.64062

0.0079103 1.64062
0.00834429 1.64551

0.00834428 1.64551
0.00874988 1.65039

0.00874988 1.65039
0.00912713 1.65527

0.0091271 1.65527
0.00947606 1.66016

0.00947605 1.66016
0.0097968 1.66504

0.00979675 1.66504
0.0100894 1.66992

0.0100894 1.66992
0.0103541 1.6748

0.010354 1.6748
0.0105909 1.67969

0.0105948 1.67969
0.0107422 1.68313

0.0107422 1.68347
0.0107895 1.68457

0.0107995 1.68457
0.0109806 1.68945

0.0109809 1.68945
0.0111347 1.69434

0.0111345 1.69434
0.0112607 1.69922

0.0112607 1.69922
0.0113597 1.7041

0.0113596 1.7041
0.0114314 1.70898

0.0114314 1.70898
0.0114762 1.71387

0.0114762 1.71387
0.0114941 1.71875

0.0114941 1.71875
0.0114852 1.72363

0.0114852 1.72363
0.0114498 1.72852

0.0114497 1.72852
0.0113878 1.7334

0.0113878 1.7334
0.0112995 1.73828

0.0112994 1.73828
0.011185 1.74316

0.0111849 1.74316
0.0110444 1.74805

0.0107422 1.75634
0.0106843 1.75781

0.0110443 1.74805
0.0108781 1.75293

0.0107422 1.75641
0.0108789 1.75293

0.0106862 1.75781
0.010469 1.7627

0.010469 1.7627
0.0102265 1.76758

0.0102264 1.76758
0.00995893 1.77246

0.00995885 1.77246
0.00966661 1.77734

0.00966653 1.77734
0.00934986 1.78223

0.00934976 1.78223
0.00900902 1.78711

0.00900893 1.78711
0.00864447 1.79199

0.00864438 1.79199
0.00825658 1.79688

0.00825651 1.79688
0.00784569 1.80176

0.00784561 1.80176
0.00741209 1.80664

0.00741203 1.80664
0.00695609 1.81152

0.00695601 1.81152
0.00647792 1.81641

0.00585938 1.8224
0.00545652 1.82617

0.00545668 1.82617
0.00491435 1.83105

0.00491421 1.83105
0.00435111 1.83594

0.00647777 1.81641
0.00597795 1.82129

0.00585938 1.82241
0.00597866 1.82129

0.004351 1.83594
0.00376762 1.84082

0.00376753 1.84082
0.00316427 1.8457

0.00316418 1.8457
0.00254141 1.85059

0.00254134 1.85059
0.0018994 1.85547

0.000976562 1.86223
0.000559366 1.86523

0.00189918 1.85547
0.00123863 1.86035

0.000976562 1.86224
0.0012395 1.86035

0.000559934 1.86523
-0.000136381 1.87012

-0.000136571 1.87012
-0.000850178 1.875

-0.00390625 1.8948
-0.0046508 1.89941

-0.00465093 1.89941
-0.0054519 1.9043

-0.00545209 1.9043
-0.00626521 1.90918

-0.00626537 1.90918
-0.00708993 1.91406

-0.000850396 1.875
-0.00158048 1.87988

-0.00158064 1.87988
-0.00232644 1.88477

-0.00232665 1.88477
-0.00308743 1.88965

-0.00308769 1.88965
-0.00386252 1.89453

-0.00390625 1.8948
-0.00386243 1.89453

-0.0070901 1.91406
-0.00792544 1.91895

-0.00792559 1.91895
-0.00877103 1.92383

-0.00878906 1.92393
-0.00962617 1.92871

-0.00962631 1.92871
-0.0104905 1.93359

-0.00878906 1.92393
-0.00877104 1.92383

-0.0136719 1.9512
-0.0140233 1.95312

-0.0104907 1.93359
-0.0113632 1.93848

-0.0113634 1.93848
-0.0122435 1.94336

-0.0122438 1.94336
-0.0131304 1.94824

-0.0136719 1.95121
-0.0131301 1.94824

-0.0234375 2.00422
-0.0239112 2.00684

-0.0239111 2.00684
-0.0247881 2.01172

-0.0247884 2.01172
-0.0256569 2.0166

-0.0256572 2.0166
-0.0265158 2.02148

-0.026516 2.02148
-0.0273637 2.02637

-0.027364 2.02637
-0.0281996 2.03125

-0.0140225 1.95312
-0.0149185 1.95801

-0.0149188 1.95801
-0.0158185 1.96289

-0.0158187 1.96289
-0.0167211 1.96777

-0.0167214 1.96777
-0.0176252 1.97266

-0.0185547 1.97767
-0.0194337 1.98242

-0.0176255 1.97266
-0.0185298 1.97754

-0.0185547 1.97767
-0.0185299 1.97754

-0.0194339 1.98242
-0.0203363 1.9873

-0.0203366 1.9873
-0.0212366 1.99219

-0.0212369 1.99219
-0.0221335 1.99707

-0.0221339 1.99707
-0.0230256 2.00195

-0.0234375 2.00422
-0.0230258 2.00195

-0.0283203 2.03196
-0.0290224 2.03613

-0.0290225 2.03613
-0.0298307 2.04102

-0.0283203 2.03196
-0.0282 2.03125

-0.029831 2.04102
-0.0306242 2.0459

-0.0306244 2.0459
-0.0314016 2.05078

-0.0332031 2.06257
-0.033626 2.06543

-0.0336262 2.06543
-0.0343273 2.07031

-0.0314019 2.05078
-0.0321618 2.05566

-0.0321621 2.05566
-0.0329039 2.06055

-0.0332031 2.06256
-0.0329048 2.06055

-0.0343275 2.07031
-0.0350073 2.0752

-0.0350075 2.0752
-0.0356652 2.08008

-0.0356654 2.08008
-0.0363002 2.08496

-0.0363005 2.08496
-0.0369117 2.08984

-0.0369119 2.08984
-0.0374987 2.09473

-0.0374989 2.09473
-0.0380605 2.09961

-0.0380859 2.09984
-0.0385963 2.10449

-0.0385964 2.10449
-0.0391051 2.10938

-0.0380859 2.09984
-0.038061 2.09961

-0.0391053 2.10938
-0.0395867 2.11426

-0.0395868 2.11426
-0.0400402 2.11914

-0.0400404 2.11914
-0.040465 2.12402

-0.0404652 2.12402
-0.0408606 2.12891

-0.0408607 2.12891
-0.0412264 2.13379

-0.0412265 2.13379
-0.0415621 2.13867

-0.0415621 2.13867
-0.0418673 2.14355

-0.0418673 2.14355
-0.0421419 2.14844

-0.0429688 2.16937
-0.0430552 2.17285

-0.0430555 2.17285
-0.0431464 2.17773

-0.0431463 2.17773
-0.043207 2.18262

-0.0432069 2.18262
-0.0432377 2.1875

-0.0421419 2.14844
-0.042386 2.15332

-0.042386 2.15332
-0.0425993 2.1582

-0.0425994 2.1582
-0.0427821 2.16309

-0.0427821 2.16309
-0.0429341 2.16797

-0.0429688 2.16932
-0.0429351 2.16797

-0.0432376 2.1875
-0.0432389 2.19238

-0.0432388 2.19238
-0.0432112 2.19727

-0.043211 2.19727
-0.043155 2.20215

-0.0431549 2.20215
-0.0430709 2.20703

-0.0430718 2.20703
-0.0429688 2.21155

-0.0429688 2.21113
-0.042951 2.21191

-0.0429593 2.21191
-0.0428212 2.2168

-0.042821 2.2168
-0.0426569 2.22168

-0.0426567 2.22168
-0.0424675 2.22656

-0.0424673 2.22656
-0.0422538 2.23145

-0.0422536 2.23145
-0.0420169 2.23633

-0.0420166 2.23633
-0.0417577 2.24121

-0.0417574 2.24121
-0.0414772 2.24609

-0.0414769 2.24609
-0.0411767 2.25098

-0.0411764 2.25098
-0.0408573 2.25586

-0.040857 2.25586
-0.0405202 2.26074

-0.0405199 2.26074
-0.0401664 2.26562

-0.0401662 2.26562
-0.0397972 2.27051

-0.0397969 2.27051
-0.0394134 2.27539

-0.0394132 2.27539
-0.0390163 2.28027

-0.039016 2.28027
-0.0386068 2.28516

-0.0386065 2.28516
-0.0381862 2.29004

-0.0381863 2.29004
-0.0380859 2.29118

-0.0380859 2.29117
-0.0377555 2.29492

-0.0377553 2.29492
-0.0373158 2.2998

-0.0373156 2.2998
-0.0368682 2.30469

-0.0368679 2.30469
-0.0364138 2.30957

-0.0364135 2.30957
-0.0359538 2.31445

-0.0359535 2.31445
-0.0354892 2.31934

-0.0354889 2.31934
-0.035021 2.32422

-0.0350208 2.32422
-0.0345504 2.3291

-0.0345501 2.3291
-0.0340782 2.33398

-0.0340779 2.33398
-0.0336055 2.33887

-0.0336051 2.33887
-0.0332031 2.34303

-0.0332031 2.34303
-0.0331338 2.34375

-0.033133 2.34375
-0.0326623 2.34863

-0.0326621 2.34863
-0.0321935 2.35352

-0.0321933 2.35352
-0.0317277 2.3584

-0.0317275 2.3584
-0.0312656 2.36328

-0.0312654 2.36328
-0.0308079 2.36816

-0.0308077 2.36816
-0.0303554 2.37305

-0.0303552 2.37305
-0.0299088 2.37793

-0.0299086 2.37793
-0.0294689 2.38281

-0.0294687 2.38281
-0.0290363 2.3877

-0.0290362 2.3877
-0.0286119 2.39258

-0.0286112 2.39258
-0.0283203 2.39599

-0.0283203 2.39602
-0.0281973 2.39746

-0.0281959 2.39746
-0.0277895 2.40234

-0.0277894 2.40234
-0.0273929 2.40723

-0.0273928 2.40723
-0.0270064 2.41211

-0.0270063 2.41211
-0.0266305 2.41699

-0.0266304 2.41699
-0.0262656 2.42188

-0.0262655 2.42188
-0.025912 2.42676

-0.0259119 2.42676
-0.0255701 2.43164

-0.0255701 2.43164
-0.0252402 2.43652

-0.0252402 2.43652
-0.0249225 2.44141

-0.0249224 2.44141
-0.0246171 2.44629

-0.024617 2.44629
-0.0243241 2.45117

-0.0243241 2.45117
-0.0240436 2.45605

-0.0240436 2.45605
-0.0237756 2.46094

-0.0237756 2.46094
-0.0235201 2.46582

-0.0235192 2.46582
-0.0234375 2.46746

-0.0234375 2.46749
-0.0232775 2.4707

-0.0232771 2.4707
-0.0230465 2.47559

-0.0230465 2.47559
-0.0228284 2.48047

-0.0228284 2.48047
-0.0226225 2.48535

-0.0226225 2.48535
-0.0224286 2.49023

-0.0224287 2.49023
-0.0222467 2.49512

-0.0222468 2.49512
-0.0220765 2.5

-0.0220766 2.5
-0.0219178 2.50488

-0.0219179 2.50488
-0.0217704 2.50977

-0.0217704 2.50977
-0.0216339 2.51465

-0.0216339 2.51465
-0.021508 2.51953

-0.0215081 2.51953
-0.0213925 2.52441

-0.0213926 2.52441
-0.021287 2.5293

-0.021287 2.5293
-0.0211911 2.53418

-0.0211912 2.53418
-0.0211044 2.53906

-0.0211045 2.53906
-0.0210266 2.54395

-0.0210268 2.54395
-0.0209573 2.54883

-0.0209574 2.54883
-0.0208961 2.55371

-0.0208962 2.55371
-0.0208424 2.55859

-0.0208425 2.55859
-0.0207958 2.56348

-0.020796 2.56348
-0.020756 2.56836

-0.0207561 2.56836
-0.0207223 2.57324

-0.0207224 2.57324
-0.0206944 2.57812

-0.0206945 2.57812
-0.0206717 2.58301

-0.0206718 2.58301
-0.0206537 2.58789

-0.0206539 2.58789
-0.02064 2.59277

-0.0206402 2.59277
-0.0206301 2.59766

-0.0206303 2.59766
-0.0206235 2.60254

-0.0206237 2.60254
-0.0206197 2.60742

-0.0206199 2.60742
-0.0206183 2.6123

-0.0206184 2.6123
-0.0206187 2.61719

-0.0206188 2.61719
-0.0206206 2.62207

-0.0206207 2.62207
-0.0206234 2.62695

-0.0206235 2.62695
-0.0206267 2.63184

-0.0206268 2.63184
-0.0206302 2.63672

-0.0206303 2.63672
-0.0206335 2.6416

-0.0206336 2.6416
-0.020636 2.64648

-0.0206361 2.64648
-0.0206376 2.65137

-0.0206376 2.65137
-0.0206377 2.65625

-0.0206378 2.65625
-0.0206363 2.66113

-0.0206363 2.66113
-0.0206328 2.66602

-0.0206328 2.66602
-0.020627 2.6709

-0.0206271 2.6709
-0.0206188 2.67578

-0.0206188 2.67578
-0.0206078 2.68066

-0.0206078 2.68066
-0.0205938 2.68555

-0.0205939 2.68555
-0.0205767 2.69043

-0.0205768 2.69043
-0.0205564 2.69531

-0.0205564 2.69531
-0.0205326 2.7002

-0.0205326 2.7002
-0.0205053 2.70508

-0.0205054 2.70508
-0.0204745 2.70996

-0.0204745 2.70996
-0.02044 2.71484

-0.02044 2.71484
-0.0204018 2.71973

-0.0204018 2.71973
-0.0203599 2.72461

-0.0203599 2.72461
-0.0203144 2.72949

-0.0203143 2.72949
-0.0202651 2.73438

-0.0202651 2.73438
-0.0202123 2.73926

-0.0202123 2.73926
-0.0201559 2.74414

-0.0201559 2.74414
-0.0200961 2.74902

-0.0200961 2.74902
-0.0200329 2.75391

-0.0200329 2.75391
-0.0199665 2.75879

-0.0199665 2.75879
-0.019897 2.76367

-0.019897 2.76367
-0.0198245 2.76855

-0.0198245 2.76855
-0.0197493 2.77344

-0.0197493 2.77344
-0.0196714 2.77832

-0.0196714 2.77832
-0.0195911 2.7832

-0.0195911 2.7832
-0.0195086 2.78809

-0.0195085 2.78809
-0.0194239 2.79297

-0.0194239 2.79297
-0.0193374 2.79785

-0.0193374 2.79785
-0.0192492 2.80273

-0.0192492 2.80273
-0.0191595 2.80762

-0.0191595 2.80762
-0.0190686 2.8125

-0.0190685 2.8125
-0.0189766 2.81738

-0.0189765 2.81738
-0.0188836 2.82227

-0.0188836 2.82227
-0.01879 2.82715

-0.0187899 2.82715
-0.0186958 2.83203

-0.0186958 2.83203
-0.0186013 2.83691

-0.0186013 2.83691
-0.0185547 2.83932

-0.0185547 2.83932
-0.0185066 2.8418

-0.0185066 2.8418
-0.018412 2.84668

-0.0184119 2.84668
-0.0183175 2.85156

-0.0183174 2.85156
-0.0182233 2.85645

-0.0182233 2.85645
-0.0181296 2.86133

-0.0181296 2.86133
-0.0180365 2.86621

-0.0180364 2.86621
-0.0179441 2.87109

-0.0179441 2.87109
-0.0178525 2.87598

-0.0178525 2.87598
-0.0177619 2.88086

-0.0177619 2.88086
-0.0176723 2.88574

-0.0176723 2.88574
-0.0175839 2.89062

-0.0175839 2.89062
-0.0174966 2.89551

-0.0174966 2.89551
-0.0174106 2.90039

-0.0174106 2.90039
-0.017326 2.90527

-0.017326 2.90527
-0.0172427 2.91016

-0.0172426 2.91016
-0.0171607 2.91504

-0.0171607 2.91504
-0.0170802 2.91992

-0.0170802 2.91992
-0.0170011 2.9248

-0.0170011 2.9248
-0.0169235 2.92969

-0.0169235 2.92969
-0.0168473 2.93457

-0.0168473 2.93457
-0.0167725 2.93945

-0.0167725 2.93945
-0.0166992 2.94434

-0.0166992 2.94434
-0.0166272 2.94922

-0.0166272 2.94922
-0.0165566 2.9541

-0.0165566 2.9541
-0.0164873 2.95898

-0.0164873 2.95898
-0.0164193 2.96387

-0.0164193 2.96387
-0.0163526 2.96875

-0.0163526 2.96875
-0.016287 2.97363

-0.016287 2.97363
-0.0162226 2.97852

-0.0162226 2.97852
-0.0161593 2.9834

-0.0161593 2.9834
-0.016097 2.98828

-0.016097 2.98828
-0.0160357 2.99316

-0.0160357 2.99316
-0.0159753 2.99805

-0.0159754 2.99805
-0.0159158 3.00293

-0.0159158 3.00293
-0.0158571 3.00781

-0.0158571 3.00781
-0.0157991 3.0127

-0.0157992 3.0127
-0.0157419 3.01758

-0.0157419 3.01758
-0.0156852 3.02246

-0.0156852 3.02246
-0.0156291 3.02734

-0.0156291 3.02734
-0.0155735 3.03223

-0.0155736 3.03223
-0.0155184 3.03711

-0.0155185 3.03711
-0.0154638 3.04199

-0.0154638 3.04199
-0.0154094 3.04688

-0.0154094 3.04688
-0.0153554 3.05176

-0.0153555 3.05176
-0.0153017 3.05664

-0.0153017 3.05664
-0.0152483 3.06152

-0.0152483 3.06152
-0.015195 3.06641

-0.015195 3.06641
-0.0151419 3.07129

-0.015142 3.07129
-0.015089 3.07617

-0.015089 3.07617
-0.0150362 3.08105

-0.0150362 3.08105
-0.0149835 3.08594

-0.0149835 3.08594
-0.0149309 3.09082

-0.0149309 3.09082
-0.0148784 3.0957

-0.0148784 3.0957
-0.0148259 3.10059

-0.0148259 3.10059
-0.0147735 3.10547

-0.0147735 3.10547
-0.0147211 3.11035

-0.0147211 3.11035
-0.0146688 3.11523

-0.0146688 3.11523
-0.0146165 3.12012

-0.0146165 3.12012
-0.0145642 3.125

-0.0145642 3.125
-0.014512 3.12988

-0.014512 3.12988
-0.0144599 3.13477

-0.0144599 3.13477
-0.0144078 3.13965

-0.0144078 3.13965
-0.0143558 3.14453

-0.0143558 3.14453
-0.0143038 3.14941

-0.0143038 3.14941
-0.0142519 3.1543

-0.0142519 3.1543
-0.0142002 3.15918

-0.0142002 3.15918
-0.0141485 3.16406

-0.0141485 3.16406
-0.0140969 3.16895

-0.0140969 3.16895
-0.0140455 3.17383

-0.0140455 3.17383
-0.0139942 3.17871

-0.0139942 3.17871
-0.0139431 3.18359

-0.0139431 3.18359
-0.0138921 3.18848

-0.0138921 3.18848
-0.0138413 3.19336

-0.0138413 3.19336
-0.0137906 3.19824

-0.0137906 3.19824
-0.0137402 3.20312

-0.0137402 3.20312
-0.01369 3.20801

-0.0136899 3.20801
-0.0136719 3.20977

-0.0136719 3.20977
-0.0136399 3.21289

-0.0136399 3.21289
-0.0135901 3.21777

-0.0135901 3.21777
-0.0135405 3.22266

-0.0135405 3.22266
-0.0134912 3.22754

-0.0134912 3.22754
-0.0134421 3.23242

-0.0134421 3.23242
-0.0133932 3.2373

-0.0133932 3.2373
-0.0133446 3.24219

-0.0133446 3.24219
-0.0132962 3.24707

-0.0132962 3.24707
-0.0132481 3.25195

-0.0132481 3.25195
-0.0132003 3.25684

-0.0132003 3.25684
-0.0131527 3.26172

-0.0131527 3.26172
-0.0131054 3.2666

-0.0131054 3.2666
-0.0130583 3.27148

-0.0130583 3.27148
-0.0130115 3.27637

-0.0130115 3.27637
-0.012965 3.28125

-0.012965 3.28125
-0.0129187 3.28613

-0.0129187 3.28613
-0.0128727 3.29102

-0.0128727 3.29102
-0.012827 3.2959

-0.012827 3.2959
-0.0127815 3.30078

-0.0127815 3.30078
-0.0127363 3.30566

-0.0127363 3.30566
-0.0126913 3.31055

-0.0126913 3.31055
-0.0126466 3.31543

-0.0126466 3.31543
-0.0126021 3.32031

-0.0126021 3.32031
-0.0125579 3.3252

-0.0125579 3.3252
-0.0125139 3.33008

-0.0125139 3.33008
-0.0124702 3.33496

-0.0124702 3.33496
-0.0124266 3.33984

-0.0124266 3.33984
-0.0123833 3.34473

-0.0123833 3.34473
-0.0123403 3.34961

-0.0123403 3.34961
-0.0122974 3.35449

-0.0122974 3.35449
-0.0122548 3.35938

-0.0122548 3.35938
-0.0122124 3.36426

-0.0122124 3.36426
-0.0121702 3.36914

-0.0121702 3.36914
-0.0121282 3.37402

-0.0121282 3.37402
-0.0120864 3.37891

-0.0120864 3.37891
-0.0120448 3.38379

-0.0120448 3.38379
-0.0120034 3.38867

-0.0120034 3.38867
-0.0119622 3.39355

-0.0119622 3.39355
-0.0119212 3.39844

-0.0119212 3.39844
-0.0118804 3.40332

-0.0118804 3.40332
-0.0118398 3.4082

-0.0118398 3.4082
-0.0117993 3.41309

-0.0117993 3.41309
-0.0117591 3.41797

-0.0117591 3.41797
-0.011719 3.42285

-0.011719 3.42285
-0.0116792 3.42773

-0.0116792 3.42773
-0.0116395 3.43262

-0.0116395 3.43262
-0.0115999 3.4375

-0.0115999 3.4375
-0.0115606 3.44238

-0.0115606 3.44238
-0.0115215 3.44727

-0.0115215 3.44727
-0.0114825 3.45215

-0.0114825 3.45215
-0.0114437 3.45703

-0.0114437 3.45703
-0.0114051 3.46191

-0.0114051 3.46191
-0.0113666 3.4668

-0.0113666 3.4668
-0.0113283 3.47168

-0.0113283 3.47168
-0.0112903 3.47656

-0.0112903 3.47656
-0.0112523 3.48145

-0.0112523 3.48145
-0.0112146 3.48633

-0.0112146 3.48633
-0.011177 3.49121

-0.011177 3.49121
-0.0111396 3.49609

-0.0111396 3.49609
-0.0111024 3.50098

-0.0111024 3.50098
-0.0110653 3.50586

-0.0110653 3.50586
-0.0110285 3.51074

-0.0110285 3.51074
-0.0109918 3.51562

-0.0109918 3.51562
-0.0109552 3.52051

-0.0109552 3.52051
-0.0109188 3.52539

-0.0109188 3.52539
-0.0108826 3.53027

-0.0108826 3.53027
-0.0108466 3.53516

-0.0108466 3.53516
-0.0108107 3.54004

-0.0108107 3.54004
-0.010775 3.54492

-0.010775 3.54492
-0.0107395 3.5498

-0.0107395 3.5498
-0.0107041 3.55469

-0.0107041 3.55469
-0.0106689 3.55957

-0.0106689 3.55957
-0.0106339 3.56445

-0.0106339 3.56445
-0.010599 3.56934

-0.010599 3.56934
-0.0105643 3.57422

-0.0105643 3.57422
-0.0105297 3.5791

-0.0105297 3.5791
-0.0104953 3.58398

-0.0104953 3.58398
-0.010461 3.58887

-0.010461 3.58887
-0.010427 3.59375

-0.010427 3.59375
-0.010393 3.59863

-0.010393 3.59863
-0.0103592 3.60352

-0.0103592 3.60352
-0.0103256 3.6084

-0.0103256 3.6084
-0.0102922 3.61328

-0.0102922 3.61328
-0.0102588 3.61816

-0.0102588 3.61816
-0.0102257 3.62305

-0.0102257 3.62305
-0.0101927 3.62793

-0.0101927 3.62793
-0.0101598 3.63281

-0.0101598 3.63281
-0.0101271 3.6377

-0.0101271 3.6377
-0.0100945 3.64258

-0.0100945 3.64258
-0.0100621 3.64746

-0.0100621 3.64746
-0.0100298 3.65234

-0.0100298 3.65234
-0.00999771 3.65723

-0.00999772 3.65723
-0.00996574 3.66211

-0.00996574 3.66211
-0.0099339 3.66699

-0.0099339 3.66699
-0.00990221 3.67188

-0.00990221 3.67188
-0.00987066 3.67676

-0.00987066 3.67676
-0.00983925 3.68164

-0.00983925 3.68164
-0.00980798 3.68652

-0.00980798 3.68652
-0.00977686 3.69141

-0.00977686 3.69141
-0.00974587 3.69629

-0.00974587 3.69629
-0.00971502 3.70117

-0.00971502 3.70117
-0.00968431 3.70605

-0.00968431 3.70605
-0.00965374 3.71094

-0.00965374 3.71094
-0.00962331 3.71582

-0.00962331 3.71582
-0.00959301 3.7207

-0.00959301 3.7207
-0.00956284 3.72559

-0.00956284 3.72559
-0.00953281 3.73047

-0.00953281 3.73047
-0.00950291 3.73535

-0.00950291 3.73535
-0.00947315 3.74023

-0.00947315 3.74023
-0.00944351 3.74512

-0.00944351 3.74512
-0.00941401 3.75

-0.00941401 3.75
-0.00938464 3.75488

-0.00938464 3.75488
-0.0093554 3.75977

-0.0093554 3.75977
-0.00932629 3.76465

-0.00932629 3.76465
-0.0092973 3.76953

-0.0092973 3.76953
-0.00926844 3.77441

-0.00926844 3.77441
-0.00923972 3.7793

-0.00923972 3.7793
-0.00921111 3.78418

-0.00921111 3.78418
-0.00918263 3.78906

-0.00918263 3.78906
-0.00915428 3.79395

-0.00915428 3.79395
-0.00912605 3.79883

-0.00912605 3.79883
-0.00909795 3.80371

-0.00909795 3.80371
-0.00906997 3.80859

-0.00906997 3.80859
-0.00904211 3.81348

-0.00904211 3.81348
-0.00901437 3.81836

-0.00901437 3.81836
-0.00898675 3.82324

-0.00898675 3.82324
-0.00895925 3.82812

-0.00895925 3.82812
-0.00893187 3.83301

-0.00893187 3.83301
-0.0089046 3.83789

-0.0089046 3.83789
-0.00887746 3.84277

-0.00887746 3.84277
-0.00885043 3.84766

-0.00885043 3.84766
-0.00882352 3.85254

-0.00882352 3.85254
-0.00879673 3.85742

-0.00879672 3.85742
-0.00878906 3.85882

-0.00878906 3.85882
-0.00877005 3.8623

-0.00877005 3.8623
-0.00874348 3.86719

-0.00874348 3.86719
-0.00871703 3.87207

-0.00871703 3.87207
-0.0086907 3.87695

-0.0086907 3.87695
-0.00866448 3.88184

-0.00866448 3.88184
-0.00863837 3.88672

-0.00863837 3.88672
-0.00861238 3.8916

-0.00861238 3.8916
-0.00858649 3.89648

-0.00858649 3.89648
-0.00856072 3.90137

-0.00856072 3.90137
-0.00853506 3.90625

-0.00853506 3.90625
-0.00850951 3.91113

-0.00850951 3.91113
-0.00848406 3.91602

-0.00848407 3.91602
-0.00845873 3.9209

-0.00845873 3.9209
-0.0084335 3.92578

-0.00843351 3.92578
-0.00840839 3.93066

-0.00840839 3.93066
-0.00838338 3.93555

-0.00838338 3.93555
-0.00835847 3.94043

-0.00835847 3.94043
-0.00833367 3.94531

-0.00833367 3.94531
-0.00830898 3.9502

-0.00830898 3.9502
-0.00828439 3.95508

-0.00828439 3.95508
-0.00825991 3.95996

-0.00825991 3.95996
-0.00823553 3.96484

-0.00823553 3.96484
-0.00821125 3.96973

-0.00821125 3.96973
-0.00818708 3.97461

-0.00818708 3.97461
-0.00816301 3.97949

-0.00816301 3.97949
-0.00813904 3.98438

-0.00813904 3.98438
-0.00811517 3.98926

-0.00811517 3.98926
-0.0080914 3.99414

-0.0080914 3.99414
-0.00806773 3.99902

-0.00806773 3.99902
-0.00804416 4.00391

-0.00804416 4.00391
-0.00802069 4.00879

-0.00802069 4.00879
-0.00799731 4.01367

-0.00799731 4.01367
-0.00797404 4.01855

-0.00797404 4.01855
-0.00795086 4.02344

-0.00795086 4.02344
-0.00792778 4.02832

-0.00792778 4.02832
-0.0079048 4.0332

-0.0079048 4.0332
-0.00788191 4.03809

-0.00788191 4.03809
-0.00785911 4.04297

-0.00785911 4.04297
-0.00783642 4.04785

-0.00783642 4.04785
-0.00781381 4.05273

-0.00781381 4.05273
-0.0077913 4.05762

-0.0077913 4.05762
-0.00776889 4.0625

-0.00776889 4.0625
-0.00774656 4.06738

-0.00774656 4.06738
-0.00772433 4.07227

-0.00772433 4.07227
-0.00770219 4.07715

-0.00770219 4.07715
-0.00768015 4.08203

-0.00768015 4.08203
-0.00765819 4.08691

-0.00765819 4.08691
-0.00763633 4.0918

-0.00763633 4.0918
-0.00761455 4.09668

-0.00761455 4.09668
-0.00759287 4.10156

-0.00759287 4.10156
-0.00757127 4.10645

-0.00757127 4.10645
-0.00754976 4.11133

-0.00754976 4.11133
-0.00752834 4.11621

-0.00752834 4.11621
-0.00750701 4.12109

-0.00750701 4.12109
-0.00748577 4.12598

-0.00748577 4.12598
-0.00746461 4.13086

-0.00746461 4.13086
-0.00744354 4.13574

-0.00744354 4.13574
-0.00742256 4.14062

-0.00742256 4.14062
-0.00740166 4.14551

-0.00740166 4.14551
-0.00738085 4.15039

-0.00738085 4.15039
-0.00736012 4.15527

-0.00736012 4.15527
-0.00733948 4.16016

-0.00733948 4.16016
-0.00731892 4.16504

-0.00731892 4.16504
-0.00729845 4.16992

-0.00729845 4.16992
-0.00727806 4.1748

-0.00727806 4.1748
-0.00725775 4.17969

-0.00725775 4.17969
-0.00723752 4.18457

-0.00723752 4.18457
-0.00721737 4.18945

-0.00721737 4.18945
-0.00719731 4.19434

-0.00719731 4.19434
-0.00717733 4.19922

-0.00717733 4.19922
-0.00715743 4.2041

-0.00715743 4.2041
-0.00713761 4.20898

-0.00713761 4.20898
-0.00711786 4.21387

-0.00711786 4.21387
-0.0070982 4.21875

-0.0070982 4.21875
-0.00707862 4.22363

-0.00707862 4.22363
-0.00705912 4.22852

-0.00705912 4.22852
-0.00703969 4.2334

-0.00703969 4.2334
-0.00702034 4.23828

-0.00702034 4.23828
-0.00700107 4.24316

-0.00700107 4.24316
-0.00698188 4.24805

-0.00698188 4.24805
-0.00696277 4.25293

-0.00696277 4.25293
-0.00694373 4.25781

-0.00694373 4.25781
-0.00692476 4.2627

-0.00692476 4.2627
-0.00690588 4.26758

-0.00690588 4.26758
-0.00688706 4.27246

-0.00688706 4.27246
-0.00686833 4.27734

-0.00686833 4.27734
-0.00684967 4.28223

-0.00684967 4.28223
-0.00683108 4.28711

-0.00683108 4.28711
-0.00681256 4.29199

-0.00681256 4.29199
-0.00679412 4.29688

-0.00679412 4.29688
-0.00677576 4.30176

-0.00677576 4.30176
-0.00675746 4.30664

-0.00675746 4.30664
-0.00673924 4.31152

-0.00673924 4.31152
-0.00672109 4.31641

-0.00672109 4.31641
-0.00670301 4.32129

-0.00670301 4.32129
-0.00668501 4.32617

-0.00668501 4.32617
-0.00666707 4.33105

-0.00666707 4.33105
-0.00664921 4.33594

-0.00664921 4.33594
-0.00663142 4.34082

-0.00663142 4.34082
-0.00661369 4.3457

-0.00661369 4.3457
-0.00659604 4.35059

-0.00659604 4.35059
-0.00657846 4.35547

-0.00657846 4.35547
-0.00656094 4.36035

-0.00656094 4.36035
-0.0065435 4.36523

-0.0065435 4.36523
-0.00652612 4.37012

-0.00652612 4.37012
-0.00650881 4.375

-0.00650881 4.375
-0.00649157 4.37988

-0.00649157 4.37988
-0.00647439 4.38477

-0.00647439 4.38477
-0.00645729 4.38965

-0.00645729 4.38965
-0.00644025 4.39453

-0.00644025 4.39453
-0.00642327 4.39941

-0.00642327 4.39941
-0.00640636 4.4043

-0.00640636 4.4043
-0.00638952 4.40918

-0.00638952 4.40918
-0.00637275 4.41406

-0.00637275 4.41406
-0.00635603 4.41895

-0.00635603 4.41895
-0.00633939 4.42383

-0.00633939 4.42383
-0.00632281 4.42871

-0.00632281 4.42871
-0.00630629 4.43359

-0.00630629 4.43359
-0.00628983 4.43848

-0.00628983 4.43848
-0.00627344 4.44336

-0.00627344 4.44336
-0.00625711 4.44824

-0.00625711 4.44824
-0.00624085 4.45312

-0.00624085 4.45312
-0.00622464 4.45801

-0.00622464 4.45801
-0.0062085 4.46289

-0.0062085 4.46289
-0.00619242 4.46777

-0.00619242 4.46777
-0.0061764 4.47266

-0.0061764 4.47266
-0.00616045 4.47754

-0.00616045 4.47754
-0.00614455 4.48242

-0.00614455 4.48242
-0.00612871 4.4873

-0.00612871 4.4873
-0.00611294 4.49219

-0.00611294 4.49219
-0.00609722 4.49707

-0.00609722 4.49707
-0.00608157 4.50195

-0.00608157 4.50195
-0.00606597 4.50684

-0.00606597 4.50684
-0.00605044 4.51172

-0.00605044 4.51172
-0.00603496 4.5166

-0.00603496 4.5166
-0.00601954 4.52148

-0.00601954 4.52148
-0.00600418 4.52637

-0.00600418 4.52637
-0.00598888 4.53125

-0.00598888 4.53125
-0.00597364 4.53613

-0.00597364 4.53613
-0.00595846 4.54102

-0.00595846 4.54102
-0.00594333 4.5459

-0.00594333 4.5459
-0.00592826 4.55078

-0.00592826 4.55078
-0.00591325 4.55566

-0.00591325 4.55566
-0.00589829 4.56055

-0.00589829 4.56055
-0.00588339 4.56543

-0.00588339 4.56543
-0.00586855 4.57031

-0.00586855 4.57031
-0.00585376 4.5752

-0.00585376 4.5752
-0.00583903 4.58008

-0.00583903 4.58008
-0.00582436 4.58496

-0.00582436 4.58496
-0.00580974 4.58984

-0.00580974 4.58984
-0.00579517 4.59473

-0.00579517 4.59473
-0.00578066 4.59961

-0.00578066 4.59961
-0.0057662 4.60449

-0.0057662 4.60449
-0.0057518 4.60938

-0.0057518 4.60938
-0.00573745 4.61426

-0.00573745 4.61426
-0.00572316 4.61914

-0.00572316 4.61914
-0.00570892 4.62402

-0.00570892 4.62402
-0.00569473 4.62891

-0.00569473 4.62891
-0.0056806 4.63379

-0.0056806 4.63379
-0.00566652 4.63867

-0.00566652 4.63867
-0.00565249 4.64355

-0.00565249 4.64355
-0.00563851 4.64844

-0.00563851 4.64844
-0.00562459 4.65332

-0.00562459 4.65332
-0.00561072 4.6582

-0.00561072 4.6582
-0.0055969 4.66309

-0.0055969 4.66309
-0.00558314 4.66797

-0.00558314 4.66797
-0.00556942 4.67285

-0.00556942 4.67285
-0.00555575 4.67773

-0.00555575 4.67773
-0.00554214 4.68262

-0.00554214 4.68262
-0.00552857 4.6875

-0.00552857 4.6875
-0.00551506 4.69238

-0.00551506 4.69238
-0.00550159 4.69727

-0.00550159 4.69727
-0.00548817 4.70215

-0.00548817 4.70215
-0.00547481 4.70703

-0.00547481 4.70703
-0.00546149 4.71191

-0.00546149 4.71191
-0.00544822 4.7168

-0.00544822 4.7168
-0.005435 4.72168

-0.005435 4.72168
-0.00542182 4.72656

-0.00542182 4.72656
-0.0054087 4.73145

-0.0054087 4.73145
-0.00539562 4.73633

-0.00539562 4.73633
-0.00538259 4.74121

-0.00538259 4.74121
-0.0053696 4.74609

-0.0053696 4.74609
-0.00535667 4.75098

-0.00535667 4.75098
-0.00534377 4.75586

-0.00534377 4.75586
-0.00533093 4.76074

-0.00533093 4.76074
-0.00531813 4.76562

-0.00531813 4.76562
-0.00530538 4.77051

-0.00530538 4.77051
-0.00529268 4.77539

-0.00529268 4.77539
-0.00528002 4.78027

-0.00528002 4.78027
-0.00526741 4.78516

-0.00526741 4.78516
-0.00525484 4.79004

-0.00525484 4.79004
-0.00524232 4.79492

-0.00524232 4.79492
-0.00522985 4.7998

-0.00522985 4.7998
-0.00521742 4.80469

-0.00521742 4.80469
-0.00520504 4.80957

-0.00520504 4.80957
-0.0051927 4.81445

-0.0051927 4.81445
-0.00518041 4.81934

-0.00518041 4.81934
-0.00516816 4.82422

-0.00516816 4.82422
-0.00515595 4.8291

-0.00515595 4.8291
-0.00514379 4.83398

-0.00514379 4.83398
-0.00513167 4.83887

-0.00513167 4.83887
-0.0051196 4.84375

-0.0051196 4.84375
-0.00510757 4.84863

-0.00510757 4.84863
-0.00509558 4.85352

-0.00509558 4.85352
-0.00508364 4.8584

-0.00508364 4.8584
-0.00507174 4.86328

-0.00507174 4.86328
-0.00505988 4.86816

-0.00505988 4.86816
-0.00504806 4.87305

-0.00504806 4.87305
-0.00503629 4.87793

-0.00503629 4.87793
-0.00502456 4.88281

-0.00502456 4.88281
-0.00501287 4.8877

-0.00501287 4.8877
-0.00500122 4.89258

-0.00500122 4.89258
-0.00498962 4.89746

-0.00498962 4.89746
-0.00497805 4.90234

-0.00497805 4.90234
-0.00496653 4.90723

-0.00496653 4.90723
-0.00495505 4.91211

-0.00495505 4.91211
-0.00494361 4.91699

-0.00494361 4.91699
-0.0049322 4.92188

-0.0049322 4.92188
-0.00492084 4.92676

-0.00492084 4.92676
-0.00490952 4.93164

-0.00490952 4.93164
-0.00489824 4.93652

-0.00489824 4.93652
-0.004887 4.94141

-0.004887 4.94141
-0.0048758 4.94629

-0.0048758 4.94629
-0.00486464 4.95117

-0.00486464 4.95117
-0.00485352 4.95605

-0.00485352 4.95605
-0.00484244 4.96094

-0.00484244 4.96094
-0.0048314 4.96582

-0.0048314 4.96582
-0.00482039 4.9707

-0.00482039 4.9707
-0.00480942 4.97559

-0.00480942 4.97559
-0.0047985 4.98047

-0.0047985 4.98047
-0.00478761 4.98535

-0.00478761 4.98535
-0.00477676 4.99023

-0.00477676 4.99023
-0.00476595 4.99512

-0.00476595 4.99512
-0.00475517 5

-0.00475517 5
-0.00474444 5.00488

-0.00474444 5.00488
-0.00473374 5.00977

-0.00473374 5.00977
-0.00472308 5.01465

-0.00472308 5.01465
-0.00471245 5.01953

-0.00471245 5.01953
-0.00470187 5.02441

-0.00470187 5.02441
-0.00469132 5.0293

-0.00469132 5.0293
-0.00468081 5.03418

-0.00468081 5.03418
-0.00467033 5.03906

-0.00467033 5.03906
-0.0046599 5.04395

-0.0046599 5.04395
-0.00464949 5.04883

-0.00464949 5.04883
-0.00463913 5.05371

-0.00463913 5.05371
-0.0046288 5.05859

-0.0046288 5.05859
-0.0046185 5.06348

-0.0046185 5.06348
-0.00460825 5.06836

-0.00460825 5.06836
-0.00459802 5.07324

-0.00459802 5.07324
-0.00458784 5.07812

-0.00458784 5.07812
-0.00457768 5.08301

-0.00457768 5.08301
-0.00456757 5.08789

-0.00456757 5.08789
-0.00455748 5.09277

-0.00455748 5.09277
-0.00454743 5.09766

-0.00454743 5.09766
-0.00453742 5.10254

-0.00453742 5.10254
-0.00452744 5.10742

-0.00452744 5.10742
-0.00451749 5.1123

-0.00451749 5.1123
-0.00450758 5.11719

-0.00450758 5.11719
-0.0044977 5.12207

-0.0044977 5.12207
-0.00448786 5.12695

-0.00448786 5.12695
-0.00447805 5.13184

-0.00447805 5.13184
-0.00446827 5.13672

-0.00446827 5.13672
-0.00445853 5.1416

-0.00445853 5.1416
-0.00444882 5.14648

-0.00444882 5.14648
-0.00443914 5.15137

-0.00443914 5.15137
-0.00442949 5.15625

-0.00442949 5.15625
-0.00441988 5.16113

-0.00441988 5.16113
-0.00441031 5.16602

-0.00441031 5.16602
-0.00440076 5.1709

-0.00440076 5.1709
-0.00439125 5.17578

-0.00439125 5.17578
-0.00438177 5.18066

-0.00438177 5.18066
-0.00437233 5.18555

-0.00437233 5.18555
-0.00436291 5.19043

-0.00436291 5.19043
-0.00435353 5.19531

-0.00435353 5.19531
-0.00434418 5.2002

-0.00434418 5.2002
-0.00433486 5.20508

-0.00433486 5.20508
-0.00432558 5.20996

-0.00432558 5.20996
-0.00431632 5.21484

-0.00431632 5.21484
-0.0043071 5.21973

-0.0043071 5.21973
-0.00429791 5.22461

-0.00429791 5.22461
-0.00428874 5.22949

-0.00428874 5.22949
-0.00427961 5.23438

-0.00427961 5.23438
-0.00427051 5.23926

-0.00427051 5.23926
-0.00426145 5.24414

-0.00426145 5.24414
-0.00425241 5.24902

-0.00425241 5.24902
-0.0042434 5.25391

-0.0042434 5.25391
-0.00423442 5.25879

-0.00423442 5.25879
-0.00422547 5.26367

-0.00422547 5.26367
-0.00421656 5.26855

-0.00421656 5.26855
-0.00420767 5.27344

-0.00420767 5.27344
-0.00419881 5.27832

-0.00419881 5.27832
-0.00418998 5.2832

-0.00418998 5.2832
-0.00418118 5.28809

-0.00418118 5.28809
-0.00417241 5.29297

-0.00417241 5.29297
-0.00416367 5.29785

-0.00416367 5.29785
-0.00415496 5.30273

-0.00415496 5.30273
-0.00414627 5.30762

-0.00414627 5.30762
-0.00413762 5.3125

-0.00413762 5.3125
-0.00412899 5.31738

-0.00412899 5.31738
-0.0041204 5.32227

-0.0041204 5.32227
-0.00411183 5.32715

-0.00411183 5.32715
-0.00410329 5.33203

-0.00410329 5.33203
-0.00409478 5.33691

-0.00409478 5.33691
-0.0040863 5.3418

-0.0040863 5.3418
-0.00407784 5.34668

-0.00407784 5.34668
-0.00406941 5.35156

-0.00406941 5.35156
-0.00406102 5.35645

-0.00406102 5.35645
-0.00405265 5.36133

-0.00405265 5.36133
-0.0040443 5.36621

-0.0040443 5.36621
-0.00403599 5.37109

-0.00403599 5.37109
-0.00402771 5.37598

-0.00402771 5.37598
-0.00401945 5.38086

-0.00401945 5.38086
-0.00401123 5.38574

-0.00401123 5.38574
-0.00400304 5.39062

-0.00400304 5.39062
-0.00399487 5.39551

-0.00399487 5.39551
-0.00398673 5.40039

-0.00398673 5.40039
-0.00397862 5.40527

-0.00397862 5.40527
-0.00397053 5.41016

-0.00397053 5.41016
-0.00396247 5.41504

-0.00396247 5.41504
-0.00395444 5.41992

-0.00395444 5.41992
-0.00394643 5.4248

-0.00394643 5.4248
-0.00393844 5.42969

-0.00393844 5.42969
-0.00393049 5.43457

-0.00393049 5.43457
-0.00392256 5.43945

-0.00392256 5.43945
-0.00391466 5.44434

-0.00391466 5.44434
-0.00390678 5.44922

-0.00390678 5.44922
-0.00390625 5.44955

-0.00390625 5.44955
-0.00389893 5.4541

-0.00389893 5.4541
-0.0038911 5.45898

-0.0038911 5.45898
-0.00388329 5.46387

-0.00388329 5.46387
-0.00387552 5.46875

-0.00387552 5.46875
-0.00386777 5.47363

-0.00386777 5.47363
-0.00386004 5.47852

-0.00386004 5.47852
-0.00385235 5.4834

-0.00385235 5.4834
-0.00384467 5.48828

-0.00384467 5.48828
-0.00383703 5.49316

-0.00383703 5.49316
-0.0038294 5.49805

-0.0038294 5.49805
-0.00382181 5.50293

-0.00382181 5.50293
-0.00381423 5.50781

-0.00381423 5.50781
-0.00380668 5.5127

-0.00380668 5.5127
-0.00379916 5.51758

-0.00379916 5.51758
-0.00379166 5.52246

-0.00379166 5.52246
-0.00378418 5.52734

-0.00378418 5.52734
-0.00377673 5.53223

-0.00377673 5.53223
-0.00376931 5.53711

-0.00376931 5.53711
-0.0037619 5.54199

-0.0037619 5.54199
-0.00375453 5.54688

-0.00375453 5.54688
-0.00374717 5.55176

-0.00374717 5.55176
-0.00373984 5.55664

-0.00373984 5.55664
-0.00373253 5.56152

-0.00373253 5.56152
-0.00372525 5.56641

-0.00372525 5.56641
-0.00371799 5.57129

-0.00371799 5.57129
-0.00371076 5.57617

-0.00371076 5.57617
-0.00370354 5.58105

-0.00370354 5.58105
-0.00369635 5.58594

-0.00369635 5.58594
-0.00368919 5.59082

-0.00368919 5.59082
-0.00368205 5.5957

-0.00368205 5.5957
-0.00367493 5.60059

-0.00367493 5.60059
-0.00366783 5.60547

-0.00366783 5.60547
-0.00366076 5.61035

-0.00366076 5.61035
-0.00365371 5.61523

-0.00365371 5.61523
-0.00364668 5.62012

-0.00364668 5.62012
-0.00363967 5.625

-0.00363967 5.625
-0.00363269 5.62988

-0.00363269 5.62988
-0.00362573 5.63477

-0.00362573 5.63477
-0.00361879 5.63965

-0.00361879 5.63965
-0.00361188 5.64453

-0.00361188 5.64453
-0.00360498 5.64941

-0.00360498 5.64941
-0.00359811 5.6543

-0.00359811 5.6543
-0.00359126 5.65918

-0.00359126 5.65918
-0.00358444 5.66406

-0.00358444 5.66406
-0.00357763 5.66895

-0.00357763 5.66895
-0.00357085 5.67383

-0.00357085 5.67383
-0.00356409 5.67871

-0.00356409 5.67871
-0.00355735 5.68359

-0.00355735 5.68359
-0.00355063 5.68848

-0.00355063 5.68848
-0.00354393 5.69336

-0.00354393 5.69336
-0.00353726 5.69824

-0.00353726 5.69824
-0.0035306 5.70312

-0.0035306 5.70312
-0.00352397 5.70801

-0.00352397 5.70801
-0.00351736 5.71289

-0.00351736 5.71289
-0.00351077 5.71777

-0.00351077 5.71777
-0.0035042 5.72266

-0.0035042 5.72266
-0.00349765 5.72754

-0.00349765 5.72754
-0.00349112 5.73242

-0.00349112 5.73242
-0.00348462 5.7373

-0.00348462 5.7373
-0.00347813 5.74219

-0.00347813 5.74219
-0.00347166 5.74707

-0.00347166 5.74707
-0.00346522 5.75195

-0.00346522 5.75195
-0.0034588 5.75684

-0.0034588 5.75684
-0.00345239 5.76172

-0.00345239 5.76172
-0.00344601 5.7666

-0.00344601 5.7666
-0.00343965 5.77148

-0.00343965 5.77148
-0.0034333 5.77637

-0.0034333 5.77637
-0.00342698 5.78125

-0.00342698 5.78125
-0.00342068 5.78613

-0.00342068 5.78613
-0.00341439 5.79102

-0.00341439 5.79102
-0.00340813 5.7959

-0.00340813 5.7959
-0.00340189 5.80078

-0.00340189 5.80078
-0.00339567 5.80566

-0.00339567 5.80566
-0.00338946 5.81055

-0.00338946 5.81055
-0.00338328 5.81543

-0.00338328 5.81543
-0.00337711 5.82031

-0.00337711 5.82031
-0.00337097 5.8252

-0.00337097 5.8252
-0.00336484 5.83008

-0.00336484 5.83008
-0.00335874 5.83496

-0.00335874 5.83496
-0.00335265 5.83984

-0.00335265 5.83984
-0.00334658 5.84473

-0.00334658 5.84473
-0.00334054 5.84961

-0.00334054 5.84961
-0.00333451 5.85449

-0.00333451 5.85449
-0.0033285 5.85938

-0.0033285 5.85938
-0.0033225 5.86426

-0.0033225 5.86426
-0.00331653 5.86914

-0.00331653 5.86914
-0.00331058 5.87402

-0.00331058 5.87402
-0.00330464 5.87891

-0.00330464 5.87891
-0.00329873 5.88379

-0.00329873 5.88379
-0.00329283 5.88867

-0.00329283 5.88867
-0.00328695 5.89355

-0.00328695 5.89355
-0.00328109 5.89844

-0.00328109 5.89844
-0.00327524 5.90332

-0.00327524 5.90332
-0.00326942 5.9082

-0.00326942 5.9082
-0.00326361 5.91309

-0.00326361 5.91309
-0.00325783 5.91797

-0.00325783 5.91797
-0.00325206 5.92285

-0.00325206 5.92285
-0.00324631 5.92773

-0.00324631 5.92773
-0.00324057 5.93262

-0.00324057 5.93262
-0.00323486 5.9375

-0.00323486 5.9375
-0.00322916 5.94238

-0.00322916 5.94238
-0.00322348 5.94727

-0.00322348 5.94727
-0.00321781 5.95215

-0.00321781 5.95215
-0.00321217 5.95703

-0.00321217 5.95703
-0.00320654 5.96191

-0.00320654 5.96191
-0.00320093 5.9668

-0.00320093 5.9668
-0.00319534 5.97168

-0.00319534 5.97168
-0.00318977 5.97656

-0.00318977 5.97656
-0.00318421 5.98145

-0.00318421 5.98145
-0.00317867 5.98633

-0.00317867 5.98633
-0.00317314 5.99121

-0.00317314 5.99121
-0.00316764 5.99609

-0.00316764 5.99609
-0.00316215 6.00098

-0.00316215 6.00098
-0.00315668 6.00586

-0.00315668 6.00586
-0.00315122 6.01074

-0.00315122 6.01074
-0.00314579 6.01562

-0.00314579 6.01562
-0.00314036 6.02051

-0.00314036 6.02051
-0.00313496 6.02539

-0.00313496 6.02539
-0.00312957 6.03027

-0.00312957 6.03027
-0.0031242 6.03516

-0.0031242 6.03516
-0.00311885 6.04004

-0.00311885 6.04004
-0.00311351 6.04492

-0.00311351 6.04492
-0.00310819 6.0498

-0.00310819 6.0498
-0.00310288 6.05469

-0.00310288 6.05469
-0.00309759 6.05957

-0.00309759 6.05957
-0.00309232 6.06445

-0.00309232 6.06445
-0.00308706 6.06934

-0.00308706 6.06934
-0.00308182 6.07422

-0.00308182 6.07422
-0.0030766 6.0791

-0.0030766 6.0791
-0.00307139 6.08398

-0.00307139 6.08398
-0.0030662 6.08887

-0.0030662 6.08887
-0.00306102 6.09375

-0.00306102 6.09375
-0.00305586 6.09863

-0.00305586 6.09863
-0.00305072 6.10352

-0.00305072 6.10352
-0.00304559 6.1084

-0.00304559 6.1084
-0.00304048 6.11328

-0.00304048 6.11328
-0.00303538 6.11816

-0.00303538 6.11816
-0.0030303 6.12305

-0.0030303 6.12305
-0.00302524 6.12793

-0.00302524 6.12793
-0.00302019 6.13281

-0.00302019 6.13281
-0.00301515 6.1377

-0.00301515 6.1377
-0.00301013 6.14258

-0.00301013 6.14258
-0.00300513 6.14746

-0.00300513 6.14746
-0.00300014 6.15234

-0.00300014 6.15234
-0.00299517 6.15723

-0.00299517 6.15723
-0.00299021 6.16211

-0.00299021 6.16211
-0.00298527 6.16699

-0.00298527 6.16699
-0.00298034 6.17188

-0.00298034 6.17188
-0.00297543 6.17676

-0.00297543 6.17676
-0.00297053 6.18164

-0.00297053 6.18164
-0.00296565 6.18652

-0.00296565 6.18652
-0.00296078 6.19141

-0.00296078 6.19141
-0.00295592 6.19629

-0.00295592 6.19629
-0.00295109 6.20117

-0.00295109 6.20117
-0.00294626 6.20605

-0.00294626 6.20605
-0.00294145 6.21094

-0.00294145 6.21094
-0.00293666 6.21582

-0.00293666 6.21582
-0.00293188 6.2207

-0.00293188 6.2207
-0.00292711 6.22559

-0.00292711 6.22559
-0.00292236 6.23047

-0.00292236 6.23047
-0.00291763 6.23535

-0.00291763 6.23535
-0.0029129 6.24023

-0.0029129 6.24023
-0.0029082 6.24512

-0.0029082 6.24512
-0.0029035 6.25

-0.0029035 6.25
-0.00289883 6.25488

-0.00289883 6.25488
-0.00289416 6.25977

-0.00289416 6.25977
-0.00288951 6.26465

-0.00288951 6.26465
-0.00288487 6.26953

-0.00288487 6.26953
-0.00288025 6.27441

-0.00288025 6.27441
-0.00287564 6.2793

-0.00287564 6.2793
-0.00287105 6.28418

-0.00287105 6.28418
-0.00286647 6.28906

-0.00286647 6.28906
-0.0028619 6.29395

-0.0028619 6.29395
-0.00285735 6.29883

-0.00285735 6.29883
-0.00285281 6.30371

-0.00285281 6.30371
-0.00284829 6.30859

-0.00284829 6.30859
-0.00284377 6.31348

-0.00284377 6.31348
-0.00283928 6.31836

-0.00283928 6.31836
-0.00283479 6.32324

-0.00283479 6.32324
-0.00283032 6.32812

-0.00283032 6.32812
-0.00282586 6.33301

-0.00282586 6.33301
-0.00282142 6.33789

-0.00282142 6.33789
-0.00281699 6.34277

-0.00281699 6.34277
-0.00281257 6.34766

-0.00281257 6.34766
-0.00280817 6.35254

-0.00280817 6.35254
-0.00280378 6.35742

-0.00280378 6.35742
-0.0027994 6.3623

-0.0027994 6.3623
-0.00279504 6.36719

-0.00279504 6.36719
-0.00279069 6.37207

-0.00279069 6.37207
-0.00278635 6.37695

-0.00278635 6.37695
-0.00278202 6.38184

-0.00278202 6.38184
-0.00277771 6.38672

-0.00277771 6.38672
-0.00277341 6.3916

-0.00277341 6.3916
-0.00276913 6.39648

-0.00276913 6.39648
-0.00276485 6.40137

-0.00276485 6.40137
-0.00276059 6.40625

-0.00276059 6.40625
-0.00275635 6.41113

-0.00275635 6.41113
-0.00275211 6.41602

-0.00275211 6.41602
-0.00274789 6.4209

-0.00274789 6.4209
-0.00274368 6.42578

-0.00274368 6.42578
-0.00273948 6.43066

-0.00273948 6.43066
-0.0027353 6.43555

-0.0027353 6.43555
-0.00273112 6.44043

-0.00273112 6.44043
-0.00272696 6.44531

-0.00272696 6.44531
-0.00272282 6.4502

-0.00272282 6.4502
-0.00271868 6.45508

-0.00271868 6.45508
-0.00271456 6.45996

-0.00271456 6.45996
-0.00271045 6.46484

-0.00271045 6.46484
-0.00270635 6.46973

-0.00270635 6.46973
-0.00270227 6.47461

-0.00270227 6.47461
-0.0026982 6.47949

-0.0026982 6.47949
-0.00269414 6.48438

-0.00269414 6.48438
-0.00269009 6.48926

-0.00269009 6.48926
-0.00268605 6.49414

-0.00268605 6.49414
-0.00268203 6.49902

-0.00268203 6.49902
-0.00267802 6.50391

-0.00267802 6.50391
-0.00267402 6.50879

-0.00267402 6.50879
-0.00267003 6.51367

-0.00267003 6.51367
-0.00266605 6.51855

-0.00266605 6.51855
-0.00266209 6.52344

-0.00266209 6.52344
-0.00265814 6.52832

-0.00265814 6.52832
-0.00265419 6.5332

-0.00265419 6.5332
-0.00265026 6.53809

-0.00265026 6.53809
-0.00264635 6.54297

-0.00264635 6.54297
-0.00264244 6.54785

-0.00264244 6.54785
-0.00263854 6.55273

-0.00263854 6.55273
-0.00263466 6.55762

-0.00263466 6.55762
-0.00263079 6.5625

-0.00263079 6.5625
-0.00262693 6.56738

-0.00262693 6.56738
-0.00262308 6.57227

-0.00262308 6.57227
-0.00261924 6.57715

-0.00261924 6.57715
-0.00261541 6.58203

-0.00261541 6.58203
-0.0026116 6.58691

-0.0026116 6.58691
-0.0026078 6.5918

-0.0026078 6.5918
-0.002604 6.59668

-0.002604 6.59668
-0.00260023 6.60156

-0.00260023 6.60156
-0.00259646 6.60645

-0.00259646 6.60645
-0.0025927 6.61133

-0.0025927 6.61133
-0.00258895 6.61621

-0.00258895 6.61621
-0.00258522 6.62109

-0.00258522 6.62109
-0.0025815 6.62598

-0.0025815 6.62598
-0.00257778 6.63086

-0.00257778 6.63086
-0.00257408 6.63574

-0.00257408 6.63574
-0.00257039 6.64062

-0.00257039 6.64062
-0.00256671 6.64551

-0.00256671 6.64551
-0.00256304 6.65039

-0.00256304 6.65039
-0.00255939 6.65527

-0.00255939 6.65527
-0.00255574 6.66016

-0.00255574 6.66016
-0.0025521 6.66504

-0.0025521 6.66504
-0.00254848 6.66992

-0.00254848 6.66992
-0.00254486 6.6748

-0.00254486 6.6748
-0.00254126 6.67969

-0.00254126 6.67969
-0.00253766 6.68457

-0.00253766 6.68457
-0.00253408 6.68945

-0.00253408 6.68945
-0.00253051 6.69434

-0.00253051 6.69434
-0.00252695 6.69922

-0.00252695 6.69922
-0.00252339 6.7041

-0.00252339 6.7041
-0.00251985 6.70898

-0.00251985 6.70898
-0.00251632 6.71387

-0.00251632 6.71387
-0.0025128 6.71875

-0.0025128 6.71875
-0.00250929 6.72363

-0.00250929 6.72363
-0.00250579 6.72852

-0.00250579 6.72852
-0.00250231 6.7334

-0.00250231 6.7334
-0.00249883 6.73828

-0.00249883 6.73828
-0.00249536 6.74316

-0.00249536 6.74316
-0.0024919 6.74805

-0.0024919 6.74805
-0.00248845 6.75293

-0.00248845 6.75293
-0.00248501 6.75781

-0.00248501 6.75781
-0.00248159 6.7627

-0.00248159 6.7627
-0.00247817 6.76758

-0.00247817 6.76758
-0.00247476 6.77246

-0.00247476 6.77246
-0.00247136 6.77734

-0.00247136 6.77734
-0.00246798 6.78223

-0.00246798 6.78223
-0.0024646 6.78711

-0.0024646 6.78711
-0.00246123 6.79199

-0.00246123 6.79199
-0.00245787 6.79688

-0.00245787 6.79688
-0.00245452 6.80176

-0.00245452 6.80176
-0.00245118 6.80664

-0.00245118 6.80664
-0.00244786 6.81152

-0.00244786 6.81152
-0.00244454 6.81641

-0.00244454 6.81641
-0.00244123 6.82129

-0.00244123 6.82129
-0.00243793 6.82617

-0.00243793 6.82617
-0.00243464 6.83105

-0.00243464 6.83105
-0.00243136 6.83594

-0.00243136 6.83594
-0.00242809 6.84082

-0.00242809 6.84082
-0.00242483 6.8457

-0.00242483 6.8457
-0.00242158 6.85059

-0.00242158 6.85059
-0.00241834 6.85547

-0.00241834 6.85547
-0.00241511 6.86035

-0.00241511 6.86035
-0.00241189 6.86523

-0.00241189 6.86523
-0.00240867 6.87012

-0.00240867 6.87012
-0.00240547 6.875

-0.00240547 6.875
-0.00240228 6.87988

-0.00240228 6.87988
-0.00239909 6.88477

-0.00239909 6.88477
-0.00239592 6.88965

-0.00239592 6.88965
-0.00239275 6.89453

-0.00239275 6.89453
-0.0023896 6.89941

-0.0023896 6.89941
-0.00238645 6.9043

-0.00238645 6.9043
-0.00238331 6.90918

-0.00238331 6.90918
-0.00238019 6.91406

-0.00238019 6.91406
-0.00237707 6.91895

-0.00237707 6.91895
-0.00237396 6.92383

-0.00237396 6.92383
-0.00237086 6.92871

-0.00237086 6.92871
-0.00236776 6.93359

-0.00236776 6.93359
-0.00236468 6.93848

-0.00236468 6.93848
-0.00236161 6.94336

-0.00236161 6.94336
-0.00235854 6.94824

-0.00235854 6.94824
-0.00235549 6.95312

-0.00235549 6.95312
-0.00235244 6.95801

-0.00235244 6.95801
-0.00234941 6.96289

-0.00234941 6.96289
-0.00234638 6.96777

-0.00234638 6.96777
-0.00234336 6.97266

-0.00234336 6.97266
-0.00234035 6.97754

-0.00234035 6.97754
-0.00233735 6.98242

-0.00233735 6.98242
-0.00233435 6.9873

-0.00233435 6.9873
-0.00233137 6.99219

-0.00233137 6.99219
-0.00232839 6.99707

-0.00232839 6.99707
-0.00232543 7.00195

-0.00232543 7.00195
-0.00232247 7.00684

-0.00232247 7.00684
-0.00231952 7.01172

-0.00231952 7.01172
-0.00231658 7.0166

-0.00231658 7.0166
-0.00231365 7.02148

-0.00231365 7.02148
-0.00231073 7.02637

-0.00231073 7.02637
-0.00230782 7.03125

-0.00230782 7.03125
-0.00230491 7.03613

-0.00230491 7.03613
-0.00230201 7.04102

-0.00230201 7.04102
-0.00229913 7.0459

-0.00229913 7.0459
-0.00229625 7.05078

-0.00229625 7.05078
-0.00229338 7.05566

-0.00229338 7.05566
-0.00229052 7.06055

-0.00229052 7.06055
-0.00228766 7.06543

-0.00228766 7.06543
-0.00228482 7.07031

-0.00228482 7.07031
-0.00228198 7.0752

-0.00228198 7.0752
-0.00227915 7.08008

-0.00227915 7.08008
-0.00227633 7.08496

-0.00227633 7.08496
-0.00227352 7.08984

-0.00227352 7.08984
-0.00227072 7.09473

-0.00227072 7.09473
-0.00226792 7.09961

-0.00226792 7.09961
-0.00226513 7.10449

-0.00226513 7.10449
-0.00226236 7.10938

-0.00226236 7.10938
-0.00225958 7.11426

-0.00225958 7.11426
-0.00225682 7.11914

-0.00225682 7.11914
-0.00225407 7.12402

-0.00225407 7.12402
-0.00225132 7.12891

-0.00225132 7.12891
-0.00224858 7.13379

-0.00224858 7.13379
-0.00224585 7.13867

-0.00224585 7.13867
-0.00224313 7.14355

-0.00224313 7.14355
-0.00224042 7.14844

-0.00224042 7.14844
-0.00223771 7.15332

-0.00223771 7.15332
-0.00223502 7.1582

-0.00223502 7.1582
-0.00223233 7.16309

-0.00223233 7.16309
-0.00222964 7.16797

-0.00222964 7.16797
-0.00222697 7.17285

-0.00222697 7.17285
-0.0022243 7.17773

-0.0022243 7.17773
-0.00222165 7.18262

-0.00222165 7.18262
-0.00221899 7.1875

-0.00221899 7.1875
-0.00221635 7.19238

-0.00221635 7.19238
-0.00221372 7.19727

-0.00221372 7.19727
-0.00221109 7.20215

-0.00221109 7.20215
-0.00220847 7.20703

-0.00220847 7.20703
-0.00220586 7.21191

-0.00220586 7.21191
-0.00220325 7.2168

-0.00220325 7.2168
-0.00220066 7.22168

-0.00220066 7.22168
-0.00219807 7.22656

-0.00219807 7.22656
-0.00219549 7.23145

-0.00219549 7.23145
-0.00219292 7.23633

-0.00219292 7.23633
-0.00219035 7.24121

-0.00219035 7.24121
-0.00218779 7.24609

-0.00218779 7.24609
-0.00218524 7.25098

-0.00218524 7.25098
-0.0021827 7.25586

-0.0021827 7.25586
-0.00218016 7.26074

-0.00218016 7.26074
-0.00217763 7.26562

-0.00217763 7.26562
-0.00217511 7.27051

-0.00217511 7.27051
-0.0021726 7.27539

-0.0021726 7.27539
-0.00217009 7.28027

-0.00217009 7.28027
-0.00216759 7.28516

-0.00216759 7.28516
-0.0021651 7.29004

-0.0021651 7.29004
-0.00216262 7.29492

-0.00216262 7.29492
-0.00216014 7.2998

-0.00216014 7.2998
-0.00215768 7.30469

-0.00215768 7.30469
-0.00215521 7.30957

-0.00215521 7.30957
-0.00215276 7.31445

-0.00215276 7.31445
-0.00215031 7.31934

-0.00215031 7.31934
-0.00214788 7.32422

-0.00214788 7.32422
-0.00214544 7.3291

-0.00214544 7.3291
-0.00214302 7.33398

-0.00214302 7.33398
-0.0021406 7.33887

-0.0021406 7.33887
-0.00213819 7.34375

-0.00213819 7.34375
-0.00213578 7.34863

-0.00213578 7.34863
-0.00213339 7.35352

-0.00213338 7.35352
-0.002131 7.3584

-0.002131 7.3584
-0.00212861 7.36328

-0.00212861 7.36328
-0.00212624 7.36816

-0.00212624 7.36816
-0.00212387 7.37305

-0.00212387 7.37305
-0.00212151 7.37793

-0.00212151 7.37793
-0.00211916 7.38281

-0.00211916 7.38281
-0.00211682 7.3877

-0.00211682 7.3877
-0.00211448 7.39258

-0.00211448 7.39258
-0.00211215 7.39746

-0.00211215 7.39746
-0.00210982 7.40234

-0.00210982 7.40234
-0.0021075 7.40723

-0.0021075 7.40723
-0.00210519 7.41211

-0.00210519 7.41211
-0.00210289 7.41699

-0.00210289 7.41699
-0.00210059 7.42188

-0.00210059 7.42188
-0.0020983 7.42676

-0.0020983 7.42676
-0.00209602 7.43164

-0.00209602 7.43164
-0.00209374 7.43652

-0.00209374 7.43652
-0.00209147 7.44141

-0.00209147 7.44141
-0.00208921 7.44629

-0.00208921 7.44629
-0.00208695 7.45117

-0.00208695 7.45117
-0.0020847 7.45605

-0.0020847 7.45605
-0.00208246 7.46094

-0.00208246 7.46094
-0.00208022 7.46582

-0.00208022 7.46582
-0.00207799 7.4707

-0.00207799 7.4707
-0.00207577 7.47559

-0.00207577 7.47559
-0.00207355 7.48047

-0.00207355 7.48047
-0.00207134 7.48535

-0.00207134 7.48535
-0.00206914 7.49023

-0.00206914 7.49023
-0.00206694 7.49512

-0.00206694 7.49512
-0.00206475 7.5

-0.00206475 7.5
-0.00206257 7.50488

-0.00206257 7.50488
-0.00206039 7.50977

-0.00206039 7.50977
-0.00205822 7.51465

-0.00205822 7.51465
-0.00205606 7.51953

-0.00205606 7.51953
-0.00205391 7.52441

-0.00205391 7.52441
-0.00205176 7.5293

-0.00205176 7.5293
-0.00204962 7.53418

-0.00204962 7.53418
-0.00204748 7.53906

-0.00204748 7.53906
-0.00204535 7.54395

-0.00204535 7.54395
-0.00204323 7.54883

-0.00204323 7.54883
-0.00204112 7.55371

-0.00204112 7.55371
-0.00203901 7.55859

-0.00203901 7.55859
-0.00203691 7.56348

-0.00203691 7.56348
-0.00203481 7.56836

-0.00203481 7.56836
-0.00203272 7.57324

-0.00203272 7.57324
-0.00203064 7.57812

-0.00203064 7.57812
-0.00202857 7.58301

-0.00202857 7.58301
-0.0020265 7.58789

-0.0020265 7.58789
-0.00202444 7.59277

-0.00202444 7.59277
-0.00202238 7.59766

-0.00202238 7.59766
-0.00202033 7.60254

-0.00202033 7.60254
-0.00201829 7.60742

-0.00201829 7.60742
-0.00201625 7.6123

-0.00201625 7.6123
-0.00201422 7.61719

-0.00201422 7.61719
-0.00201219 7.62207

-0.00201219 7.62207
-0.00201017 7.62695

-0.00201017 7.62695
-0.00200815 7.63184

-0.00200815 7.63184
-0.00200614 7.63672

-0.00200614 7.63672
-0.00200414 7.6416

-0.00200414 7.6416
-0.00200215 7.64648

-0.00200215 7.64648
-0.00200016 7.65137

-0.00200016 7.65137
-0.00199817 7.65625

-0.00199817 7.65625
-0.0019962 7.66113

-0.0019962 7.66113
-0.00199422 7.66602

-0.00199422 7.66602
-0.00199226 7.6709

-0.00199226 7.6709
-0.0019903 7.67578

-0.0019903 7.67578
-0.00198835 7.68066

-0.00198835 7.68066
-0.0019864 7.68555

-0.0019864 7.68555
-0.00198446 7.69043

-0.00198446 7.69043
-0.00198253 7.69531

-0.00198253 7.69531
-0.0019806 7.7002

-0.0019806 7.7002
-0.00197867 7.70508

-0.00197867 7.70508
-0.00197676 7.70996

-0.00197676 7.70996
-0.00197485 7.71484

-0.00197485 7.71484
-0.00197294 7.71973

-0.00197294 7.71973
-0.00197105 7.72461

-0.00197105 7.72461
-0.00196915 7.72949

-0.00196915 7.72949
-0.00196727 7.73438

-0.00196727 7.73438
-0.00196539 7.73926

-0.00196539 7.73926
-0.00196352 7.74414

-0.00196352 7.74414
-0.00196165 7.74902

-0.00196165 7.74902
-0.00195979 7.75391

-0.00195979 7.75391
-0.00195793 7.75879

-0.00195793 7.75879
-0.00195608 7.76367

-0.00195608 7.76367
-0.00195424 7.76855

-0.00195424 7.76855
-0.0019524 7.77344

-0.0019524 7.77344
-0.00195056 7.77832

-0.00195056 7.77832
-0.00194873 7.7832

-0.00194873 7.7832
-0.00194691 7.78809

-0.00194691 7.78809
-0.0019451 7.79297

-0.0019451 7.79297
-0.00194328 7.79785

-0.00194328 7.79785
-0.00194148 7.80273

-0.00194148 7.80273
-0.00193968 7.80762

-0.00193968 7.80762
-0.00193789 7.8125

-0.00193789 7.8125
-0.0019361 7.81738

-0.0019361 7.81738
-0.00193432 7.82227

-0.00193432 7.82227
-0.00193254 7.82715

-0.00193254 7.82715
-0.00193077 7.83203

-0.00193077 7.83203
-0.00192901 7.83691

-0.00192901 7.83691
-0.00192725 7.8418

-0.00192725 7.8418
-0.0019255 7.84668

-0.0019255 7.84668
-0.00192375 7.85156

-0.00192375 7.85156
-0.00192201 7.85645

-0.00192201 7.85645
-0.00192027 7.86133

-0.00192027 7.86133
-0.00191854 7.86621

-0.00191854 7.86621
-0.00191682 7.87109

-0.00191682 7.87109
-0.0019151 7.87598

-0.0019151 7.87598
-0.00191338 7.88086

-0.00191338 7.88086
-0.00191167 7.88574

-0.00191167 7.88574
-0.00190997 7.89062

-0.00190997 7.89062
-0.00190827 7.89551

-0.00190827 7.89551
-0.00190658 7.90039

-0.00190658 7.90039
-0.00190489 7.90527

-0.00190489 7.90527
-0.00190321 7.91016

-0.00190321 7.91016
-0.00190154 7.91504

-0.00190154 7.91504
-0.00189987 7.91992

-0.00189987 7.91992
-0.0018982 7.9248

-0.0018982 7.9248
-0.00189654 7.92969

-0.00189654 7.92969
-0.00189489 7.93457

-0.00189489 7.93457
-0.00189324 7.93945

-0.00189324 7.93945
-0.0018916 7.94434

-0.0018916 7.94434
-0.00188996 7.94922

-0.00188996 7.94922
-0.00188833 7.9541

-0.00188833 7.9541
-0.00188671 7.95898

-0.00188671 7.95898
-0.00188509 7.96387

-0.00188509 7.96387
-0.00188347 7.96875

-0.00188347 7.96875
-0.00188186 7.97363

-0.00188186 7.97363
-0.00188026 7.97852

-0.00188026 7.97852
-0.00187866 7.9834

-0.00187866 7.9834
-0.00187707 7.98828

-0.00187707 7.98828
-0.00187548 7.99316

-0.00187548 7.99316
-0.0018739 7.99805

-0.0018739 7.99805
-0.00187232 8.00293

-0.00187232 8.00293
-0.00187075 8.00781

-0.00187075 8.00781
-0.00186918 8.0127

-0.00186918 8.0127
-0.00186762 8.01758

-0.00186762 8.01758
-0.00186606 8.02246

-0.00186606 8.02246
-0.00186451 8.02734

-0.00186451 8.02734
-0.00186297 8.03223

-0.00186297 8.03223
-0.00186143 8.03711

-0.00186143 8.03711
-0.00185989 8.04199

-0.00185989 8.04199
-0.00185836 8.04688

-0.00185836 8.04688
-0.00185684 8.05176

-0.00185684 8.05176
-0.00185531 8.05664

-0.00185531 8.05664
-0.0018538 8.06152

-0.0018538 8.06152
-0.00185229 8.06641

-0.00185229 8.06641
-0.00185078 8.07129

-0.00185078 8.07129
-0.00184928 8.07617

-0.00184928 8.07617
-0.00184779 8.08105

-0.00184779 8.08105
-0.0018463 8.08594

-0.0018463 8.08594
-0.00184481 8.09082

-0.00184481 8.09082
-0.00184333 8.0957

-0.00184333 8.0957
-0.00184186 8.10059

-0.00184186 8.10059
-0.00184039 8.10547

-0.00184039 8.10547
-0.00183893 8.11035

-0.00183893 8.11035
-0.00183747 8.11523

-0.00183747 8.11523
-0.00183602 8.12012

-0.00183602 8.12012
-0.00183457 8.125

-0.00183457 8.125
-0.00183313 8.12988

-0.00183313 8.12988
-0.00183169 8.13477

-0.00183169 8.13477
-0.00183026 8.13965

-0.00183026 8.13965
-0.00182883 8.14453

-0.00182883 8.14453
-0.00182741 8.14941

-0.00182741 8.14941
-0.00182599 8.1543

-0.00182599 8.1543
-0.00182458 8.15918

-0.00182458 8.15918
-0.00182317 8.16406

-0.00182317 8.16406
-0.00182177 8.16895

-0.00182177 8.16895
-0.00182038 8.17383

-0.00182038 8.17383
-0.00181899 8.17871

-0.00181899 8.17871
-0.0018176 8.18359

-0.0018176 8.18359
-0.00181622 8.18848

-0.00181622 8.18848
-0.00181484 8.19336

-0.00181484 8.19336
-0.00181347 8.19824

-0.00181347 8.19824
-0.0018121 8.20312

-0.0018121 8.20312
-0.00181074 8.20801

-0.00181074 8.20801
-0.00180938 8.21289

-0.00180938 8.21289
-0.00180803 8.21777

-0.00180803 8.21777
-0.00180668 8.22266

-0.00180668 8.22266
-0.00180534 8.22754

-0.00180534 8.22754
-0.001804 8.23242

-0.001804 8.23242
-0.00180266 8.2373

-0.00180266 8.2373
-0.00180133 8.24219

-0.00180133 8.24219
-0.00180001 8.24707

-0.00180001 8.24707
-0.00179869 8.25195

-0.00179869 8.25195
-0.00179737 8.25684

-0.00179737 8.25684
-0.00179606 8.26172

-0.00179606 8.26172
-0.00179475 8.2666

-0.00179475 8.2666
-0.00179345 8.27148

-0.00179345 8.27148
-0.00179215 8.27637

-0.00179215 8.27637
-0.00179086 8.28125

-0.00179086 8.28125
-0.00178957 8.28613

-0.00178957 8.28613
-0.00178829 8.29102

-0.00178829 8.29102
-0.00178701 8.2959

-0.00178701 8.2959
-0.00178574 8.30078

-0.00178574 8.30078
-0.00178447 8.30566

-0.00178447 8.30566
-0.00178321 8.31055

-0.00178321 8.31055
-0.00178195 8.31543

-0.00178195 8.31543
-0.00178069 8.32031

-0.0017807 8.32031
-0.00177945 8.3252

-0.00177945 8.3252
-0.0017782 8.33008

-0.0017782 8.33008
-0.00177696 8.33496

-0.00177696 8.33496
-0.00177572 8.33984

-0.00177572 8.33984
-0.00177449 8.34473

-0.00177449 8.34473
-0.00177326 8.34961

-0.00177326 8.34961
-0.00177204 8.35449

-0.00177204 8.35449
-0.00177082 8.35938

-0.00177082 8.35938
-0.00176961 8.36426

-0.00176961 8.36426
-0.0017684 8.36914

-0.0017684 8.36914
-0.00176719 8.37402

-0.00176719 8.37402
-0.00176599 8.37891

-0.00176599 8.37891
-0.00176479 8.38379

-0.00176479 8.38379
-0.0017636 8.38867

-0.0017636 8.38867
-0.00176241 8.39355

-0.00176241 8.39355
-0.00176123 8.39844

-0.00176123 8.39844
-0.00176005 8.40332

-0.00176005 8.40332
-0.00175888 8.4082

-0.00175888 8.4082
-0.00175771 8.41309

-0.00175771 8.41309
-0.00175654 8.41797

-0.00175654 8.41797
-0.00175538 8.42285

-0.00175538 8.42285
-0.00175423 8.42773

-0.00175423 8.42773
-0.00175308 8.43262

-0.00175308 8.43262
-0.00175193 8.4375

-0.00175193 8.4375
-0.00175079 8.44238

-0.00175079 8.44238
-0.00174966 8.44727

-0.00174966 8.44727
-0.00174853 8.45215

-0.00174853 8.45215
-0.0017474 8.45703

-0.0017474 8.45703
-0.00174628 8.46191

-0.00174628 8.46191
-0.00174516 8.4668

-0.00174516 8.4668
-0.00174404 8.47168

-0.00174404 8.47168
-0.00174293 8.47656

-0.00174293 8.47656
-0.00174183 8.48145

-0.00174183 8.48145
-0.00174073 8.48633

-0.00174073 8.48633
-0.00173963 8.49121

-0.00173963 8.49121
-0.00173854 8.49609

-0.00173854 8.49609
-0.00173745 8.50098

-0.00173745 8.50098
-0.00173637 8.50586

-0.00173637 8.50586
-0.00173529 8.51074

-0.00173529 8.51074
-0.00173422 8.51562

-0.00173422 8.51562
-0.00173315 8.52051

-0.00173315 8.52051
-0.00173208 8.52539

-0.00173208 8.52539
-0.00173102 8.53027

-0.00173102 8.53027
-0.00172996 8.53516

-0.00172996 8.53516
-0.00172891 8.54004

-0.00172891 8.54004
-0.00172786 8.54492

-0.00172786 8.54492
-0.00172681 8.5498

-0.00172681 8.5498
-0.00172577 8.55469

-0.00172577 8.55469
-0.00172473 8.55957

-0.00172473 8.55957
-0.0017237 8.56445

-0.0017237 8.56445
-0.00172268 8.56934

-0.00172268 8.56934
-0.00172165 8.57422

-0.00172165 8.57422
-0.00172063 8.5791

-0.00172063 8.5791
-0.00171962 8.58398

-0.00171962 8.58398
-0.00171861 8.58887

-0.00171861 8.58887
-0.0017176 8.59375

-0.0017176 8.59375
-0.0017166 8.59863

-0.0017166 8.59863
-0.0017156 8.60352

-0.0017156 8.60352
-0.00171461 8.6084

-0.00171461 8.6084
-0.00171362 8.61328

-0.00171362 8.61328
-0.00171264 8.61816

-0.00171264 8.61816
-0.00171166 8.62305

-0.00171166 8.62305
-0.00171068 8.62793

-0.00171068 8.62793
-0.00170971 8.63281

-0.00170971 8.63281
-0.00170874 8.6377

-0.00170874 8.6377
-0.00170778 8.64258

-0.00170778 8.64258
-0.00170682 8.64746

-0.00170682 8.64746
-0.00170586 8.65234

-0.00170586 8.65234
-0.00170491 8.65723

-0.00170491 8.65723
-0.00170397 8.66211

-0.00170397 8.66211
-0.00170302 8.66699

-0.00170302 8.66699
-0.00170208 8.67188

-0.00170208 8.67188
-0.00170115 8.67676

-0.00170115 8.67676
-0.00170022 8.68164

-0.00170022 8.68164
-0.00169929 8.68652

-0.00169929 8.68652
-0.00169836 8.69141

-0.00169836 8.69141
-0.00169744 8.69629

-0.00169744 8.69629
-0.00169652 8.70117

-0.00169652 8.70117
-0.00169561 8.70605

-0.00169561 8.70605
-0.0016947 8.71094

-0.0016947 8.71094
-0.00169379 8.71582

-0.00169379 8.71582
-0.00169289 8.7207

-0.00169289 8.7207
-0.00169199 8.72559

-0.00169199 8.72559
-0.0016911 8.73047

-0.0016911 8.73047
-0.00169021 8.73535

-0.00169021 8.73535
-0.00168932 8.74023

-0.00168932 8.74023
-0.00168844 8.74512

-0.00168844 8.74512
-0.00168756 8.75

-0.00168756 8.75
-0.00168668 8.75488

-0.00168668 8.75488
-0.00168581 8.75977

-0.00168581 8.75977
-0.00168495 8.76465

-0.00168495 8.76465
-0.00168409 8.76953

-0.00168409 8.76953
-0.00168323 8.77441

-0.00168323 8.77441
-0.00168238 8.7793

-0.00168238 8.7793
-0.00168154 8.78418

-0.00168154 8.78418
-0.00168069 8.78906

-0.00168069 8.78906
-0.00167985 8.79395

-0.00167985 8.79395
-0.00167902 8.79883

-0.00167902 8.79883
-0.00167818 8.80371

-0.00167818 8.80371
-0.00167736 8.80859

-0.00167736 8.80859
-0.00167653 8.81348

-0.00167653 8.81348
-0.00167571 8.81836

-0.00167571 8.81836
-0.0016749 8.82324

-0.0016749 8.82324
-0.00167409 8.82812

-0.00167409 8.82812
-0.00167328 8.83301

-0.00167328 8.83301
-0.00167248 8.83789

-0.00167248 8.83789
-0.00167168 8.84277

-0.00167168 8.84277
-0.00167088 8.84766

-0.00167088 8.84766
-0.00167009 8.85254

-0.00167009 8.85254
-0.0016693 8.85742

-0.0016693 8.85742
-0.00166851 8.8623

-0.00166851 8.8623
-0.00166773 8.86719

-0.00166773 8.86719
-0.00166695 8.87207

-0.00166695 8.87207
-0.00166617 8.87695

-0.00166617 8.87695
-0.0016654 8.88184

-0.0016654 8.88184
-0.00166464 8.88672

-0.00166464 8.88672
-0.00166387 8.8916

-0.00166387 8.8916
-0.00166311 8.89648

-0.00166311 8.89648
-0.00166236 8.90137

-0.00166236 8.90137
-0.0016616 8.90625

-0.0016616 8.90625
-0.00166086 8.91113

-0.00166086 8.91113
-0.00166011 8.91602

-0.00166011 8.91602
-0.00165937 8.9209

-0.00165937 8.9209
-0.00165863 8.92578

-0.00165863 8.92578
-0.0016579 8.93066

-0.0016579 8.93066
-0.00165717 8.93555

-0.00165717 8.93555
-0.00165645 8.94043

-0.00165645 8.94043
-0.00165573 8.94531

-0.00165573 8.94531
-0.00165501 8.9502

-0.00165501 8.9502
-0.00165429 8.95508

-0.00165429 8.95508
-0.00165358 8.95996

-0.00165358 8.95996
-0.00165288 8.96484

-0.00165288 8.96484
-0.00165218 8.96973

-0.00165218 8.96973
-0.00165148 8.97461

-0.00165148 8.97461
-0.00165078 8.97949

-0.00165078 8.97949
-0.00165009 8.98438

-0.00165009 8.98438
-0.00164941 8.98926

-0.00164941 8.98926
-0.00164872 8.99414

-0.00164872 8.99414
-0.00164804 8.99902

-0.00164804 8.99902
-0.00164737 9.00391

-0.00164737 9.00391
-0.00164669 9.00879

-0.00164669 9.00879
-0.00164603 9.01367

-0.00164603 9.01367
-0.00164536 9.01855

-0.00164536 9.01855
-0.0016447 9.02344

-0.0016447 9.02344
-0.00164404 9.02832

-0.00164404 9.02832
-0.00164339 9.0332

-0.00164339 9.0332
-0.00164274 9.03809

-0.00164274 9.03809
-0.0016421 9.04297

-0.0016421 9.04297
-0.00164145 9.04785

-0.00164145 9.04785
-0.00164082 9.05273

-0.00164082 9.05273
-0.00164018 9.05762

-0.00164018 9.05762
-0.00163955 9.0625

-0.00163955 9.0625
-0.00163892 9.06738

-0.00163892 9.06738
-0.0016383 9.07227

-0.0016383 9.07227
-0.00163768 9.07715

-0.00163768 9.07715
-0.00163706 9.08203

-0.00163706 9.08203
-0.00163645 9.08691

-0.00163645 9.08691
-0.00163584 9.0918

-0.00163584 9.0918
-0.00163523 9.09668

-0.00163523 9.09668
-0.00163463 9.10156

-0.00163463 9.10156
-0.00163403 9.10645

-0.00163403 9.10645
-0.00163344 9.11133

-0.00163344 9.11133
-0.00163285 9.11621

-0.00163285 9.11621
-0.00163226 9.12109

-0.00163226 9.12109
-0.00163168 9.12598

-0.00163168 9.12598
-0.0016311 9.13086

-0.0016311 9.13086
-0.00163052 9.13574

-0.00163052 9.13574
-0.00162995 9.14062

-0.00162995 9.14062
-0.00162937 9.14551

-0.00162937 9.14551
-0.00162881 9.15039

-0.00162881 9.15039
-0.00162824 9.15527

-0.00162824 9.15527
-0.00162768 9.16016

-0.00162768 9.16016
-0.00162713 9.16504

-0.00162713 9.16504
-0.00162657 9.16992

-0.00162657 9.16992
-0.00162602 9.1748

-0.00162602 9.1748
-0.00162548 9.17969

-0.00162548 9.17969
-0.00162493 9.18457

-0.00162493 9.18457
-0.0016244 9.18945

-0.0016244 9.18945
-0.00162386 9.19434

-0.00162386 9.19434
-0.00162333 9.19922

-0.00162333 9.19922
-0.0016228 9.2041

-0.0016228 9.2041
-0.00162228 9.20898

-0.00162228 9.20898
-0.00162176 9.21387

-0.00162176 9.21387
-0.00162124 9.21875

-0.00162124 9.21875
-0.00162072 9.22363

-0.00162072 9.22363
-0.00162021 9.22852

-0.00162021 9.22852
-0.00161971 9.2334

-0.00161971 9.2334
-0.0016192 9.23828

-0.0016192 9.23828
-0.0016187 9.24316

-0.0016187 9.24316
-0.0016182 9.24805

-0.0016182 9.24805
-0.00161771 9.25293

-0.00161771 9.25293
-0.00161722 9.25781

-0.00161722 9.25781
-0.00161673 9.2627

-0.00161673 9.2627
-0.00161625 9.26758

-0.00161625 9.26758
-0.00161577 9.27246

-0.00161577 9.27246
-0.00161529 9.27734

-0.00161529 9.27734
-0.00161482 9.28223

-0.00161482 9.28223
-0.00161435 9.28711

-0.00161435 9.28711
-0.00161388 9.29199

-0.00161388 9.29199
-0.00161342 9.29688

-0.00161342 9.29688
-0.00161296 9.30176

-0.00161296 9.30176
-0.00161251 9.30664

-0.00161251 9.30664
-0.00161206 9.31152

-0.00161206 9.31152
-0.00161161 9.31641

-0.00161161 9.31641
-0.00161116 9.32129

-0.00161116 9.32129
-0.00161072 9.32617

-0.00161072 9.32617
-0.00161028 9.33105

-0.00161028 9.33105
-0.00160984 9.33594

-0.00160984 9.33594
-0.00160941 9.34082

-0.00160941 9.34082
-0.00160898 9.3457

-0.00160898 9.3457
-0.00160855 9.35059

-0.00160855 9.35059
-0.00160812 9.35547

-0.00160812 9.35547
-0.0016077 9.36035

-0.0016077 9.36035
-0.00160729 9.36523

-0.00160729 9.36523
-0.00160687 9.37012

-0.00160687 9.37012
-0.00160646 9.375

-0.00160646 9.375
-0.00160605 9.37988

-0.00160605 9.37988
-0.00160565 9.38477

-0.00160565 9.38477
-0.00160525 9.38965

-0.00160525 9.38965
-0.00160485 9.39453

-0.00160485 9.39453
-0.00160446 9.39941

-0.00160446 9.39941
-0.00160407 9.4043

-0.00160407 9.4043
-0.00160368 9.40918

-0.00160368 9.40918
-0.0016033 9.41406

-0.0016033 9.41406
-0.00160292 9.41895

-0.00160292 9.41895
-0.00160255 9.42383

-0.00160255 9.42383
-0.00160217 9.42871

-0.00160217 9.42871
-0.0016018 9.43359

-0.0016018 9.43359
-0.00160144 9.43848

-0.00160144 9.43848
-0.00160108 9.44336

-0.00160108 9.44336
-0.00160072 9.44824

-0.00160072 9.44824
-0.00160036 9.45312

-0.00160036 9.45312
-0.00160001 9.45801

-0.00160001 9.45801
-0.00159966 9.46289

-0.00159966 9.46289
-0.00159931 9.46777

-0.00159931 9.46777
-0.00159897 9.47266

-0.00159897 9.47266
-0.00159863 9.47754

-0.00159863 9.47754
-0.00159829 9.48242

-0.00159829 9.48242
-0.00159796 9.4873

-0.00159796 9.4873
-0.00159763 9.49219

-0.00159763 9.49219
-0.0015973 9.49707

-0.0015973 9.49707
-0.00159698 9.50195

-0.00159698 9.50195
-0.00159666 9.50684

-0.00159666 9.50684
-0.00159634 9.51172

-0.00159634 9.51172
-0.00159603 9.5166

-0.00159603 9.5166
-0.00159572 9.52148

-0.00159572 9.52148
-0.00159542 9.52637

-0.00159542 9.52637
-0.00159511 9.53125

-0.00159511 9.53125
-0.00159481 9.53613

-0.00159481 9.53613
-0.00159452 9.54102

-0.00159452 9.54102
-0.00159422 9.5459

-0.00159422 9.5459
-0.00159393 9.55078

-0.00159393 9.55078
-0.00159365 9.55566

-0.00159365 9.55566
-0.00159336 9.56055

-0.00159336 9.56055
-0.00159308 9.56543

-0.00159308 9.56543
-0.00159281 9.57031

-0.00159281 9.57031
-0.00159253 9.5752

-0.00159253 9.5752
-0.00159226 9.58008

-0.00159226 9.58008
-0.00159199 9.58496

-0.00159199 9.58496
-0.00159173 9.58984

-0.00159173 9.58984
-0.00159147 9.59473

-0.00159147 9.59473
-0.00159121 9.59961

-0.00159121 9.59961
-0.00159096 9.60449

-0.00159096 9.60449
-0.00159071 9.60938

-0.00159071 9.60938
-0.00159046 9.61426

-0.00159046 9.61426
-0.00159022 9.61914

-0.00159022 9.61914
-0.00158998 9.62402

-0.00158998 9.62402
-0.00158974 9.62891

-0.00158974 9.62891
-0.0015895 9.63379

-0.0015895 9.63379
-0.00158927 9.63867

-0.00158927 9.63867
-0.00158904 9.64355

-0.00158904 9.64355
-0.00158882 9.64844

-0.00158882 9.64844
-0.0015886 9.65332

-0.0015886 9.65332
-0.00158838 9.6582

-0.00158838 9.6582
-0.00158816 9.66309

-0.00158816 9.66309
-0.00158795 9.66797

-0.00158795 9.66797
-0.00158774 9.67285

-0.00158774 9.67285
-0.00158754 9.67773

-0.00158754 9.67773
-0.00158733 9.68262

-0.00158733 9.68262
-0.00158713 9.6875

-0.00158713 9.6875
-0.00158694 9.69238

-0.00158694 9.69238
-0.00158674 9.69727

-0.00158674 9.69727
-0.00158655 9.70215

-0.00158655 9.70215
-0.00158637 9.70703

-0.00158637 9.70703
-0.00158618 9.71191

-0.00158618 9.71191
-0.001586 9.7168

-0.001586 9.7168
-0.00158582 9.72168

-0.00158582 9.72168
-0.00158565 9.72656

-0.00158565 9.72656
-0.00158548 9.73145

-0.00158548 9.73145
-0.00158531 9.73633

-0.00158531 9.73633
-0.00158514 9.74121

-0.00158514 9.74121
-0.00158498 9.74609

-0.00158498 9.74609
-0.00158482 9.75098

-0.00158482 9.75098
-0.00158466 9.75586

-0.00158466 9.75586
-0.00158451 9.76074

-0.00158451 9.76074
-0.00158436 9.76562

-0.00158436 9.76562
-0.00158421 9.77051

-0.00158421 9.77051
-0.00158407 9.77539

-0.00158407 9.77539
-0.00158393 9.78027

-0.00158393 9.78027
-0.00158379 9.78516

-0.00158379 9.78516
-0.00158366 9.79004

-0.00158366 9.79004
-0.00158353 9.79492

-0.00158353 9.79492
-0.0015834 9.7998

-0.0015834 9.7998
-0.00158327 9.80469

-0.00158327 9.80469
-0.00158315 9.80957

-0.00158315 9.80957
-0.00158303 9.81445

-0.00158303 9.81445
-0.00158291 9.81934

-0.00158291 9.81934
-0.0015828 9.82422

-0.0015828 9.82422
-0.0015827 9.8291

-0.0015827 9.8291
-0.00158259 9.83398

-0.00158259 9.83398
-0.00158248 9.83887

-0.00158248 9.83887
-0.00158237 9.84375

-0.00158237 9.84375
-0.00158227 9.84863

-0.00158227 9.84863
-0.00158218 9.85352

-0.00158218 9.85352
-0.00158209 9.8584

-0.00158209 9.8584
-0.001582 9.86328

-0.001582 9.86328
-0.00158192 9.86816

-0.00158192 9.86816
-0.00158184 9.87305

-0.00158184 9.87305
-0.00158178 9.87793

-0.00158178 9.87793
-0.00158171 9.88281

-0.00158171 9.88281
-0.00158164 9.8877

-0.00158164 9.8877
-0.00158157 9.89258

-0.00158157 9.89258
-0.00158148 9.89746

-0.00158148 9.89746
-0.00158139 9.90234

-0.00158139 9.90234
-0.00158131 9.90723

-0.00158131 9.90723
-0.00158124 9.91211

-0.00158124 9.91211
-0.00158121 9.91699

-0.00158121 9.91699
-0.00158119 9.92188

-0.00158119 9.92188
-0.00158118 9.92676

-0.00158118 9.92676
-0.00158116 9.93164

-0.00158116 9.93164
-0.00158113 9.93652

-0.00158113 9.93652
-0.00158108 9.94141

-0.00158107 9.94141
-0.00158102 9.94629

-0.00158102 9.94629
-0.00158096 9.95117

-0.00158096 9.95117
-0.00158091 9.95605

-0.00158091 9.95605
-0.00158088 9.96094

-0.00158088 9.96094
-0.00158085 9.96582

-0.00158085 9.96582
-0.00158083 9.9707

-0.00158083 9.9707
-0.00158082 9.97559

-0.00158082 9.97559
-0.0015808 9.98047

-0.0015808 9.98047
-0.00158079 9.98535

-0.00158079 9.98535
-0.00158079 9.99023

-0.00158079 9.99023
-0.00158078 9.99512

-0.00158078 9.99512
-0.00158078 10

