-1.71078 0.0
-1.71076 0.00488281

-1.71076 0.00488281
-1.71067 0.00976562

-1.71067 0.00976562
-1.71053 0.0146484

-1.71053 0.0146484
-1.71033 0.0195312

-1.71033 0.0195312
-1.71007 0.0244141

-1.71007 0.0244141
-1.70977 0.0292969

-1.70977 0.0292969
-1.70941 0.0341797

-1.70941 0.0341797
-1.70899 0.0390625

-1.70899 0.0390625
-1.70852 0.0439453

-1.70852 0.0439453
-1.70801 0.0488281

-1.70801 0.0488289
-1.70744 0.0537109

-1.70744 0.0537109
-1.70683 0.0585938

-1.70683 0.0585938
-1.70617 0.0634766

-1.70617 0.0634766
-1.70547 0.0683594

-1.70547 0.0683594
-1.70472 0.0732422

-1.70472 0.0732422
-1.70394 0.078125

-1.70394 0.078125
-1.70313 0.0830078

-1.70313 0.0830078
-1.70312 0.083065

-1.70312 0.0830424
-1.70229 0.0878906

-1.70229 0.0878906
-1.70142 0.0927734

-1.70142 0.0927734
-1.70053 0.0976562

-1.70053 0.0976562
-1.69961 0.102539

-1.69961 0.102539
-1.69868 0.107422

-1.69868 0.107422
-1.69824 0.109656

-1.69824 0.10964
-1.69772 0.112305

-1.69772 0.112305
-1.69675 0.117188

-1.69675 0.117188
-1.69577 0.12207

-1.69577 0.12207
-1.69477 0.126953

-1.69477 0.126953
-1.69378 0.131836

-1.69378 0.131836
-1.69336 0.13389

-1.69336 0.133868
-1.69278 0.136719

-1.69278 0.136719
-1.69178 0.141602

-1.69178 0.141602
-1.69078 0.146484

-1.69078 0.146484
-1.68978 0.151367

-1.68978 0.151367
-1.68879 0.15625

-1.68879 0.15625
-1.68848 0.157819

-1.68848 0.157795
-1.6878 0.161133

-1.6878 0.161133
-1.68682 0.166016

-1.68682 0.166016
-1.68584 0.170898

-1.68584 0.170898
-1.68486 0.175781

-1.68486 0.175781
-1.68389 0.180664

-1.68389 0.180664
-1.68359 0.182174

-1.68359 0.182152
-1.68292 0.185547

-1.68292 0.185547
-1.68195 0.19043

-1.68196 0.19043
-1.68098 0.195312

-1.68098 0.195312
-1.68 0.200195

-1.68 0.200195
-1.679 0.205078

-1.67901 0.205078
-1.67871 0.206478

-1.67871 0.206478
-1.67798 0.209961

-1.67798 0.209961
-1.67692 0.214844

-1.67692 0.214844
-1.67581 0.219727

-1.67582 0.219727
-1.67463 0.224609

-1.67464 0.224609
-1.67383 0.2277

-1.67383 0.227717
-1.67336 0.229492

-1.67337 0.229492
-1.67198 0.234375

-1.67199 0.234375
-1.67045 0.239258

-1.67047 0.239258
-1.66895 0.243526

-1.66895 0.243552
-1.66874 0.244141

-1.66873 0.244141
-1.66673 0.249023

-1.66676 0.249023
-1.66443 0.253906

-1.66444 0.253906
-1.66406 0.254584

-1.66406 0.254582
-1.66168 0.258789

-1.66174 0.258789
-1.65918 0.262533

-1.65918 0.262541
-1.6584 0.263672

-1.65845 0.263672
-1.65431 0.268555

-1.65438 0.268555
-1.6543 0.268639

-1.6543 0.268609
-1.64941 0.273222

-1.64941 0.273208
-1.64912 0.273438

-1.64904 0.273438
-1.64453 0.276795

-1.64453 0.276738
-1.64185 0.27832

-1.64191 0.27832
-1.63965 0.279652

-1.63965 0.279587
-1.63477 0.281886

-1.63477 0.281854
-1.63121 0.283203

-1.63132 0.283203
-1.62988 0.283748

-1.62988 0.283695
-1.625 0.285185

-1.625 0.285162
-1.62012 0.286379

-1.62012 0.286369
-1.61523 0.287378

-1.61523 0.287363
-1.61105 0.288086

-1.61119 0.288086
-1.61035 0.288231

-1.61035 0.288206
-1.60547 0.288919

-1.60547 0.28891
-1.60059 0.289519

-1.60059 0.289514
-1.5957 0.290048

-1.5957 0.290045
-1.59082 0.290519

-1.59082 0.290517
-1.58594 0.290945

-1.58594 0.290941
-1.58105 0.291338

-1.58105 0.291337
-1.57617 0.291715

-1.57617 0.291712
-1.57129 0.292081

-1.57129 0.292079
-1.56641 0.292448

-1.56656 0.292969
-1.56641 0.29298

-1.56641 0.292444
-1.56152 0.292822

-1.56152 0.292819
-1.55964 0.292969

-1.56209 0.292969
-1.56152 0.293013

-1.55976 0.292969
-1.55664 0.293217

-1.55664 0.293211
-1.55176 0.293613

-1.55176 0.293611
-1.54688 0.294036

-1.54688 0.294035
-1.54199 0.294487

-1.54199 0.294486
-1.53711 0.294968

-1.53711 0.294968
-1.53223 0.295481

-1.53223 0.295481
-1.52734 0.296028

-1.52734 0.296027
-1.52246 0.296611

-1.52246 0.296611
-1.51758 0.297233

-1.51758 0.297231
-1.51299 0.297852

-1.51324 0.297852
-1.5127 0.297925

-1.5127 0.297896
-1.50781 0.298592

-1.50781 0.29859
-1.50293 0.299324

-1.50293 0.299324
-1.49805 0.300099

-1.49805 0.300099
-1.49316 0.300917

-1.49316 0.300917
-1.48828 0.301777

-1.48828 0.301776
-1.4834 0.302677

-1.4834 0.302676
-1.48309 0.302734

-1.48366 0.302734
-1.4834 0.302782

-1.48312 0.302734
-1.47852 0.303616

-1.47852 0.303613
-1.47363 0.304587

-1.47363 0.304587
-1.46875 0.305607

-1.46875 0.305606
-1.46387 0.306673

-1.46387 0.306673
-1.45971 0.307617

-1.45978 0.307617
-1.45898 0.307798

-1.45898 0.307786
-1.4541 0.308931

-1.4541 0.308929
-1.44922 0.310115

-1.44922 0.310114
-1.44434 0.311345

-1.44434 0.311345
-1.4399 0.3125

-1.43997 0.3125
-1.43945 0.312635

-1.43945 0.312618
-1.43457 0.313923

-1.43457 0.313919
-1.42969 0.315264

-1.42969 0.315264
-1.4248 0.316654

-1.4248 0.316656
-1.42232 0.317383

-1.42234 0.317383
-1.41992 0.318091

-1.41992 0.318085
-1.41504 0.319543

-1.41504 0.319541
-1.41016 0.321039

-1.41016 0.32104
-1.40626 0.322266

-1.4063 0.322266
-1.40527 0.322587

-1.40527 0.322576
-1.40039 0.32414

-1.40039 0.324136
-1.39551 0.325738

-1.39551 0.32574
-1.39132 0.327148

-1.39136 0.327148
-1.39062 0.327397

-1.39062 0.327386
-1.38574 0.329058

-1.38574 0.329054
-1.38086 0.330758

-1.38086 0.33076
-1.37728 0.332031

-1.37732 0.332031
-1.37598 0.332507

-1.37598 0.332497
-1.37109 0.334259

-1.37109 0.334255
-1.36621 0.336053

-1.36621 0.336056
-1.36392 0.336914

-1.36394 0.336914
-1.36133 0.337895

-1.36133 0.337889
-1.35645 0.339746

-1.35645 0.339745
-1.35156 0.341632

-1.35164 0.341797
-1.35156 0.341827

-1.35156 0.341633
-1.35114 0.341797

-1.35115 0.341797
-1.34668 0.343546

-1.34668 0.343539
-1.3418 0.345477

-1.3418 0.345478
-1.33882 0.34668

-1.33884 0.34668
-1.33691 0.347457

-1.33691 0.34745
-1.33203 0.349443

-1.33203 0.349442
-1.32715 0.351461

-1.32715 0.351463
-1.32691 0.351562

-1.32723 0.351562
-1.32715 0.351596

-1.32692 0.351562
-1.32227 0.353503

-1.32227 0.353496
-1.31738 0.355557

-1.31738 0.355559
-1.31531 0.356445

-1.31532 0.356445
-1.3125 0.357653

-1.3125 0.357647
-1.30762 0.359755

-1.30762 0.359755
-1.30401 0.361328

-1.30404 0.361328
-1.30273 0.361896

-1.30273 0.361887
-1.29785 0.364031

-1.29785 0.364027
-1.29297 0.366194

-1.29305 0.366211
-1.29297 0.366247

-1.29297 0.366197
-1.29294 0.366211

-1.29294 0.366211
-1.28809 0.368387

-1.28809 0.368382
-1.2832 0.370589

-1.2832 0.370592
-1.2821 0.371094

-1.28211 0.371094
-1.27832 0.372817

-1.27832 0.37281
-1.27344 0.375045

-1.27344 0.375047
-1.27142 0.375977

-1.27144 0.375977
-1.26855 0.377307

-1.26855 0.3773
-1.26367 0.379571

-1.26367 0.379572
-1.26092 0.380859

-1.26094 0.380859
-1.25879 0.381866

-1.25879 0.381858
-1.25391 0.384153

-1.25391 0.384151
-1.25054 0.385742

-1.25056 0.385742
-1.24902 0.386471

-1.24902 0.386463
-1.24414 0.388788

-1.24414 0.388787
-1.2403 0.390625

-1.24033 0.390625
-1.23926 0.391137

-1.23926 0.391129
-1.23438 0.393474

-1.23438 0.39347
-1.23015 0.395508

-1.23018 0.395508
-1.22949 0.39584

-1.22949 0.395831
-1.22461 0.398201

-1.22461 0.398198
-1.22012 0.400391

-1.22015 0.400391
-1.21973 0.400595

-1.21973 0.400585
-1.21484 0.402975

-1.21484 0.402969
-1.21015 0.405273

-1.21019 0.405273
-1.20996 0.405384

-1.20996 0.405372
-1.20508 0.407781

-1.20508 0.407777
-1.20028 0.410156

-1.20031 0.410156
-1.2002 0.410215

-1.2002 0.410203
-1.19531 0.41263

-1.19531 0.412625
-1.19047 0.415039

-1.19051 0.415039
-1.19043 0.415078

-1.19043 0.415064
-1.18555 0.417508

-1.18555 0.417504
-1.18074 0.419922

-1.18077 0.419922
-1.18066 0.419976

-1.18066 0.419964
-1.17578 0.422426

-1.17578 0.422421
-1.17107 0.424805

-1.17109 0.424805
-1.1709 0.424904

-1.1709 0.424893
-1.16602 0.427371

-1.16602 0.427367
-1.16146 0.429688

-1.16149 0.429688
-1.16113 0.429867

-1.16113 0.429859
-1.15625 0.432354

-1.15625 0.432349
-1.15191 0.43457

-1.15194 0.43457
-1.15137 0.434862

-1.15137 0.434854
-1.14648 0.437364

-1.14648 0.437361
-1.14243 0.439453

-1.14245 0.439453
-1.1416 0.439891

-1.1416 0.439884
-1.13672 0.442411

-1.13672 0.442407
-1.133 0.444336

-1.13302 0.444336
-1.13184 0.444951

-1.13184 0.444944
-1.12695 0.447487

-1.12695 0.447484
-1.12363 0.449219

-1.12365 0.449219
-1.12207 0.450045

-1.12207 0.450039
-1.11719 0.452599

-1.11719 0.452596
-1.11432 0.454102

-1.11434 0.454102
-1.1123 0.455169

-1.1123 0.455163
-1.10742 0.457739

-1.10742 0.457738
-1.10507 0.458984

-1.10508 0.458984
-1.10254 0.460328

-1.10254 0.460323
-1.09766 0.462914

-1.09766 0.462914
-1.09586 0.463867

-1.09587 0.463867
-1.09277 0.465516

-1.09277 0.465511
-1.08789 0.468118

-1.08789 0.46812
-1.08671 0.46875

-1.08672 0.46875
-1.08301 0.470738

-1.08301 0.470734
-1.07812 0.473355

-1.07812 0.473358
-1.07761 0.473633

-1.07762 0.473633
-1.07324 0.475988

-1.07324 0.475984
-1.06855 0.478516

-1.06857 0.478516
-1.06836 0.47863

-1.06836 0.478625
-1.06348 0.481269

-1.06348 0.481265
-1.05954 0.483398

-1.05956 0.483398
-1.05859 0.483923

-1.05859 0.483917
-1.05371 0.486574

-1.05371 0.48657
-1.05057 0.488281

-1.05059 0.488281
-1.04883 0.489241

-1.04883 0.489238
-1.04395 0.491908

-1.04395 0.491906
-1.04165 0.493164

-1.04166 0.493164
-1.03906 0.494586

-1.03906 0.494581
-1.03418 0.497263

-1.03418 0.497263
-1.03276 0.498047

-1.03276 0.498047
-1.0293 0.499954

-1.0293 0.499951
-1.02441 0.502645

-1.02441 0.502648
-1.0239 0.50293

-1.02391 0.50293
-1.01953 0.505346

-1.01953 0.505342
-1.01507 0.507812

-1.01508 0.507812
-1.01465 0.508053

-1.01465 0.508048
-1.00977 0.510758

-1.00977 0.510755
-1.00627 0.512695

-1.00629 0.512695
-1.00488 0.513476

-1.00488 0.513471
-1.0 0.516189

-1.0 0.516187
-0.997504 0.517578

-0.997513 0.517578
-0.995117 0.518914

-0.995117 0.51891
-0.990234 0.521639

-0.990234 0.521639
-0.988764 0.522461

-0.98877 0.522461
-0.985352 0.524373

-0.985352 0.524369
-0.980469 0.527105

-0.980469 0.527108
-0.980047 0.527344

-0.98005 0.527344
-0.975586 0.529849

-0.975586 0.529846
-0.97135 0.532227

-0.971363 0.532227
-0.970703 0.532597

-0.970703 0.532593
-0.96582 0.535342

-0.96582 0.535338
-0.962678 0.537109

-0.962689 0.537109
-0.960938 0.538097

-0.960938 0.538093
-0.956055 0.54085

-0.956055 0.540849
-0.954031 0.541992

-0.954038 0.541992
-0.951172 0.543612

-0.951172 0.543609
-0.946289 0.546373

-0.946289 0.546374
-0.945405 0.546875

-0.945408 0.546875
-0.941406 0.549144

-0.941406 0.549142
-0.936799 0.551758

-0.936809 0.551758
-0.936523 0.551919

-0.936523 0.551916
-0.931641 0.554692

-0.931641 0.554688
-0.92821 0.556641

-0.92822 0.556641
-0.926758 0.557473

-0.926758 0.55747
-0.921875 0.560255

-0.921875 0.560253
-0.919651 0.561523

-0.919657 0.561523
-0.916992 0.563045

-0.916992 0.563042
-0.912109 0.565834

-0.912109 0.565835
-0.911111 0.566406

-0.911114 0.566406
-0.907227 0.568632

-0.907227 0.56863
-0.902589 0.571289

-0.902597 0.571289
-0.902344 0.571433

-0.902344 0.571432
-0.897461 0.574237

-0.897461 0.574233
-0.89409 0.576172

-0.894103 0.576172
-0.892578 0.577049

-0.892578 0.577044
-0.887695 0.579858

-0.887695 0.579856
-0.885618 0.581055

-0.885624 0.581055
-0.882812 0.582677

-0.882812 0.582674
-0.87793 0.585497

-0.87793 0.585498
-0.877168 0.585938

-0.877171 0.585938
-0.873047 0.588325

-0.873047 0.588323
-0.86874 0.59082

-0.868747 0.59082
-0.868164 0.591156

-0.868164 0.591156
-0.863281 0.593991

-0.863281 0.593988
-0.860333 0.595703

-0.860339 0.595703
-0.858398 0.596832

-0.858398 0.59683
-0.853516 0.599676

