-1.72593 0.0
-1.72582 0.00976562

-1.72582 0.00976562
-1.72551 0.0195312

-1.72551 0.0195312
-1.72499 0.0292969

-1.72499 0.0292969
-1.72427 0.0390625

-1.72427 0.0390625
-1.72334 0.0488281

-1.72333 0.0488281
-1.72266 0.0547261

-1.72266 0.0547069
-1.72221 0.0585938

-1.72221 0.0585938
-1.7209 0.0683594

-1.7209 0.0683594
-1.71941 0.078125

-1.71941 0.078125
-1.71773 0.0878906

-1.71772 0.0878906
-1.71587 0.0976562

-1.71587 0.0976562
-1.71387 0.107422

-1.71387 0.107422
-1.71289 0.111947

-1.71289 0.111903
-1.71174 0.117188

-1.71175 0.117188
-1.7095 0.126953

-1.70949 0.126953
-1.70714 0.136719

-1.70714 0.136719
-1.70471 0.146484

-1.70471 0.146484
-1.70312 0.152733

-1.70312 0.15268
-1.70222 0.15625

-1.70223 0.15625
-1.69971 0.166016

-1.6997 0.166016
-1.69715 0.175781

-1.69715 0.175781
-1.69459 0.185547

-1.6946 0.185547
-1.69336 0.190322

-1.69336 0.190253
-1.69204 0.195312

-1.69205 0.195312
-1.68952 0.205078

-1.68952 0.205078
-1.68699 0.214844

-1.68699 0.214844
-1.68445 0.224609

-1.68447 0.224609
-1.68359 0.227933

-1.68359 0.227892
-1.68189 0.234375

-1.68191 0.234375
-1.67928 0.244141

-1.6793 0.244141
-1.67651 0.253906

-1.67655 0.253906
-1.67383 0.262614

-1.67383 0.262631
-1.6735 0.263672

-1.67353 0.263672
-1.67006 0.273438

-1.67016 0.273438
-1.66599 0.283203

-1.66609 0.283203
-1.66406 0.286913

-1.66406 0.286991
-1.6608 0.292969

-1.66105 0.292969
-1.6543 0.30201

-1.6543 0.302099
-1.65377 0.302734

-1.65393 0.302734
-1.64453 0.311733

-1.64453 0.311455
-1.64299 0.3125

-1.64455 0.3125
-1.64453 0.312515

-1.64318 0.3125
-1.63477 0.318012

-1.63477 0.317739
-1.625 0.321982

-1.62527 0.322266
-1.625 0.322382

-1.625 0.321768
-1.6233 0.322266

-1.62363 0.322266
-1.61523 0.32472

-1.61523 0.324594
-1.60547 0.326551

-1.60547 0.326492
-1.5957 0.327888

-1.5957 0.327849
-1.58594 0.328881

-1.58594 0.328855
-1.57617 0.329653

-1.57617 0.329624
-1.56641 0.330297

-1.56661 0.332031
-1.56641 0.332045

-1.56641 0.330288
-1.55664 0.330911

-1.55664 0.330885
-1.54688 0.331509

-1.55731 0.332031
-1.55664 0.332074

-1.54853 0.332031
-1.54688 0.332137

-1.54688 0.331499
-1.53909 0.332031

-1.54005 0.332031
-1.53711 0.332233

-1.53711 0.332175
-1.52734 0.332909

-1.52734 0.332902
-1.51758 0.333733

-1.51758 0.333728
-1.50781 0.334681

-1.50781 0.334679
-1.49805 0.335766

-1.49805 0.335764
-1.48828 0.336992

-1.48828 0.33699
-1.47852 0.338365

-1.47852 0.338363
-1.46875 0.339891

-1.46882 0.341797
-1.46875 0.341807

-1.46875 0.33989
-1.45898 0.341568

-1.45974 0.341797
-1.45898 0.341927

-1.45898 0.341569
-1.45776 0.341797

-1.45781 0.341797
-1.44922 0.343389

-1.44922 0.343381
-1.43945 0.345329

-1.43945 0.345329
-1.42969 0.347432

-1.42969 0.34743
-1.41992 0.349691

-1.41992 0.349693
-1.4123 0.351562

-1.41996 0.351562
-1.41992 0.351571

-1.41247 0.351562
-1.41016 0.352129

-1.41016 0.352095
-1.40039 0.35461

-1.40039 0.354605
-1.39062 0.357256

-1.39062 0.357256
-1.38086 0.360055

-1.38091 0.361328
-1.38086 0.361342

-1.38086 0.360064
-1.37662 0.361328

-1.37667 0.361328
-1.37109 0.362991

-1.37109 0.362971
-1.36133 0.365982

-1.36133 0.365978
-1.35156 0.369125

-1.35156 0.369134
-1.34568 0.371094

-1.34576 0.371094
-1.3418 0.372413

-1.3418 0.372388
-1.33203 0.375725

-1.33203 0.375718
-1.32227 0.379173

-1.32227 0.379185
-1.31765 0.380859

-1.31771 0.380859
-1.3125 0.382748

-1.3125 0.382724
-1.30273 0.386338

-1.30273 0.386337
-1.29297 0.390052

-1.29297 0.390069
-1.29153 0.390625

-1.2931 0.390625
-1.29297 0.390674

-1.29154 0.390625
-1.2832 0.393852

-1.2832 0.393828
-1.27344 0.397678

-1.27344 0.39769
-1.26672 0.400391

-1.26679 0.400391
-1.26367 0.401644

-1.26367 0.401617
-1.25391 0.405587

-1.25391 0.405579
-1.24414 0.409622

-1.24414 0.409641
-1.24291 0.410156

-1.24424 0.410156
-1.24414 0.410197

-1.24292 0.410156
-1.23438 0.413733

-1.23438 0.413707
-1.22461 0.417848

-1.22461 0.417862
-1.21981 0.419922

-1.21986 0.419922
-1.21484 0.422077

-1.21484 0.42205
-1.20508 0.426284

-1.20508 0.426284
-1.19733 0.429688

-1.19741 0.429688
-1.19531 0.430608

-1.19531 0.430584
-1.18555 0.434908

-1.18555 0.434895
-1.17578 0.439273

-1.17592 0.439453
-1.17578 0.439514

-1.17578 0.439294
-1.17543 0.439453

-1.17543 0.439453
-1.16602 0.443711

-1.16602 0.443687
-1.15625 0.44815

-1.15625 0.448169
-1.15398 0.449219

-1.15399 0.449219
-1.14648 0.452685

-1.14648 0.452659
-1.13672 0.457209

-1.13672 0.457222
-1.13297 0.458984

-1.133 0.458984
-1.12695 0.461832

-1.12695 0.461809
-1.11719 0.466445

-1.11719 0.466449
-1.11239 0.46875

-1.11243 0.46875
-1.10742 0.471149

-1.10742 0.471129
-1.09766 0.475848

-1.09766 0.475848
-1.09218 0.478516

-1.09223 0.478516
-1.08789 0.48063

-1.08789 0.480613
-1.07812 0.48541

-1.07812 0.485405
-1.07232 0.488281

-1.07236 0.488281
-1.06836 0.490262

-1.06836 0.490247
-1.05859 0.495115

-1.05859 0.495109
-1.05274 0.498047

-1.05278 0.498047
-1.04883 0.500032

-1.04883 0.500018
-1.03906 0.50495

-1.03906 0.504944
-1.03342 0.507812

-1.03346 0.507812
-1.0293 0.509926

-1.0293 0.509912
-1.01953 0.514902

-1.01953 0.514896
-1.01431 0.517578

-1.01434 0.517578
-1.00977 0.51993

-1.00977 0.519917
-1.0 0.524959

-1.0 0.524955
-0.995395 0.527344

-0.995424 0.527344
-0.990234 0.530036

-0.990234 0.530023
-0.980469 0.535113

-0.980469 0.535113
-0.976654 0.537109

-0.976677 0.537109
-0.970703 0.540236

-0.970703 0.540224
-0.960938 0.545359

-0.960938 0.545363
-0.958074 0.546875

-0.958088 0.546875
-0.951172 0.550527

-0.951172 0.550514
-0.941406 0.555694

-0.941406 0.555702
-0.939644 0.556641

-0.939651 0.556641
-0.931641 0.560906

-0.931641 0.560893
-0.921875 0.566116

-0.921875 0.56613
-0.921361 0.566406

-0.921358 0.566406
-0.912109 0.571375

-0.912109 0.571362
-0.903192 0.576172

-0.903228 0.576172
-0.902344 0.576648

-0.902344 0.57664
-0.892578 0.581931

-0.892578 0.581921
-0.885195 0.585938

-0.885224 0.585938
-0.882812 0.587249

-0.882812 0.587242
-0.873047 0.592581

-0.873047 0.592574
-0.867345 0.595703

-0.867365 0.595703
-0.863281 0.597945

