-1.68542 0.0
-1.6854 0.00488281

-1.6854 0.00488281
-1.68534 0.00976562

-1.68534 0.00976562
-1.68523 0.0146484

-1.68523 0.0146484
-1.68509 0.0195312

-1.68509 0.0195312
-1.6849 0.0244141

-1.6849 0.0244141
-1.68468 0.0292969

-1.68468 0.0292969
-1.68442 0.0341797

-1.68442 0.0341797
-1.68412 0.0390625

-1.68412 0.0390625
-1.68379 0.0439453

-1.68379 0.0439453
-1.68359 0.0466123

-1.68359 0.0465763
-1.68343 0.0488281

-1.68343 0.0488281
-1.68304 0.0537109

-1.68304 0.0537109
-1.68263 0.0585938

-1.68263 0.0585938
-1.6822 0.0634766

-1.6822 0.0634766
-1.68175 0.0683594

-1.68175 0.0683594
-1.68128 0.0732422

-1.68128 0.0732422
-1.68079 0.078125

-1.68079 0.078125
-1.6803 0.0830078

-1.6803 0.0830078
-1.6798 0.0878906

-1.6798 0.0878906
-1.67929 0.0927734

-1.67929 0.0927734
-1.67878 0.0976562

-1.67879 0.0976562
-1.67871 0.0983772

-1.67871 0.0983281
-1.67827 0.102539

-1.67827 0.102539
-1.67777 0.107422

-1.67776 0.107422
-1.67726 0.112305

-1.67726 0.112305
-1.67676 0.117188

-1.67676 0.117188
-1.67627 0.12207

-1.67627 0.12207
-1.67578 0.126953

-1.67578 0.126953
-1.67529 0.131836

-1.67529 0.131836
-1.67481 0.136719

-1.67481 0.136719
-1.67433 0.141602

-1.67433 0.141602
-1.67384 0.146484

-1.67384 0.146484
-1.67383 0.146618

-1.67383 0.146587
-1.67333 0.151367

-1.67334 0.151367
-1.67281 0.15625

-1.67282 0.15625
-1.67226 0.161133

-1.67226 0.161133
-1.67166 0.166016

-1.67167 0.166016
-1.671 0.170898

-1.67101 0.170898
-1.67024 0.175781

-1.67025 0.175781
-1.66935 0.180664

-1.66936 0.180664
-1.66895 0.182506

-1.66895 0.182566
-1.66828 0.185547

-1.66829 0.185547
-1.66696 0.19043

-1.66699 0.19043
-1.66533 0.195312

-1.66537 0.195312
-1.66406 0.198292

-1.66406 0.198316
-1.66324 0.200195

-1.66327 0.200195
-1.66049 0.205078

-1.66055 0.205078
-1.65918 0.20703

-1.65918 0.206943
-1.65688 0.209961

-1.65688 0.209961
-1.6543 0.212676

-1.6543 0.212651
-1.65173 0.214844

-1.65185 0.214844
-1.64941 0.216718

-1.64941 0.216675
-1.64453 0.219727

-1.64467 0.219727
-1.64453 0.219805

-1.64453 0.219638
-1.64435 0.219727

-1.64443 0.219727
-1.63965 0.222005

-1.63965 0.22195
-1.63477 0.22377

-1.63477 0.223742
-1.63184 0.224609

-1.63195 0.224609
-1.62988 0.225222

-1.62988 0.225176
-1.625 0.226339

-1.625 0.226324
-1.62012 0.227289

-1.62012 0.22728
-1.61523 0.228095

-1.61523 0.228083
-1.61035 0.22879

-1.6104 0.229492
-1.61035 0.229499

-1.61035 0.228784
-1.60547 0.229411

-1.606 0.229492
-1.60547 0.22956

-1.60547 0.229399
-1.60466 0.229492

-1.60475 0.229492
-1.60059 0.229973

-1.60059 0.229965
-1.5957 0.23049

-1.5957 0.230487
-1.59082 0.230993

-1.59082 0.230991
-1.58594 0.231489

-1.58594 0.231486
-1.58105 0.231987

-1.58105 0.231986
-1.57617 0.232497

-1.57617 0.232496
-1.57129 0.23302

-1.57129 0.233017
-1.56641 0.233565

-1.56641 0.233566
-1.56152 0.23414

-1.56152 0.234137
-1.55957 0.234375

-1.56645 0.234375
-1.56641 0.23438

-1.56197 0.234375
-1.56152 0.234427

-1.55965 0.234375
-1.55664 0.234743

-1.55664 0.234736
-1.55176 0.235361

-1.55176 0.23536
-1.54688 0.23602

-1.54688 0.236019
-1.54199 0.236717

-1.54199 0.236717
-1.53711 0.237455

-1.53711 0.237453
-1.53223 0.238234

-1.53223 0.238234
-1.52734 0.23906

-1.52766 0.239258
-1.52734 0.239311

-1.52734 0.239058
-1.52622 0.239258

-1.52625 0.239258
-1.52246 0.239929

-1.52246 0.239925
-1.51758 0.240833

-1.51758 0.240832
-1.5127 0.241791

-1.5127 0.241792
-1.50781 0.242803

-1.50781 0.242802
-1.50293 0.243866

-1.50293 0.243866
-1.50172 0.244141

-1.50312 0.244141
-1.50293 0.244183

-1.50175 0.244141
-1.49805 0.244981

-1.49805 0.244975
-1.49316 0.24613

-1.49316 0.246129
-1.48828 0.247339

-1.48828 0.247339
-1.4834 0.248605

-1.4835 0.249023
-1.4834 0.24905

-1.4834 0.248607
-1.48185 0.249023

-1.48187 0.249023
-1.47852 0.249924

-1.47852 0.249917
-1.47363 0.251273

-1.47363 0.251271
-1.46875 0.252684

-1.46875 0.252685
-1.46467 0.253906

-1.46474 0.253906
-1.46387 0.254168

-1.46387 0.254151
-1.45898 0.255655

-1.45898 0.255651
-1.4541 0.257205

-1.4541 0.257207
-1.44929 0.258789

-1.44944 0.258789
-1.44922 0.258861

-1.44922 0.258815
-1.44434 0.260459

-1.44434 0.260453
-1.43945 0.262144

-1.43945 0.262146
-1.43517 0.263672

-1.43523 0.263672
-1.43457 0.263908

-1.43457 0.263889
-1.42969 0.265666

-1.42969 0.265661
-1.4248 0.267484

-1.4248 0.267486
-1.42201 0.268555

-1.42204 0.268555
-1.41992 0.269365

-1.41992 0.269354
-1.41504 0.271257

-1.41504 0.271255
-1.41016 0.273205

-1.41016 0.273209
-1.4096 0.273438

-1.41024 0.273438
-1.41016 0.273472

-1.4096 0.273438
-1.40527 0.275199

-1.40527 0.27519
-1.40039 0.277216

-1.40039 0.277218
-1.39779 0.27832

-1.39781 0.27832
-1.39551 0.279296

-1.39551 0.279284
-1.39062 0.281384

-1.39062 0.281384
-1.38648 0.283203

-1.38652 0.283203
-1.38574 0.283545

-1.38574 0.283529
-1.38086 0.285701

-1.38086 0.285697
-1.37598 0.287907

-1.37605 0.288086
-1.37598 0.288121

-1.37598 0.287911
-1.3756 0.288086

-1.3756 0.288086
-1.37109 0.290155

-1.37109 0.290147
-1.36621 0.292423

-1.36621 0.29243
-1.36507 0.292969

-1.36508 0.292969
-1.36133 0.294741

-1.36133 0.294731
-1.35645 0.297068

-1.35645 0.297071
-1.35484 0.297852

-1.35485 0.297852
-1.35156 0.299447

-1.35156 0.299436
-1.34668 0.301832

-1.34668 0.301834
-1.34487 0.302734

-1.34489 0.302734
-1.3418 0.304268

-1.3418 0.304257
-1.33691 0.306708

-1.33691 0.30671
-1.33513 0.307617

-1.33514 0.307617
-1.33203 0.309197

-1.33203 0.309186
-1.32715 0.311688

-1.32715 0.311691
-1.32558 0.3125

-1.3256 0.3125
-1.32227 0.314225

-1.32227 0.314215
-1.31738 0.316764

-1.31738 0.316768
-1.31622 0.317383

-1.31623 0.317383
-1.3125 0.319346

-1.3125 0.319337
-1.30762 0.32193

-1.30762 0.321935
-1.307 0.322266

-1.30764 0.322266
-1.30762 0.322279

-1.30701 0.322266
-1.30273 0.324553

-1.30273 0.324546
-1.29791 0.327148

-1.29797 0.327148
-1.29785 0.327214

-1.29785 0.327184
-1.29297 0.329837

-1.29297 0.329832
-1.28895 0.332031

-1.28898 0.332031
-1.28809 0.33252

-1.28809 0.332505
-1.2832 0.335193

-1.2832 0.33519
-1.28009 0.336914

-1.28011 0.336914
-1.27832 0.337907

-1.27832 0.337893
-1.27344 0.340613

-1.27344 0.340614
-1.27132 0.341797

-1.27134 0.341797
-1.26855 0.343356

-1.26855 0.343345
-1.26367 0.346092

-1.26367 0.346096
-1.26264 0.34668

-1.26265 0.34668
-1.25879 0.348861

-1.25879 0.348854
-1.25402 0.351562

-1.25406 0.351562
-1.25391 0.351651

-1.25391 0.351629
-1.24902 0.354414

-1.24902 0.354409
-1.24546 0.356445

-1.24549 0.356445
-1.24414 0.357218

-1.24414 0.357204
-1.23926 0.36001

-1.23926 0.360009
-1.23697 0.361328

-1.23699 0.361328
-1.23438 0.362832

-1.23438 0.362821
-1.22949 0.365644

-1.22949 0.365648
-1.22852 0.366211

-1.22853 0.366211
-1.22461 0.368482

-1.22461 0.368476
-1.2201 0.371094

-1.22014 0.371094
-1.21973 0.371331

-1.21973 0.371316
-1.21484 0.374163

-1.21484 0.374159
-1.21173 0.375977

-1.21175 0.375977
-1.20996 0.377022

-1.20996 0.377011
-1.20508 0.37987

-1.20508 0.379871
-1.20339 0.380859

-1.2034 0.380859
-1.2002 0.382741

-1.2002 0.382732
-1.19531 0.385601

-1.19534 0.385742
-1.19531 0.38576

-1.19531 0.385606
-1.19508 0.385742

-1.19508 0.385742
-1.19043 0.388481

-1.19043 0.388475
-1.18678 0.390625

-1.1868 0.390625
-1.18555 0.391366

-1.18555 0.391354
-1.18066 0.394238

-1.18066 0.394237
-1.17851 0.395508

-1.17853 0.395508
-1.17578 0.39713

-1.17578 0.397121
-1.1709 0.400012

-1.1709 0.400018
-1.17026 0.400391

-1.17027 0.400391
-1.16602 0.402913

-1.16602 0.402906
-1.16202 0.405273

-1.16205 0.405273
-1.16113 0.405816

-1.16113 0.405806
-1.15625 0.408708

-1.15625 0.408706
-1.15381 0.410156

-1.15382 0.410156
-1.15137 0.411617

-1.15137 0.411609
-1.14648 0.414517

-1.14648 0.414521
-1.14561 0.415039

-1.14562 0.415039
-1.1416 0.417433

-1.1416 0.417427
-1.13742 0.419922

-1.13745 0.419922
-1.13672 0.420352

-1.13672 0.420343
-1.13184 0.423262

-1.13184 0.423258
-1.12925 0.424805

-1.12926 0.424805
-1.12695 0.426186

-1.12695 0.426178
-1.12207 0.429102

-1.12207 0.429106
-1.1211 0.429688

-1.1211 0.429688
-1.11719 0.432035

-1.11719 0.432029
-1.11295 0.43457

-1.11298 0.43457
-1.1123 0.434969

-1.1123 0.434961
-1.10742 0.437896

-1.10742 0.437893
-1.10483 0.439453

-1.10484 0.439453
-1.10254 0.440837

-1.10254 0.440829
-1.09766 0.44377

-1.09766 0.443774
-1.09672 0.444336

-1.09673 0.444336
-1.09277 0.446719

-1.09277 0.446713
-1.08862 0.449219

-1.08865 0.449219
-1.08789 0.44967

-1.08789 0.449663
-1.08301 0.452616

-1.08301 0.452613
-1.08055 0.454102

-1.08056 0.454102
-1.07812 0.455574

-1.07812 0.455567
-1.07324 0.458526

-1.07324 0.45853
-1.07249 0.458984

-1.07249 0.458984
-1.06836 0.461492

-1.06836 0.461487
-1.06444 0.463867

-1.06446 0.463867
-1.06348 0.464461

-1.06348 0.464455
-1.05859 0.467425

-1.05859 0.467423
-1.05641 0.46875

-1.05642 0.46875
-1.05371 0.470401

-1.05371 0.470395
-1.04883 0.473371

-1.04883 0.473377
-1.0484 0.473633

-1.04841 0.473633
-1.04395 0.476356

-1.04395 0.47635
-1.0404 0.478516

-1.04042 0.478516
-1.03906 0.479341

-1.03906 0.479335
-1.03418 0.482322

-1.03418 0.482321
-1.03242 0.483398

-1.03243 0.483398
-1.0293 0.485315

-1.0293 0.48531
-1.02445 0.488281

-1.02447 0.488281
-1.02441 0.488312

-1.02441 0.488305
-1.01953 0.491301

-1.01953 0.491297
-1.01649 0.493164

-1.0165 0.493164
-1.01465 0.494302

-1.01465 0.494296
-1.00977 0.497298

-1.00977 0.497299
-1.00855 0.498047

-1.00855 0.498047
-1.00488 0.500304

-1.00488 0.5003
-1.00061 0.50293

-1.00063 0.50293
-1.0 0.50331

-1.0 0.503308
-0.995117 0.506316

-0.995117 0.506313
-0.992684 0.507812

-0.992694 0.507812
-0.990234 0.509328

-0.990234 0.509323
-0.985352 0.512336

-0.985352 0.512341
-0.984767 0.512695

-0.984774 0.512695
-0.980469 0.515353

-0.980469 0.515349
-0.976859 0.517578

-0.976874 0.517578
-0.975586 0.518371

-0.975586 0.518367
-0.970703 0.521385

-0.970703 0.521383
-0.96896 0.522461

-0.968967 0.522461
-0.96582 0.524406

-0.96582 0.524403
-0.961066 0.527344

-0.961075 0.527344
-0.960938 0.527426

-0.960938 0.527426
-0.956055 0.530449

-0.956055 0.530445
-0.953177 0.532227

-0.953188 0.532227
-0.951172 0.533475

-0.951172 0.53347
-0.946289 0.536496

-0.946289 0.536499
-0.945295 0.537109

-0.945304 0.537109
-0.941406 0.539525

-0.941406 0.539522
-0.937422 0.541992

-0.937438 0.541992
-0.936523 0.542553

-0.936523 0.542552
-0.931641 0.545582

-0.931641 0.54558
-0.929554 0.546875

-0.929561 0.546875
-0.926758 0.548615

-0.926758 0.548611
-0.921875 0.551644

-0.921875 0.551649
-0.921694 0.551758

-0.921696 0.551758
-0.916992 0.554681

-0.916992 0.554678
-0.913834 0.556641

-0.913845 0.556641
-0.912109 0.557719

-0.912109 0.557715
-0.907227 0.560753

-0.907227 0.560754
-0.905984 0.561523

-0.905992 0.561523
-0.902344 0.563794

-0.902344 0.563791
-0.898145 0.566406

-0.898157 0.566406
-0.897461 0.566833

-0.897461 0.566834
-0.892578 0.569877

-0.892578 0.569875
-0.89031 0.571289

-0.890317 0.571289
-0.887695 0.572923

-0.887695 0.57292
-0.882812 0.575968

-0.882812 0.575972
-0.882483 0.576172

-0.882489 0.576172
-0.87793 0.579019

-0.87793 0.579016
-0.874668 0.581055

-0.874677 0.581055
-0.873047 0.582072

-0.873047 0.582069
-0.868164 0.585124

-0.868164 0.585124
-0.866859 0.585938

-0.866866 0.585938
-0.863281 0.588181

-0.863281 0.588179
-0.859066 0.59082

-0.859074 0.59082
-0.858398 0.591236

-0.858398 0.59124
-0.853516 0.594302

-0.853516 0.5943
-0.85128 0.595703

-0.851285 0.595703
-0.848633 0.597368

