-1.68932 0.0
-1.6893 0.00488281

-1.6893 0.00488281
-1.68923 0.00976562

-1.68923 0.00976562
-1.68911 0.0146484

-1.68911 0.0146484
-1.68895 0.0195312

-1.68895 0.0195312
-1.68874 0.0244141

-1.68874 0.0244141
-1.68849 0.0292969

-1.68849 0.0292969
-1.68848 0.0295718

-1.68848 0.0295391
-1.6882 0.0341797

-1.6882 0.0341797
-1.68787 0.0390625

-1.68787 0.0390625
-1.6875 0.0439453

-1.6875 0.0439453
-1.6871 0.0488281

-1.6871 0.0488281
-1.68667 0.0537109

-1.68667 0.0537109
-1.6862 0.0585938

-1.6862 0.0585938
-1.68571 0.0634766

-1.68571 0.0634766
-1.6852 0.0683594

-1.6852 0.0683594
-1.68467 0.0732422

-1.68466 0.0732422
-1.68411 0.078125

-1.68411 0.078125
-1.68359 0.082617

-1.68359 0.0825922
-1.68355 0.0830078

-1.68355 0.0830078
-1.68297 0.0878906

-1.68297 0.0878906
-1.68239 0.0927734

-1.68239 0.0927734
-1.6818 0.0976562

-1.6818 0.0976562
-1.68121 0.102539

-1.68121 0.102539
-1.68061 0.107422

-1.68061 0.107422
-1.68002 0.112305

-1.68002 0.112305
-1.67943 0.117188

-1.67943 0.117188
-1.67885 0.12207

-1.67885 0.12207
-1.67871 0.123269

-1.67871 0.123228
-1.67827 0.126953

-1.67827 0.126953
-1.6777 0.131836

-1.6777 0.131836
-1.67713 0.136719

-1.67713 0.136719
-1.67657 0.141602

-1.67657 0.141602
-1.67601 0.146484

-1.67601 0.146484
-1.67545 0.151367

-1.67545 0.151367
-1.67488 0.15625

-1.67488 0.15625
-1.67429 0.161133

-1.6743 0.161133
-1.67383 0.164835

-1.67383 0.164831
-1.67368 0.166016

-1.67368 0.166016
-1.67303 0.170898

-1.67303 0.170898
-1.67233 0.175781

-1.67233 0.175781
-1.67155 0.180664

-1.67156 0.180664
-1.67067 0.185547

-1.67068 0.185547
-1.66965 0.19043

-1.66966 0.19043
-1.66895 0.193265

-1.66895 0.193311
-1.66844 0.195312

-1.66844 0.195312
-1.66695 0.200195

-1.66698 0.200195
-1.66513 0.205078

-1.66517 0.205078
-1.66406 0.20739

-1.66406 0.207402
-1.66283 0.209961

-1.66288 0.209961
-1.65985 0.214844

-1.65989 0.214844
-1.65918 0.215824

-1.65918 0.215776
-1.65592 0.219727

-1.65594 0.219727
-1.6543 0.221394

-1.6543 0.221366
-1.65046 0.224609

-1.65057 0.224609
-1.64941 0.225471

-1.64941 0.225392
-1.64453 0.22849

-1.64453 0.228427
-1.64234 0.229492

-1.6424 0.229492
-1.63965 0.230833

-1.63965 0.230765
-1.63477 0.232626

-1.63477 0.232602
-1.62988 0.234107

-1.62988 0.234076
-1.62869 0.234375

-1.63002 0.234375
-1.62988 0.234416

-1.62878 0.234375
-1.625 0.235319

-1.625 0.235292
-1.62012 0.236293

-1.62012 0.236281
-1.61523 0.237128

-1.61523 0.237121
-1.61035 0.23785

-1.61035 0.237839
-1.60547 0.238485

-1.60549 0.239258
-1.60547 0.23926

-1.60547 0.238481
-1.60059 0.239066

-1.60104 0.239258
-1.60059 0.239312

-1.60059 0.239056
-1.59874 0.239258

-1.59885 0.239258
-1.5957 0.239602

-1.5957 0.239592
-1.59082 0.240094

-1.59082 0.240091
-1.58594 0.240579

-1.58594 0.240577
-1.58105 0.241061

-1.58105 0.241059
-1.57617 0.241546

-1.57617 0.241545
-1.57129 0.242043

-1.57129 0.242042
-1.56641 0.242556

-1.56641 0.242554
-1.56152 0.243091

-1.56152 0.24309
-1.55664 0.243652

-1.55685 0.244141
-1.55664 0.244165

-1.55664 0.243649
-1.55255 0.244141

-1.55277 0.244141
-1.55176 0.244263

-1.55176 0.24424
-1.54688 0.244854

-1.54688 0.244853
-1.54199 0.245501

-1.54199 0.245501
-1.53711 0.246188

-1.53711 0.246187
-1.53223 0.246918

-1.53223 0.246918
-1.52734 0.247694

-1.52734 0.247692
-1.52246 0.248515

-1.52258 0.249023
-1.52246 0.249043

-1.52246 0.248514
-1.51959 0.249023

-1.51965 0.249023
-1.51758 0.249392

-1.51758 0.249383
-1.5127 0.250291

-1.5127 0.25029
-1.50781 0.251247

-1.50781 0.251247
-1.50293 0.252256

-1.50293 0.252255
-1.49805 0.253319

-1.49805 0.25332
-1.49547 0.253906

-1.4981 0.253906
-1.49805 0.253917

-1.49551 0.253906
-1.49316 0.254439

-1.49316 0.25443
-1.48828 0.255582

-1.48828 0.255581
-1.4834 0.256786

-1.4834 0.256785
-1.47852 0.258046

-1.47852 0.258048
-1.47575 0.258789

-1.47578 0.258789
-1.47363 0.259364

-1.47363 0.259355
-1.46875 0.260702

-1.46875 0.2607
-1.46387 0.262099

-1.46387 0.2621
-1.45898 0.26355

-1.45915 0.263672
-1.45898 0.263722

-1.45898 0.263552
-1.45859 0.263672

-1.4586 0.263672
-1.4541 0.265045

-1.4541 0.265039
-1.44922 0.266573

-1.44922 0.266573
-1.44434 0.26816

-1.44441 0.268555
-1.44434 0.268578

-1.44434 0.268163
-1.44316 0.268555

-1.44317 0.268555
-1.43945 0.269794

-1.43945 0.269786
-1.43457 0.271452

-1.43457 0.271453
-1.42969 0.27317

-1.42978 0.273438
-1.42969 0.27347

-1.42969 0.273173
-1.42895 0.273438

-1.42896 0.273438
-1.4248 0.274931

-1.4248 0.274923
-1.41992 0.276718

-1.41992 0.27672
-1.41568 0.27832

-1.41573 0.27832
-1.41504 0.27858

-1.41504 0.278564
-1.41016 0.280439

-1.41016 0.280433
-1.40527 0.282352

-1.40527 0.282355
-1.40316 0.283203

-1.40318 0.283203
-1.40039 0.284321

-1.40039 0.28431
-1.39551 0.286302

-1.39551 0.286302
-1.39122 0.288086

-1.39127 0.288086
-1.39062 0.288356

-1.39062 0.288339
-1.38574 0.290404

-1.38574 0.290398
-1.38086 0.292501

-1.38086 0.292507
-1.3798 0.292969

-1.38088 0.292969
-1.38086 0.292978

-1.37981 0.292969
-1.37598 0.294647

-1.37598 0.294637
-1.37109 0.296806

-1.37109 0.296808
-1.36878 0.297852

-1.3688 0.297852
-1.36621 0.29902

-1.36621 0.299009
-1.36133 0.301241

-1.36133 0.301242
-1.35811 0.302734

-1.35814 0.302734
-1.35645 0.30352

-1.35645 0.303507
-1.35156 0.305799

-1.35156 0.305798
-1.34774 0.307617

-1.34777 0.307617
-1.34668 0.308137

-1.34668 0.308123
-1.3418 0.310471

-1.3418 0.310468
-1.33762 0.3125

-1.33766 0.3125
-1.33691 0.312865

-1.33691 0.312849
-1.33203 0.31525

-1.33203 0.315247
-1.32773 0.317383

-1.32778 0.317383
-1.32715 0.317695

-1.32715 0.317678
-1.32227 0.320129

-1.32227 0.320125
-1.31804 0.322266

-1.31808 0.322266
-1.31738 0.32262

-1.31738 0.322603
-1.3125 0.3251

-1.3125 0.325097
-1.30852 0.327148

-1.30856 0.327148
-1.30762 0.327633

-1.30762 0.327618
-1.30273 0.330157

-1.30273 0.330154
-1.29915 0.332031

-1.29918 0.332031
-1.29785 0.332728

-1.29785 0.332715
-1.29297 0.335293

-1.29297 0.335291
-1.28991 0.336914

-1.28994 0.336914
-1.28809 0.3379

-1.28809 0.337887
-1.2832 0.3405

-1.2832 0.340501
-1.2808 0.341797

-1.28081 0.341797
-1.27832 0.34314

-1.27832 0.343129
-1.27344 0.345773

-1.27344 0.345775
-1.27178 0.34668

-1.27179 0.34668
-1.26855 0.348442

-1.26855 0.348432
-1.26367 0.351106

-1.26367 0.351111
-1.26285 0.351562

-1.26286 0.351562
-1.25879 0.353801

-1.25879 0.353794
-1.25399 0.356445

-1.25404 0.356445
-1.25391 0.35652

-1.25391 0.356497
-1.24902 0.359209

-1.24902 0.359204
-1.24521 0.361328

-1.24524 0.361328
-1.24414 0.361941

-1.24414 0.361928
-1.23926 0.364661

-1.23926 0.364659
-1.23649 0.366211

-1.23651 0.366211
-1.23438 0.367412

-1.23438 0.367401
-1.22949 0.370153

-1.22949 0.370154
-1.22783 0.371094

-1.22784 0.371094
-1.22461 0.372921

-1.22461 0.372912
-1.21973 0.37568

-1.21974 0.375977
-1.21973 0.375984

-1.21973 0.375686
-1.21921 0.375977

-1.21922 0.375977
-1.21484 0.378463

-1.21484 0.378457
-1.21063 0.380859

-1.21066 0.380859
-1.20996 0.381255

-1.20996 0.381242
-1.20508 0.384032

-1.20508 0.384029
-1.20208 0.385742

-1.2021 0.385742
-1.2002 0.386835

-1.2002 0.386824
-1.19531 0.389626

-1.19531 0.389627
-1.19358 0.390625

-1.19359 0.390625
-1.19043 0.39244

-1.19043 0.392432
-1.18555 0.395244

-1.18556 0.395508
-1.18555 0.395515

-1.18555 0.395249
-1.1851 0.395508

-1.1851 0.395508
-1.18066 0.398067

-1.18066 0.398061
-1.17663 0.400391

-1.17666 0.400391
-1.17578 0.400896

-1.17578 0.400885
-1.1709 0.403712

-1.1709 0.403709
-1.1682 0.405273

-1.16822 0.405273
-1.16602 0.406548

-1.16602 0.406539
-1.16113 0.409374

-1.16113 0.409376
-1.15979 0.410156

-1.1598 0.410156
-1.15625 0.41222

-1.15625 0.412213
-1.1514 0.415039

-1.15143 0.415039
-1.15137 0.415077

-1.15137 0.415059
-1.14648 0.417907

-1.14648 0.417902
-1.14302 0.419922

-1.14304 0.419922
-1.1416 0.420764

-1.1416 0.420754
-1.13672 0.42361

-1.13672 0.423609
-1.13468 0.424805

-1.13469 0.424805
-1.13184 0.426474

-1.13184 0.426467
-1.12695 0.42933

-1.12695 0.429335
-1.12635 0.429688

-1.12635 0.429688
-1.12207 0.432203

-1.12207 0.432197
-1.11803 0.43457

-1.11806 0.43457
-1.11719 0.435078

-1.11719 0.43507
-1.1123 0.437946

-1.1123 0.437943
-1.10974 0.439453

-1.10976 0.439453
-1.10742 0.44083

-1.10742 0.440822
-1.10254 0.443706

-1.10254 0.443709
-1.10148 0.444336

-1.10148 0.444336
-1.09766 0.446599

-1.09766 0.446593
-1.09322 0.449219

-1.09325 0.449219
-1.09277 0.449495

-1.09277 0.449488
-1.08789 0.452385

-1.08789 0.452381
-1.08499 0.454102

-1.08501 0.454102
-1.08301 0.455289

-1.08301 0.455282
-1.07812 0.458187

-1.07812 0.458188
-1.07679 0.458984

-1.07679 0.458984
-1.07324 0.461101

-1.07324 0.461095
-1.0686 0.463867

-1.06862 0.463867
-1.06836 0.464018

-1.06836 0.464011
-1.06348 0.46693

-1.06348 0.466925
-1.06043 0.46875

-1.06044 0.46875
-1.05859 0.469854

-1.05859 0.469848
-1.05371 0.472774

-1.05371 0.472775
-1.05228 0.473633

-1.05229 0.473633
-1.04883 0.475708

-1.04883 0.475703
-1.04415 0.478516

-1.04416 0.478516
-1.04395 0.478644

-1.04395 0.478639
-1.03906 0.481577

-1.03906 0.481573
-1.03603 0.483398

-1.03604 0.483398
-1.03418 0.484521

-1.03418 0.484515
-1.0293 0.487461

-1.0293 0.487461
-1.02794 0.488281

-1.02794 0.488281
-1.02441 0.490412

-1.02441 0.490408
-1.01985 0.493164

-1.01987 0.493164
-1.01953 0.493365

-1.01953 0.493362
-1.01465 0.496317

-1.01465 0.496313
-1.01179 0.498047

-1.0118 0.498047
-1.00977 0.499277

-1.00977 0.499272
-1.00488 0.502233

-1.00488 0.502235
-1.00373 0.50293

-1.00374 0.50293
-1.0 0.5052

-1.0 0.505195
-0.995691 0.507812

-0.995709 0.507812
-0.995117 0.508167

-0.995117 0.508164
-0.990234 0.511133

-0.990234 0.51113
-0.98766 0.512695

-0.987671 0.512695
-0.985352 0.514106

-0.985352 0.514101
-0.980469 0.517075

-0.980469 0.517078
-0.979641 0.517578

-0.979648 0.517578
-0.975586 0.520053

-0.975586 0.520049
-0.97163 0.522461

-0.971647 0.522461
-0.970703 0.523032

-0.970703 0.523029
-0.96582 0.526009

-0.96582 0.526006
-0.963629 0.527344

-0.963638 0.527344
-0.960938 0.528992

-0.960938 0.528988
-0.956055 0.531972

-0.956055 0.531976
-0.955637 0.532227

-0.955642 0.532227
-0.951172 0.53496

-0.951172 0.534956
-0.947651 0.537109

-0.947664 0.537109
-0.946289 0.537949

-0.946289 0.537945
-0.941406 0.540935

-0.941406 0.540933
-0.939677 0.541992

-0.939683 0.541992
-0.936523 0.543927

-0.936523 0.543924
-0.931708 0.546875

-0.931715 0.546875
-0.931641 0.546919

-0.931641 0.546919
-0.926758 0.549914

-0.926758 0.54991
-0.923746 0.551758

-0.923756 0.551758
-0.921875 0.552912

-0.921875 0.552908
-0.916992 0.555906

-0.916992 0.555907
-0.915794 0.556641

-0.9158 0.556641
-0.912109 0.558908

-0.912109 0.558905
-0.907851 0.561523

-0.907863 0.561523
-0.907227 0.561909

-0.907227 0.561909
-0.902344 0.564914

-0.902344 0.564911
-0.899915 0.566406

-0.899923 0.566406
-0.897461 0.567922

-0.897461 0.567918
-0.892578 0.570928

-0.892578 0.570931
-0.891988 0.571289

-0.891995 0.571289
-0.887695 0.573941

-0.887695 0.573938
-0.884075 0.576172

-0.884086 0.576172
-0.882812 0.576955

-0.882812 0.576953
-0.87793 0.579969

-0.87793 0.579968
-0.876171 0.581055

-0.876176 0.581055
-0.873047 0.582989

-0.873047 0.582986
-0.868278 0.585938

-0.86828 0.585938
-0.868164 0.586007

-0.868164 0.58601
-0.863281 0.589035

-0.863281 0.589032
-0.860396 0.59082

-0.860403 0.59082
-0.858398 0.592063

-0.858398 0.59206
-0.853516 0.595091

-0.853516 0.595093
-0.852525 0.595703

-0.852533 0.595703
-0.848633 0.598126

