-1.65226 0.0
-1.65232 0.00976562

-1.65232 0.00976562
-1.65248 0.0195312

-1.65248 0.0195312
-1.65275 0.0292969

-1.65275 0.0292969
-1.65313 0.0390625

-1.65314 0.0390625
-1.65362 0.0488281

-1.65362 0.0488281
-1.6542 0.0585938

-1.6543 0.0599658
-1.65486 0.0683594

-1.65487 0.0683594
-1.65556 0.078125

-1.6543 0.0598842
-1.65421 0.0585938

-1.65559 0.078125
-1.65624 0.0878906

-1.65629 0.0878906
-1.65674 0.0976562

-1.65686 0.0976562
-1.65675 0.107422

-1.65702 0.107422
-1.65559 0.117188

-1.6561 0.117188
-1.6543 0.121138

-1.6543 0.121703
-1.65167 0.126953

-1.65202 0.126953
-1.64453 0.134401

-1.64453 0.133775
-1.63894 0.136719

-1.63885 0.136719
-1.63477 0.138722

-1.63477 0.138194
-1.625 0.140562

-1.625 0.140338
-1.61523 0.141727

-1.61523 0.141643
-1.60547 0.142668

-1.60547 0.142615
-1.5957 0.143549

-1.5957 0.143514
-1.58594 0.144535

-1.58594 0.144515
-1.57617 0.145733

-1.57617 0.145724
-1.57101 0.146484

-1.57125 0.146484
-1.56641 0.147198

-1.56641 0.147164
-1.55664 0.148832

-1.55664 0.148833
-1.54688 0.15076

-1.54688 0.150748
-1.53711 0.152956

-1.53711 0.152947
-1.52734 0.155478

-1.52734 0.155486
-1.52469 0.15625

-1.5248 0.15625
-1.51758 0.158326

-1.51758 0.158313
-1.50781 0.161341

-1.50781 0.161314
-1.49805 0.164624

-1.49805 0.164629
-1.49426 0.166016

-1.49439 0.166016
-1.48828 0.168251

-1.48828 0.168228
-1.47852 0.171998

-1.47852 0.171971
-1.46926 0.175781

-1.46948 0.175781
-1.46875 0.17608

-1.46875 0.176038
-1.45898 0.180265

-1.45898 0.180221
-1.44922 0.184661

-1.44922 0.184679
-1.4474 0.185547

-1.44747 0.185547
-1.43945 0.189364

-1.43945 0.18932
-1.42969 0.19417

-1.42969 0.194175
-1.42749 0.195312

-1.42757 0.195312
-1.41992 0.199267

-1.41992 0.199226
-1.41016 0.204475

-1.41016 0.204489
-1.40909 0.205078

-1.40915 0.205078
-1.40039 0.209953

-1.40039 0.209912
-1.3918 0.214844

-1.39193 0.214844
-1.39062 0.215593

-1.39062 0.215555
-1.38086 0.221341

-1.38086 0.221309
-1.37542 0.224609

-1.37551 0.224609
-1.37109 0.22729

-1.37109 0.227261
-1.36133 0.233351

-1.36133 0.233357
-1.35969 0.234375

-1.35976 0.234375
-1.35156 0.239588

-1.35156 0.239555
-1.34449 0.244141

-1.34458 0.244141
-1.3418 0.24593

-1.3418 0.245908
-1.33203 0.252364

-1.33203 0.252366
-1.32968 0.253906

-1.32976 0.253906
-1.32227 0.258928

-1.32227 0.258901
-1.31524 0.263672

-1.31532 0.263672
-1.3125 0.265564

-1.3125 0.265552
-1.30273 0.272279

-1.30273 0.272284
-1.30104 0.273438

-1.30109 0.273438
-1.29297 0.279083

-1.29297 0.279059
-1.28706 0.283203

-1.28712 0.283203
-1.2832 0.285925

-1.2832 0.285917
-1.27344 0.292825

-1.27344 0.292826
-1.27323 0.292969

-1.27325 0.292969
-1.26367 0.299783

-1.26367 0.299774
-1.25949 0.302734

-1.25955 0.302734
-1.25391 0.306763

-1.25391 0.30675
-1.24589 0.3125

-1.24594 0.3125
-1.24414 0.313767

-1.24414 0.31376
-1.23438 0.320788

-1.23438 0.320792
-1.23229 0.322266

-1.23234 0.322266
-1.22461 0.327834

-1.22461 0.327817
-1.21876 0.332031

-1.21881 0.332031
-1.21484 0.334861

-1.21484 0.334865
-1.20524 0.341797

-1.20527 0.341797
-1.20508 0.341933

-1.20508 0.341921
-1.19531 0.348964

-1.19531 0.348966
-1.19165 0.351562

-1.19171 0.351562
-1.18555 0.355999

-1.18555 0.355989
-1.17812 0.361328

-1.17816 0.361328
-1.17578 0.363006

-1.17578 0.363012
-1.16602 0.370023

-1.16602 0.370027
-1.1645 0.371094

-1.16453 0.371094
-1.15625 0.377023

-1.15625 0.377009
-1.15085 0.380859

-1.15089 0.380859
-1.14648 0.383983

-1.14648 0.383983
-1.13716 0.390625

-1.13717 0.390625
-1.13672 0.390945

-1.13672 0.390944
-1.12695 0.397878

-1.12695 0.397879
-1.12336 0.400391

-1.1234 0.400391
-1.11719 0.404791

-1.11719 0.404784
-1.10958 0.410156

-1.10961 0.410156
-1.10742 0.411668

-1.10742 0.41168
-1.09766 0.418559

-1.09766 0.418566
-1.09569 0.419922

-1.09572 0.419922
-1.08789 0.425424

-1.08789 0.425415
-1.08179 0.429688

-1.08183 0.429688
-1.07812 0.432257

-1.07812 0.43226
-1.06836 0.439095

-1.06836 0.439099
-1.06785 0.439453

-1.06785 0.439453
-1.05859 0.445922

-1.05859 0.445915
-1.05385 0.449219

-1.05387 0.449219
-1.04883 0.452727

-1.04883 0.452723
-1.03984 0.458984

-1.03985 0.458984
-1.03906 0.459522

-1.03906 0.459528
-1.0293 0.466319

-1.0293 0.466323
-1.02577 0.46875

-1.0258 0.46875
-1.01953 0.473101

-1.01953 0.473098
-1.01172 0.478516

-1.01175 0.478516
-1.00977 0.47986

-1.00977 0.479875
-1.0 0.486644

-1.0 0.486657
-0.997595 0.488281

-0.997638 0.488281
-0.990234 0.493407

-0.990234 0.493403
-0.983519 0.498047

-0.983548 0.498047
-0.980469 0.500145

-0.980469 0.500157
-0.970703 0.506905

-0.970703 0.50691
-0.969369 0.507812

-0.969391 0.507812
-0.960938 0.513647

-0.960938 0.513642
-0.955225 0.517578

-0.955244 0.517578
-0.951172 0.520372

-0.951172 0.520372
-0.941406 0.527098

-0.941406 0.527101
-0.941048 0.527344

-0.941054 0.527344
-0.931641 0.533818

-0.931641 0.533813
-0.926838 0.537109

-0.926849 0.537109
-0.921875 0.540524

-0.921875 0.540521
-0.912616 0.546875

-0.912616 0.546875
-0.912109 0.547217

-0.912109 0.547226
-0.902344 0.553921

-0.902344 0.553922
-0.898356 0.556641

-0.898371 0.556641
-0.892578 0.560607

-0.892578 0.560605
-0.884102 0.566406

-0.884113 0.566406
-0.882812 0.567278

-0.882812 0.56729
-0.873047 0.573969

-0.873047 0.573977
-0.869801 0.576172

-0.869824 0.576172
-0.863281 0.580644

-0.863281 0.580643
-0.855534 0.585938

-0.855559 0.585938
-0.853516 0.587297

-0.853516 0.587317
-0.84375 0.593991

-0.84375 0.594004
-0.841214 0.595703

