-1.73136 0.0
-1.73126 0.00976562

-1.73126 0.00976562
-1.73097 0.0195312

-1.73097 0.0195312
-1.73049 0.0292969

-1.73049 0.0292969
-1.72981 0.0390625

-1.72981 0.0390625
-1.72894 0.0488281

-1.72894 0.0488281
-1.72787 0.0585938

-1.72787 0.0585938
-1.72661 0.0683594

-1.72661 0.0683594
-1.72516 0.078125

-1.72515 0.078125
-1.72352 0.0878906

-1.72352 0.0878906
-1.72266 0.09258

-1.72266 0.0925564
-1.72172 0.0976562

-1.72172 0.0976562
-1.71975 0.107422

-1.71975 0.107422
-1.71762 0.117188

-1.71761 0.117188
-1.71533 0.126953

-1.71533 0.126953
-1.71294 0.136719

-1.71296 0.136719
-1.71289 0.136976

-1.71289 0.136895
-1.71043 0.146484

-1.71043 0.146484
-1.70783 0.15625

-1.70782 0.15625
-1.70516 0.166016

-1.70516 0.166016
-1.70312 0.173335

-1.70312 0.173294
-1.70243 0.175781

-1.70244 0.175781
-1.6997 0.185547

-1.69969 0.185547
-1.69693 0.195312

-1.69692 0.195312
-1.69415 0.205078

-1.69417 0.205078
-1.69336 0.207953

-1.69336 0.207875
-1.69139 0.214844

-1.6914 0.214844
-1.68864 0.224609

-1.68864 0.224609
-1.68588 0.234375

-1.68589 0.234375
-1.68359 0.242431

-1.68359 0.242415
-1.6831 0.244141

-1.68312 0.244141
-1.68028 0.253906

-1.6803 0.253906
-1.67735 0.263672

-1.67738 0.263672
-1.67421 0.273438

-1.6742 0.273438
-1.67383 0.274485

-1.67383 0.274601
-1.67074 0.283203

-1.6708 0.283203
-1.66674 0.292969

-1.66684 0.292969
-1.66406 0.298406

-1.66406 0.298477
-1.66189 0.302734

-1.66204 0.302734
-1.65553 0.3125

-1.65565 0.3125
-1.6543 0.314216

-1.6543 0.314264
-1.6468 0.322266

-1.647 0.322266
-1.64453 0.32444

-1.64453 0.324236
-1.63477 0.331171

-1.63477 0.330908
-1.63242 0.332031

-1.6348 0.332031
-1.63477 0.33205

-1.63266 0.332031
-1.625 0.335705

-1.625 0.335489
-1.61523 0.338652

-1.61523 0.338561
-1.60547 0.340764

-1.60564 0.341797
-1.60547 0.341835

-1.60547 0.340684
-1.59841 0.341797

-1.59888 0.341797
-1.5957 0.342298

-1.5957 0.342194
-1.58594 0.34329

-1.58594 0.343259
-1.57617 0.344075

-1.57617 0.344052
-1.56641 0.344699

-1.56641 0.344681
-1.55664 0.345242

-1.55664 0.345229
-1.54688 0.345769

-1.54688 0.345759
-1.53711 0.346322

-1.53711 0.346311
-1.52734 0.346936

-1.52734 0.346933
-1.51758 0.347649

-1.51758 0.347645
-1.50781 0.348469

-1.50781 0.348468
-1.49805 0.349411

-1.49805 0.349406
-1.48828 0.350479

-1.48828 0.350473
-1.47944 0.351562

-1.49811 0.351562
-1.49805 0.351569

-1.48856 0.351562
-1.48828 0.351593

-1.4801 0.351562
-1.47852 0.351758

-1.47852 0.351686
-1.46875 0.353014

-1.46875 0.353009
-1.45898 0.354472

-1.45898 0.354472
-1.44922 0.356083

-1.44922 0.356082
-1.43945 0.357841

-1.43945 0.35784
-1.42969 0.359751

-1.42974 0.361328
-1.42969 0.361339

-1.42969 0.359754
-1.42217 0.361328

-1.42234 0.361328
-1.41992 0.361835

-1.41992 0.361805
-1.41016 0.363971

-1.41016 0.363967
-1.40039 0.366268

-1.40039 0.366267
-1.39062 0.368711

-1.39062 0.368715
-1.38159 0.371094

-1.38182 0.371094
-1.38086 0.371346

-1.38086 0.371293
-1.37109 0.373969

-1.37109 0.373962
-1.36133 0.376754

-1.36133 0.376754
-1.35156 0.379678

-1.3516 0.380859
-1.35156 0.380871

-1.35156 0.379688
-1.34778 0.380859

-1.34782 0.380859
-1.3418 0.382722

-1.3418 0.382704
-1.33203 0.385812

-1.33203 0.385809
-1.32227 0.389036

-1.32227 0.389047
-1.31761 0.390625

-1.31767 0.390625
-1.3125 0.392377

-1.3125 0.392355
-1.30273 0.395737

-1.30273 0.395733
-1.29297 0.399219

-1.29297 0.399234
-1.28979 0.400391

-1.28982 0.400391
-1.2832 0.402798

-1.2832 0.402776
-1.27344 0.40639

-1.27344 0.406394
-1.26367 0.410092

-1.26367 0.410107
-1.26354 0.410156

-1.26391 0.410156
-1.26367 0.410246

-1.26354 0.410156
-1.25391 0.413852

-1.25391 0.413831
-1.24414 0.417641

-1.24414 0.417654
-1.23842 0.419922

-1.23847 0.419922
-1.23438 0.421548

-1.23438 0.421525
-1.22461 0.425436

-1.22461 0.42543
-1.21484 0.42941

-1.21484 0.429429
-1.21422 0.429688

-1.21498 0.429688
-1.21484 0.429743

-1.21422 0.429688
-1.20508 0.43345

-1.20508 0.433426
-1.19531 0.437499

-1.19531 0.437513
-1.19072 0.439453

-1.19076 0.439453
-1.18555 0.441656

-1.18555 0.441633
-1.17578 0.445799

-1.17578 0.445797
-1.16787 0.449219

-1.16795 0.449219
-1.16602 0.450054

-1.16602 0.450035
-1.15625 0.454298

-1.15625 0.454282
-1.14648 0.458601

-1.14655 0.458984
-1.14648 0.459015

-1.14648 0.458623
-1.14568 0.458984

-1.14568 0.458984
-1.13672 0.462987

-1.13672 0.462964
-1.12695 0.467375

-1.12695 0.46739
-1.12397 0.46875

-1.124 0.46875
-1.11719 0.47186

-1.11719 0.471839
-1.10742 0.47634

-1.10742 0.476345
-1.10276 0.478516

-1.1028 0.478516
-1.09766 0.480911

-1.09766 0.480894
-1.08789 0.485481

-1.08789 0.485479
-1.08198 0.488281

-1.08203 0.488281
-1.07812 0.490131

-1.07812 0.490117
-1.06836 0.494783

-1.06836 0.494775
-1.06157 0.498047

-1.06162 0.498047
-1.05859 0.499505

-1.05859 0.499492
-1.04883 0.50423

-1.04883 0.504219
-1.04147 0.507812

-1.04153 0.507812
-1.03906 0.509017

-1.03906 0.509004
-1.0293 0.513807

-1.0293 0.513794
-1.02165 0.517578

-1.0217 0.517578
-1.01953 0.518653

-1.01953 0.518641
-1.00977 0.523502

-1.00977 0.52349
-1.00207 0.527344

-1.00212 0.527344
-1.0 0.528403

-1.0 0.528392
-0.990234 0.533307

-0.990234 0.533295
-0.982697 0.537109

-0.982742 0.537109
-0.980469 0.53826

-0.980469 0.538249
-0.970703 0.543216

-0.970703 0.543205
-0.963523 0.546875

-0.963563 0.546875
-0.960938 0.548217

-0.960938 0.548207
-0.951172 0.553224

-0.951172 0.553214
-0.944533 0.556641

-0.944568 0.556641
-0.941406 0.558273

-0.941406 0.558264
-0.931641 0.56333

-0.931641 0.563322
-0.925722 0.566406

-0.92575 0.566406
-0.921875 0.568426

-0.921875 0.568418
-0.912109 0.573533

-0.912109 0.573527
-0.907084 0.576172

-0.907105 0.576172
-0.902344 0.578677

-0.902344 0.57867
-0.892578 0.583835

-0.892578 0.583833
-0.888618 0.585938

-0.888632 0.585938
-0.882812 0.58903

-0.882812 0.589023
-0.873047 0.594239

-0.873047 0.594241
-0.870322 0.595703

-0.87033 0.595703
-0.863281 0.599486

