-1.65437 0.0
-1.65438 0.00488281

-1.65438 0.00488281
-1.65442 0.00976562

-1.65442 0.00976562
-1.65447 0.0146484

-1.65447 0.0146484
-1.65455 0.0195312

-1.65455 0.0195312
-1.65464 0.0244141

-1.65464 0.0244141
-1.65476 0.0292969

-1.65476 0.0292969
-1.6549 0.0341797

-1.6549 0.0341797
-1.65506 0.0390625

-1.65506 0.0390625
-1.65524 0.0439453

-1.65524 0.0439453
-1.65545 0.0488281

-1.65545 0.0488281
-1.65567 0.0537109

-1.65567 0.0537109
-1.65591 0.0585938

-1.65591 0.0585938
-1.65617 0.0634766

-1.65617 0.0634766
-1.65644 0.0683594

-1.65644 0.0683594
-1.65673 0.0732422

-1.65673 0.0732422
-1.65702 0.078125

-1.65702 0.078125
-1.65732 0.0830078

-1.65732 0.0830078
-1.65761 0.0878906

-1.65761 0.0878906
-1.65788 0.0927734

-1.65788 0.0927734
-1.6581 0.0976562

-1.65811 0.0976562
-1.65826 0.102539

-1.65827 0.102539
-1.65831 0.107422

-1.65833 0.107422
-1.65819 0.112305

-1.65822 0.112305
-1.65781 0.117188

-1.65785 0.117188
-1.65704 0.12207

-1.6571 0.12207
-1.65568 0.126953

-1.65579 0.126953
-1.6543 0.129989

-1.6543 0.130032
-1.65341 0.131836

-1.65357 0.131836
-1.64962 0.136719

-1.64963 0.136719
-1.64941 0.136931

-1.64941 0.13689
-1.64453 0.140851

-1.64453 0.140679
-1.64278 0.141602

-1.64272 0.141602
-1.63965 0.143215

-1.63965 0.143122
-1.63477 0.144882

-1.63477 0.144827
-1.62988 0.146098

-1.62988 0.146066
-1.62774 0.146484

-1.62774 0.146484
-1.625 0.14702

-1.625 0.146998
-1.62012 0.147747

-1.62012 0.147733
-1.61523 0.148348

-1.61523 0.148337
-1.61035 0.148866

-1.61035 0.148858
-1.60547 0.149336

-1.60547 0.149329
-1.60059 0.149787

-1.60059 0.149783
-1.5957 0.150244

-1.5957 0.150239
-1.59082 0.150723

-1.59082 0.150722
-1.58594 0.151242

-1.58594 0.151241
-1.58484 0.151367

-1.58482 0.151367
-1.58105 0.1518

-1.58105 0.151799
-1.57617 0.15241

-1.57617 0.15241
-1.57129 0.153076

-1.57129 0.153076
-1.56641 0.1538

-1.56641 0.153799
-1.56152 0.154585

-1.56152 0.154583
-1.55664 0.155436

-1.55664 0.155437
-1.55233 0.15625

-1.55237 0.15625
-1.55176 0.156365

-1.55176 0.156358
-1.54688 0.157345

-1.54688 0.157345
-1.54199 0.1584

-1.54199 0.158401
-1.53711 0.159524

-1.53711 0.159523
-1.53223 0.160715

-1.53223 0.160717
-1.53062 0.161133

-1.53061 0.161133
-1.52734 0.161975

-1.52734 0.161974
-1.52246 0.163299

-1.52246 0.163299
-1.51758 0.16469

-1.51758 0.16469
-1.51313 0.166016

-1.51317 0.166016
-1.5127 0.166156

-1.5127 0.166146
-1.50781 0.167664

-1.50781 0.167664
-1.50293 0.169244

-1.50293 0.169244
-1.49805 0.170885

-1.49805 0.17089
-1.49802 0.170898

-1.49801 0.170898
-1.49316 0.172585

-1.49316 0.172584
-1.48828 0.174341

-1.48828 0.174341
-1.48441 0.175781

-1.48443 0.175781
-1.4834 0.176165

-1.4834 0.176157
-1.47852 0.178026

-1.47852 0.178026
-1.47363 0.179952

-1.47363 0.179952
-1.47188 0.180664

-1.47188 0.180664
-1.46875 0.181933

-1.46875 0.18193
-1.46387 0.183962

-1.46387 0.183962
-1.46016 0.185547

-1.46018 0.185547
-1.45898 0.186055

-1.45898 0.186049
-1.4541 0.188186

-1.4541 0.188186
-1.44922 0.190377

-1.44922 0.190381
-1.44911 0.19043

-1.44911 0.19043
-1.44434 0.19262

-1.44434 0.192618
-1.43945 0.194912

-1.43945 0.194915
-1.43863 0.195312

-1.43862 0.195312
-1.43457 0.197258

-1.43457 0.197257
-1.42969 0.199652

-1.42969 0.199654
-1.42861 0.200195

-1.42861 0.200195
-1.4248 0.2021

-1.4248 0.202098
-1.41992 0.204593

-1.41992 0.204595
-1.41899 0.205078

-1.41899 0.205078
-1.41504 0.207139

-1.41504 0.207137
-1.41016 0.209729

-1.41016 0.209733
-1.40973 0.209961

-1.40973 0.209961
-1.40527 0.212368

-1.40527 0.212367
-1.40076 0.214844

-1.40078 0.214844
-1.40039 0.21506

-1.40039 0.215051
-1.39551 0.217778

-1.39551 0.217776
-1.39207 0.219727

-1.39208 0.219727
-1.39062 0.220553

-1.39062 0.220548
-1.38574 0.223359

-1.38574 0.223359
-1.3836 0.224609

-1.38361 0.224609
-1.38086 0.226213

-1.38086 0.22621
-1.37598 0.229101

-1.37598 0.229106
-1.37532 0.229492

-1.37533 0.229492
-1.37109 0.23203

-1.37109 0.232028
-1.36722 0.234375

-1.36724 0.234375
-1.36621 0.234996

-1.36621 0.234992
-1.36133 0.23799

-1.36133 0.237989
-1.35928 0.239258

-1.35929 0.239258
-1.35645 0.241023

-1.35645 0.241021
-1.35156 0.244083

-1.35156 0.244086
-1.35147 0.244141

-1.35147 0.244141
-1.34668 0.247177

-1.34668 0.247175
-1.34379 0.249023

-1.3438 0.249023
-1.3418 0.250301

-1.3418 0.250297
-1.33691 0.253448

-1.33691 0.253455
-1.3362 0.253906

-1.33621 0.253906
-1.33203 0.256627

-1.33203 0.256624
-1.32873 0.258789

-1.32874 0.258789
-1.32715 0.259828

-1.32715 0.259827
-1.32227 0.263053

-1.32227 0.263061
-1.32132 0.263672

-1.32134 0.263672
-1.31738 0.266304

-1.31738 0.266301
-1.31402 0.268555

-1.31403 0.268555
-1.3125 0.269571

-1.3125 0.269572
-1.30762 0.272863

-1.30762 0.272871
-1.30676 0.273438

-1.30677 0.273438
-1.30273 0.276174

-1.30273 0.276172
-1.29958 0.27832

-1.29959 0.27832
-1.29785 0.279498

-1.29785 0.279499
-1.29297 0.282844

-1.29297 0.282848
-1.29244 0.283203

-1.29245 0.283203
-1.28809 0.286205

-1.28809 0.286203
-1.28536 0.288086

-1.28537 0.288086
-1.2832 0.289577

-1.2832 0.289577
-1.27832 0.292964

-1.27831 0.292969
-1.27344 0.296364

-1.27344 0.296366
-1.2713 0.297852

-1.27131 0.297852
-1.26855 0.299774

-1.26855 0.299772
-1.26433 0.302734

-1.26434 0.302734
-1.26367 0.303191

-1.26367 0.303193
-1.25879 0.306621

-1.25879 0.306631
-1.25736 0.307617

-1.25738 0.307617
-1.25391 0.310059

-1.25391 0.310058
-1.25044 0.3125

-1.25046 0.3125
-1.24902 0.313494

-1.24902 0.313501
-1.24414 0.316952

-1.24414 0.316956
-1.24353 0.317383

-1.24353 0.317383
-1.23926 0.320409

-1.23926 0.320408
-1.23663 0.322266

-1.23664 0.322266
-1.23438 0.323865

-1.23438 0.323867
-1.22975 0.327148

-1.22975 0.327148
-1.22949 0.327331

-1.22949 0.327331
-1.22461 0.330798

-1.22461 0.330806
-1.22286 0.332031

-1.22287 0.332031
-1.21973 0.334267

-1.21973 0.334266
-1.216 0.336914

-1.21602 0.336914
-1.21484 0.337729

-1.21484 0.337736
-1.20996 0.341207

-1.20996 0.341212
-1.20912 0.341797

-1.20913 0.341797
-1.20508 0.34468

-1.20508 0.344678
-1.20226 0.34668

-1.20227 0.34668
-1.2002 0.348146

-1.2002 0.348149
-1.19539 0.351562

-1.19539 0.351562
-1.19531 0.351619

-1.19531 0.35162
-1.19043 0.355089

-1.19043 0.355095
-1.18851 0.356445

-1.18852 0.356445
-1.18555 0.358557

-1.18555 0.358556
-1.18164 0.361328

-1.18165 0.361328
-1.18066 0.362015

-1.18066 0.362021
-1.17578 0.365483

-1.17578 0.36549
-1.17474 0.366211

-1.17476 0.366211
-1.1709 0.368944

-1.1709 0.368942
-1.16786 0.371094

-1.16787 0.371094
-1.16602 0.372393

-1.16602 0.372398
-1.16113 0.375851

-1.16113 0.375851
-1.16095 0.375977

-1.16096 0.375977
-1.15625 0.3793

-1.15625 0.379302
-1.15403 0.380859

-1.15404 0.380859
-1.15137 0.382744

-1.15137 0.382743
-1.14711 0.385742

-1.14712 0.385742
-1.14648 0.38618

-1.14648 0.386184
-1.1416 0.38962

-1.1416 0.389629
-1.14016 0.390625

-1.14017 0.390625
-1.13672 0.393052

-1.13672 0.393051
-1.13322 0.395508

-1.13324 0.395508
-1.13184 0.396469

-1.13184 0.396478
-1.12695 0.399902

-1.12695 0.399906
-1.12625 0.400391

-1.12626 0.400391
-1.12207 0.403322

-1.12207 0.40332
-1.11928 0.405273

-1.11929 0.405273
-1.11719 0.406733

-1.11719 0.406735
-1.1123 0.410146

-1.1123 0.410146
-1.11229 0.410156

-1.11229 0.410156
-1.10742 0.413554

-1.10742 0.413556
-1.10529 0.415039

-1.10529 0.415039
-1.10254 0.416957

-1.10254 0.416956
-1.09828 0.419922

-1.09829 0.419922
-1.09766 0.420351

-1.09766 0.420356
-1.09277 0.423752

-1.09277 0.423759
-1.09125 0.424805

-1.09126 0.424805
-1.08789 0.427145

-1.08789 0.427144
-1.08423 0.429688

-1.08424 0.429688
-1.08301 0.430524

-1.08301 0.430534
-1.07812 0.433921

-1.07812 0.433927
-1.07718 0.43457

-1.07719 0.43457
-1.07324 0.437305

-1.07324 0.437304
-1.07014 0.439453

-1.07015 0.439453
-1.06836 0.44068

-1.06836 0.440685
-1.06348 0.444064

-1.06348 0.444066
-1.06308 0.444336

-1.06308 0.444336
-1.05859 0.447441

-1.05859 0.44744
-1.05602 0.449219

-1.05602 0.449219
-1.05371 0.450814

-1.05371 0.450814
-1.04895 0.454102

-1.04895 0.454102
-1.04883 0.454184

-1.04883 0.454187
-1.04395 0.457557

-1.04395 0.457559
-1.04187 0.458984

-1.04188 0.458984
-1.03906 0.460926

-1.03906 0.460925
-1.0348 0.463867

-1.0348 0.463867
-1.03418 0.464287

-1.03418 0.464292
-1.0293 0.467657

-1.0293 0.467663
-1.0277 0.46875

-1.02771 0.46875
-1.02441 0.471021

-1.02441 0.47102
-1.02062 0.473633

-1.02064 0.473633
-1.01953 0.474373

-1.01953 0.474383
-1.01465 0.477743

-1.01465 0.477752
-1.01351 0.478516

-1.01353 0.478516
-1.00977 0.481103

-1.00977 0.481102
-1.00643 0.483398

-1.00644 0.483398
-1.00488 0.484454

-1.00488 0.48446
-1.0 0.487817

-1.0 0.487821
-0.999315 0.488281

-0.999324 0.488281
-0.995117 0.491172

-0.995117 0.491171
-0.992215 0.493164

-0.992221 0.493164
-0.990234 0.494522

-0.990234 0.494524
-0.985352 0.497876

-0.985352 0.497878
-0.985101 0.498047

-0.985104 0.498047
-0.980469 0.501228

-0.980469 0.501227
-0.977985 0.50293

-0.977988 0.50293
-0.975586 0.504576

-0.975586 0.504576
-0.970864 0.507812

-0.970862 0.507812
-0.970703 0.50792

-0.970703 0.507923
-0.96582 0.511269

-0.96582 0.511271
-0.963734 0.512695

-0.963738 0.512695
-0.960938 0.514613

-0.960938 0.514613
-0.956606 0.517578

-0.95661 0.517578
-0.956055 0.51795

-0.956055 0.517955
-0.951172 0.521296

-0.951172 0.521301
-0.94946 0.522461

-0.949469 0.522461
-0.946289 0.524635

-0.946289 0.524635
-0.942326 0.527344

-0.942337 0.527344
-0.941406 0.527964

-0.941406 0.527972
-0.936523 0.531308

-0.936523 0.531315
-0.935166 0.532227

-0.935178 0.532227
-0.931641 0.534642

-0.931641 0.534642
-0.928025 0.537109

-0.928037 0.537109
-0.926758 0.537966

-0.926758 0.537974
-0.921875 0.541305

-0.921875 0.541313
-0.920853 0.541992

-0.920867 0.541992
-0.916992 0.544634

-0.916992 0.544634
-0.913704 0.546875

-0.913713 0.546875
-0.912109 0.547956

-0.912109 0.547962
-0.907227 0.551288

-0.907227 0.551292
-0.906527 0.551758

-0.906537 0.551758
-0.902344 0.554613

-0.902344 0.554613
-0.899364 0.556641

-0.89937 0.556641
-0.897461 0.557933

-0.897461 0.557936
-0.892578 0.561259

-0.892578 0.561261
-0.892184 0.561523

-0.892189 0.561523
-0.887695 0.56458

-0.887695 0.56458
-0.885009 0.566406

-0.885012 0.566406
-0.882812 0.567899

-0.882812 0.5679
-0.87793 0.57122

-0.87793 0.57122
-0.877827 0.571289

-0.877828 0.571289
-0.873047 0.574539

-0.873047 0.574539
-0.870643 0.576172

-0.870644 0.576172
-0.868164 0.577857

-0.868164 0.577857
-0.863458 0.581055

-0.863456 0.581055
-0.863281 0.581171

-0.863281 0.581175
-0.858398 0.584493

-0.858398 0.584494
-0.856269 0.585938

-0.856272 0.585938
-0.853516 0.58781

-0.853516 0.58781
-0.849085 0.59082

-0.849087 0.59082
-0.848633 0.591123

-0.848633 0.591128
-0.84375 0.594446

-0.84375 0.594449
-0.841894 0.595703

-0.8419 0.595703
-0.838867 0.597764

