-1.70403 0.0
-1.70401 0.00488281

-1.70401 0.00488281
-1.70392 0.00976562

-1.70392 0.00976562
-1.70379 0.0146484

-1.70379 0.0146484
-1.70359 0.0195312

-1.70359 0.0195312
-1.70334 0.0244141

-1.70334 0.0244141
-1.70312 0.0278894

-1.70312 0.0278743
-1.70304 0.0292969

-1.70304 0.0292969
-1.70268 0.0341797

-1.70268 0.0341797
-1.70227 0.0390625

-1.70227 0.0390625
-1.70182 0.0439453

-1.70182 0.0439453
-1.70131 0.0488281

-1.70131 0.0488281
-1.70076 0.0537109

-1.70076 0.0537109
-1.70017 0.0585938

-1.70017 0.0585938
-1.69953 0.0634766

-1.69953 0.0634766
-1.69886 0.0683594

-1.69886 0.0683594
-1.69824 0.0726761

-1.69824 0.0726595
-1.69816 0.0732422

-1.69816 0.0732422
-1.69743 0.078125

-1.69743 0.078125
-1.69667 0.0830078

-1.69667 0.0830078
-1.69588 0.0878906

-1.69588 0.0878906
-1.69507 0.0927734

-1.69507 0.0927734
-1.69424 0.0976562

-1.69424 0.0976562
-1.69339 0.102539

-1.6934 0.102539
-1.69336 0.102764

-1.69336 0.102734
-1.69254 0.107422

-1.69254 0.107422
-1.69167 0.112305

-1.69167 0.112305
-1.6908 0.117188

-1.6908 0.117188
-1.68992 0.12207

-1.68992 0.12207
-1.68904 0.126953

-1.68904 0.126953
-1.68848 0.130117

-1.68848 0.130098
-1.68816 0.131836

-1.68817 0.131836
-1.68729 0.136719

-1.68729 0.136719
-1.68642 0.141602

-1.68642 0.141602
-1.68555 0.146484

-1.68555 0.146484
-1.68468 0.151367

-1.68468 0.151367
-1.68383 0.15625

-1.68383 0.15625
-1.68359 0.157604

-1.68359 0.157575
-1.68297 0.161133

-1.68298 0.161133
-1.68213 0.166016

-1.68213 0.166016
-1.68129 0.170898

-1.68129 0.170898
-1.68045 0.175781

-1.68045 0.175781
-1.67961 0.180664

-1.67961 0.180664
-1.67875 0.185547

-1.67876 0.185547
-1.67871 0.185814

-1.67871 0.1858
-1.67789 0.19043

-1.67789 0.19043
-1.677 0.195312

-1.677 0.195312
-1.67607 0.200195

-1.67608 0.200195
-1.67509 0.205078

-1.6751 0.205078
-1.67405 0.209961

-1.67405 0.209961
-1.67383 0.210894

-1.67383 0.21093
-1.67291 0.214844

-1.67292 0.214844
-1.67165 0.219727

-1.67167 0.219727
-1.67024 0.224609

-1.67026 0.224609
-1.66895 0.228524

-1.66895 0.228552
-1.66863 0.229492

-1.66863 0.229492
-1.66672 0.234375

-1.66676 0.234375
-1.66449 0.239258

-1.66451 0.239258
-1.66406 0.240063

-1.66406 0.240057
-1.66176 0.244141

-1.66183 0.244141
-1.65918 0.247924

-1.65918 0.247944
-1.65841 0.249023

-1.65846 0.249023
-1.6543 0.25371

-1.6543 0.253704
-1.6541 0.253906

-1.65412 0.253906
-1.64941 0.258108

-1.64941 0.258041
-1.64836 0.258789

-1.64835 0.258789
-1.64453 0.261447

-1.64453 0.261383
-1.64036 0.263672

-1.64048 0.263672
-1.63965 0.264123

-1.63965 0.26404
-1.63477 0.266174

-1.63477 0.266139
-1.62988 0.267863

-1.62988 0.267838
-1.6274 0.268555

-1.62748 0.268555
-1.625 0.269272

-1.625 0.269244
-1.62012 0.270408

-1.62012 0.270396
-1.61523 0.271368

-1.61523 0.27136
-1.61035 0.272182

-1.61035 0.272175
-1.60547 0.272876

-1.60547 0.272866
-1.60086 0.273438

-1.60117 0.273438
-1.60059 0.273511

-1.60059 0.273472
-1.5957 0.274001

-1.5957 0.273994
-1.59082 0.274465

-1.59082 0.274461
-1.58594 0.274894

-1.58594 0.274891
-1.58105 0.275299

-1.58105 0.275297
-1.57617 0.275692

-1.57617 0.27569
-1.57129 0.276081

-1.57129 0.276079
-1.56641 0.276475

-1.56641 0.276474
-1.56152 0.276884

-1.56152 0.276883
-1.55664 0.277311

-1.55664 0.27731
-1.55176 0.277761

-1.55187 0.27832
-1.55176 0.27833

-1.55176 0.277756
-1.54688 0.278236

-1.54741 0.27832
-1.54688 0.278373

-1.54688 0.278235
-1.54606 0.27832

-1.54612 0.27832
-1.54199 0.278751

-1.54199 0.278747
-1.53711 0.279288

-1.53711 0.279287
-1.53223 0.279866

-1.53223 0.279866
-1.52734 0.280485

-1.52734 0.280485
-1.52246 0.281145

-1.52246 0.281144
-1.51758 0.281847

-1.51758 0.281847
-1.5127 0.282593

-1.5127 0.282591
-1.50889 0.283203

-1.50899 0.283203
-1.50781 0.283393

-1.50781 0.28338
-1.50293 0.284203

-1.50293 0.284201
-1.49805 0.285065

-1.49805 0.285065
-1.49316 0.285973

-1.49316 0.285972
-1.48828 0.286927

-1.48828 0.286927
-1.4834 0.287927

-1.48359 0.288086
-1.4834 0.288124

-1.4834 0.287926
-1.48265 0.288086

-1.48267 0.288086
-1.47852 0.288971

-1.47852 0.288967
-1.47363 0.290047

-1.47363 0.290047
-1.46875 0.291174

-1.46875 0.291174
-1.46387 0.292349

-1.46387 0.292348
-1.46137 0.292969

-1.46141 0.292969
-1.45898 0.293572

-1.45898 0.293565
-1.4541 0.294817

-1.4541 0.294816
-1.44922 0.296113

-1.44922 0.296114
-1.44434 0.297458

-1.44438 0.297852
-1.44434 0.297865

-1.44434 0.297458
-1.44294 0.297852

-1.44297 0.297852
-1.43945 0.298847

-1.43945 0.298841
-1.43457 0.30026

-1.43457 0.300259
-1.42969 0.301725

-1.42969 0.301726
-1.42642 0.302734

-1.42645 0.302734
-1.4248 0.303243

-1.4248 0.303234
-1.41992 0.304772

-1.41992 0.304769
-1.41504 0.306351

-1.41504 0.306352
-1.41123 0.307617

-1.41127 0.307617
-1.41016 0.307989

-1.41016 0.307978
-1.40527 0.309631

-1.40527 0.309627
-1.40039 0.31132

-1.40039 0.311323
-1.39707 0.3125

-1.3971 0.3125
-1.39551 0.313065

-1.39551 0.313055
-1.39062 0.314815

-1.39062 0.314811
-1.38574 0.316609

-1.38574 0.316611
-1.38368 0.317383

-1.3837 0.317383
-1.38086 0.31845

-1.38086 0.318442
-1.37598 0.320302

-1.37598 0.320302
-1.37109 0.322199

-1.37119 0.322266
-1.37109 0.322302

-1.37109 0.3222
-1.37093 0.322266

-1.37094 0.322266
-1.36621 0.324129

-1.36621 0.324122
-1.36133 0.326078

-1.36133 0.32608
-1.3587 0.327148

-1.35873 0.327148
-1.35645 0.328076

-1.35645 0.328068
-1.35156 0.33008

-1.35156 0.330079
-1.3469 0.332031

-1.34696 0.332031
-1.34668 0.332147

-1.34668 0.332128
-1.3418 0.334197

-1.3418 0.334191
-1.33691 0.336288

-1.33691 0.33629
-1.33548 0.336914

-1.33549 0.336914
-1.33203 0.338419

-1.33203 0.338411
-1.32715 0.340557

-1.32715 0.340558
-1.32436 0.341797

-1.32438 0.341797
-1.32227 0.342739

-1.32227 0.34273
-1.31738 0.344923

-1.31738 0.344921
-1.31351 0.34668

-1.31354 0.34668
-1.3125 0.347153

-1.3125 0.347142
-1.30762 0.349378

-1.30762 0.349375
-1.30289 0.351562

-1.30294 0.351562
-1.30273 0.351659

-1.30273 0.351639
-1.29785 0.353917

-1.29785 0.353912
-1.29297 0.35621

-1.29301 0.356445
-1.29297 0.356465

-1.29297 0.356212
-1.29248 0.356445

-1.29249 0.356445
-1.28809 0.358532

-1.28809 0.358526
-1.2832 0.36086

-1.2832 0.360862
-1.28224 0.361328

-1.28225 0.361328
-1.27832 0.363219

-1.27832 0.363211
-1.27344 0.365579

-1.27344 0.365581
-1.27215 0.366211

-1.27216 0.366211
-1.26855 0.36797

-1.26855 0.367962
-1.26367 0.37036

-1.26367 0.370363
-1.26219 0.371094

-1.2622 0.371094
-1.25879 0.37278

-1.25879 0.372772
-1.25391 0.375198

-1.25391 0.3752
-1.25235 0.375977

-1.25236 0.375977
-1.24902 0.377644

-1.24902 0.377636
-1.24414 0.380087

-1.24414 0.380089
-1.24261 0.380859

-1.24262 0.380859
-1.23926 0.382557

-1.23926 0.382549
-1.23438 0.385023

-1.23438 0.385025
-1.23297 0.385742

-1.23298 0.385742
-1.22949 0.387514

-1.22949 0.387507
-1.22461 0.390001

-1.22461 0.390004
-1.2234 0.390625

-1.22341 0.390625
-1.21973 0.392512

-1.21973 0.392505
-1.21484 0.395018

-1.21484 0.395021
-1.2139 0.395508

-1.21391 0.395508
-1.20996 0.397547

-1.20996 0.39754
-1.20508 0.400071

-1.20508 0.400074
-1.20447 0.400391

-1.20447 0.400391
-1.2002 0.402616

-1.2002 0.40261
-1.19531 0.405156

-1.19535 0.405273
-1.19531 0.405292

-1.19531 0.405159
-1.19509 0.405273

-1.1951 0.405273
-1.19043 0.407716

-1.19043 0.407711
-1.18577 0.410156

-1.1858 0.410156
-1.18555 0.410289

-1.18555 0.410277
-1.18066 0.412847

-1.18066 0.412842
-1.1765 0.415039

-1.17652 0.415039
-1.17578 0.415431

-1.17578 0.415422
-1.1709 0.418006

-1.1709 0.418002
-1.16728 0.419922

-1.1673 0.419922
-1.16602 0.420603

-1.16602 0.420595
-1.16113 0.423193

-1.16113 0.42319
-1.15811 0.424805

-1.15812 0.424805
-1.15625 0.425804

-1.15625 0.425796
-1.15137 0.428408

-1.15137 0.428407
-1.14898 0.429688

-1.14899 0.429688
-1.14648 0.431031

-1.14648 0.431025
-1.1416 0.43365

-1.1416 0.43365
-1.13989 0.43457

-1.1399 0.43457
-1.13672 0.436287

-1.13672 0.43628
-1.13184 0.438919

-1.13184 0.438922
-1.13085 0.439453

-1.13086 0.439453
-1.12695 0.44157

-1.12695 0.441565
-1.12207 0.444216

-1.12209 0.444336
-1.12207 0.444348

-1.12207 0.444219
-1.12186 0.444336

-1.12186 0.444336
-1.11719 0.44688

-1.11719 0.446875
-1.11289 0.449219

-1.11292 0.449219
-1.1123 0.449552

-1.1123 0.449545
-1.10742 0.452218

-1.10742 0.452214
-1.10398 0.454102

-1.104 0.454102
-1.10254 0.454902

-1.10254 0.454896
-1.09766 0.457583

-1.09766 0.45758
-1.09511 0.458984

-1.09512 0.458984
-1.09277 0.46028

-1.09277 0.460274
-1.08789 0.462975

-1.08789 0.462975
-1.08628 0.463867

-1.08629 0.463867
-1.08301 0.465686

-1.08301 0.465681
-1.07812 0.468394

-1.07812 0.468397
-1.07749 0.46875

-1.07749 0.46875
-1.07324 0.471118

-1.07324 0.471114
-1.06873 0.473633

-1.06875 0.473633
-1.06836 0.473849

-1.06836 0.473843
-1.06348 0.476576

-1.06348 0.476571
-1.06001 0.478516

-1.06002 0.478516
-1.05859 0.479318

-1.05859 0.479312
-1.05371 0.482057

-1.05371 0.482054
-1.05132 0.483398

-1.05133 0.483398
-1.04883 0.48481

-1.04883 0.484805
-1.04395 0.487561

-1.04395 0.487562
-1.04267 0.488281

-1.04268 0.488281
-1.03906 0.490325

-1.03906 0.490321
-1.03418 0.493087

-1.0342 0.493164
-1.03418 0.493173

-1.03418 0.49309
-1.03405 0.493164

-1.03405 0.493164
-1.0293 0.495862

-1.0293 0.495858
-1.02545 0.498047

-1.02546 0.498047
-1.02441 0.498642

-1.02441 0.498637
-1.01953 0.501418

-1.01953 0.501415
-1.01688 0.50293

-1.01689 0.50293
-1.01465 0.504207

-1.01465 0.504202
-1.00977 0.506993

-1.00977 0.506993
-1.00833 0.507812

-1.00834 0.507812
-1.00488 0.50979

-1.00488 0.509786
-1.0 0.512585

-1.0 0.512587
-0.999809 0.512695

-0.999812 0.512695
-0.995117 0.51539

-0.995117 0.515386
-0.991303 0.517578

-0.991317 0.517578
-0.990234 0.5182

-0.990234 0.518195
-0.985352 0.521006

-0.985352 0.521003
-0.982822 0.522461

-0.982831 0.522461
-0.980469 0.523822

-0.980469 0.523818
-0.975586 0.526636

-0.975586 0.526636
-0.974361 0.527344

-0.974366 0.527344
-0.970703 0.529459

-0.970703 0.529456
-0.965913 0.532227

-0.965923 0.532227
-0.96582 0.532285

-0.96582 0.532283
-0.960938 0.535111

-0.960938 0.535107
-0.957483 0.537109

-0.957495 0.537109
-0.956055 0.537944

-0.956055 0.53794
-0.951172 0.540774

-0.951172 0.540772
-0.949072 0.541992

-0.94908 0.541992
-0.946289 0.543613

-0.946289 0.54361
-0.941406 0.546451

-0.941406 0.546453
-0.940678 0.546875

-0.940682 0.546875
-0.936523 0.549297

-0.936523 0.549294
-0.932297 0.551758

-0.93231 0.551758
-0.931641 0.552146

-0.931641 0.552143
-0.926758 0.554994

-0.926758 0.554991
-0.923934 0.556641

-0.923943 0.556641
-0.921875 0.557849

-0.921875 0.557846
-0.916992 0.560703

-0.916992 0.560702
-0.915591 0.561523

-0.915595 0.561523
-0.912109 0.563565

-0.912109 0.563562
-0.907261 0.566406

-0.907268 0.566406
-0.907227 0.56643

-0.907227 0.566428
-0.902344 0.569296

-0.902344 0.569293
-0.898948 0.571289

-0.898957 0.571289
-0.897461 0.572169

-0.897461 0.572166
-0.892578 0.57504

-0.892578 0.575039
-0.890656 0.576172

-0.890661 0.576172
-0.887695 0.57792

-0.887695 0.577917
-0.882812 0.580799

-0.882812 0.580802
-0.88238 0.581055

-0.882384 0.581055
-0.87793 0.583687

-0.87793 0.583684
-0.874122 0.585938

-0.874131 0.585938
-0.873047 0.586578

-0.873047 0.586575
-0.868164 0.589469

-0.868164 0.589467
-0.865884 0.59082

-0.865889 0.59082
-0.863281 0.592368

-0.863281 0.592366
-0.858398 0.595268

-0.858398 0.59527
-0.857665 0.595703

-0.85767 0.595703
-0.853516 0.598176

