-1.65556 0.0
-1.65556 0.00244141

-1.65556 0.00244141
-1.65557 0.00488281

-1.65557 0.00488281
-1.65558 0.00732422

-1.65558 0.00732422
-1.6556 0.00976562

-1.6556 0.00976562
-1.65562 0.012207

-1.65562 0.012207
-1.65564 0.0146484

-1.65564 0.0146484
-1.65567 0.0170898

-1.65567 0.0170898
-1.65571 0.0195312

-1.65571 0.0195312
-1.65574 0.0219727

-1.65574 0.0219727
-1.65579 0.0244141

-1.65579 0.0244141
-1.65584 0.0268555

-1.65584 0.0268555
-1.65589 0.0292969

-1.65589 0.0292969
-1.65595 0.0317383

-1.65595 0.0317383
-1.65601 0.0341797

-1.65601 0.0341797
-1.65607 0.0366211

-1.65607 0.0366211
-1.65615 0.0390625

-1.65615 0.0390625
-1.65622 0.0415039

-1.65622 0.0415039
-1.6563 0.0439453

-1.6563 0.0439453
-1.65638 0.0463867

-1.65638 0.0463867
-1.65647 0.0488281

-1.65647 0.0488281
-1.65657 0.0512695

-1.65657 0.0512695
-1.65666 0.0537109

-1.65674 0.0554534
-1.65677 0.0561523

-1.65677 0.0561523
-1.65687 0.0585938

-1.65674 0.055477
-1.65666 0.0537109

-1.65687 0.0585938
-1.65698 0.0610352

-1.65698 0.0610352
-1.6571 0.0634766

-1.6571 0.0634766
-1.65721 0.065918

-1.65721 0.065918
-1.65733 0.0683594

-1.65733 0.0683594
-1.65746 0.0708008

-1.65746 0.0708008
-1.65758 0.0732422

-1.65759 0.0732422
-1.65771 0.0756836

-1.65771 0.0756836
-1.65784 0.078125

-1.65784 0.078125
-1.65798 0.0805664

-1.65798 0.0805664
-1.65811 0.0830078

-1.65811 0.0830078
-1.65824 0.0854492

-1.65824 0.0854492
-1.65837 0.0878906

-1.65837 0.0878906
-1.65849 0.090332

-1.65849 0.090332
-1.65861 0.0927734

-1.65861 0.0927734
-1.65873 0.0952148

-1.65873 0.0952148
-1.65883 0.0976562

-1.65883 0.0976562
-1.65892 0.100098

-1.65892 0.100098
-1.65899 0.102539

-1.659 0.102539
-1.65905 0.10498

-1.65905 0.10498
-1.65907 0.107422

-1.65908 0.107422
-1.65907 0.109863

-1.65907 0.109863
-1.65902 0.112305

-1.65903 0.112305
-1.65893 0.114746

-1.65893 0.114746
-1.65877 0.117188

-1.65879 0.117188
-1.65855 0.119629

-1.65855 0.119629
-1.65822 0.12207

-1.65825 0.12207
-1.65781 0.124512

-1.6578 0.124512
-1.65723 0.126953

-1.65729 0.126953
-1.65674 0.128777

-1.65674 0.128578
-1.65649 0.129395

-1.65651 0.129395
-1.65557 0.131836

-1.65562 0.131836
-1.65442 0.134277

-1.65433 0.134277
-1.6543 0.134328

-1.6543 0.134456
-1.65287 0.136719

-1.65294 0.136719
-1.65186 0.13813

-1.65186 0.137988
-1.65089 0.13916

-1.65094 0.13916
-1.64941 0.140698

-1.64941 0.140697
-1.64837 0.141602

-1.64833 0.141602
-1.64697 0.142698

-1.64697 0.142742
-1.64504 0.144043

-1.64521 0.144043
-1.64453 0.144474

-1.64453 0.144343
-1.64209 0.14567

-1.64209 0.145682
-1.64032 0.146484

-1.64038 0.146484
-1.63965 0.146815

-1.63965 0.146755
-1.63721 0.147675

-1.63721 0.147691
-1.63477 0.148472

-1.63477 0.148451
-1.63301 0.148926

-1.63295 0.148926
-1.63232 0.149096

-1.63232 0.149119
-1.62988 0.149691

-1.62988 0.149674
-1.62744 0.15017

-1.62744 0.150177
-1.625 0.150617

-1.625 0.150607
-1.62256 0.150998

-1.62256 0.151001
-1.62012 0.151355

-1.62031 0.151367
-1.62012 0.151396

-1.62012 0.151362
-1.62008 0.151367

-1.61999 0.151367
-1.61768 0.15167

-1.61768 0.151673
-1.61523 0.151963

-1.61523 0.151957
-1.61279 0.152226

-1.61279 0.152228
-1.61035 0.152483

-1.61035 0.152479
-1.60791 0.152722

-1.60791 0.152724
-1.60547 0.15296

-1.60547 0.152957
-1.60303 0.153188

-1.60303 0.153189
-1.60059 0.153418

-1.60059 0.153416
-1.59814 0.153645

-1.59814 0.153646
-1.59643 0.153809

-1.59643 0.153809
-1.5957 0.153878

-1.5957 0.153875
-1.59326 0.154111

-1.59326 0.154112
-1.59082 0.154356

-1.59082 0.154355
-1.58838 0.154607

-1.58838 0.154607
-1.58594 0.15487

-1.58594 0.154869
-1.5835 0.155143

-1.5835 0.155144
-1.58105 0.155429

-1.58105 0.155428
-1.57861 0.155727

-1.57861 0.155728
-1.57617 0.156041

-1.57617 0.156036
-1.57458 0.15625

-1.57623 0.15625
-1.57617 0.156258

-1.57465 0.15625
-1.57373 0.156373

-1.57373 0.156371
-1.57129 0.156709

-1.57129 0.156706
-1.56885 0.157055

-1.56885 0.157056
-1.56641 0.157422

-1.56641 0.157422
-1.56396 0.157803

-1.56396 0.157803
-1.56152 0.158201

-1.56152 0.158201
-1.55908 0.158614

-1.55908 0.158617
-1.55866 0.158691

-1.55864 0.158691
-1.55664 0.159041

-1.55664 0.15904
-1.5542 0.159484

-1.5542 0.159485
-1.55176 0.159947

-1.55176 0.159946
-1.54932 0.160427

-1.54932 0.160427
-1.54688 0.160926

-1.54689 0.161133
-1.54688 0.161136

-1.54688 0.160922
-1.54588 0.161133

-1.54592 0.161133
-1.54443 0.161448

-1.54443 0.161446
-1.54199 0.161976

-1.54199 0.161973
-1.53955 0.162517

-1.53955 0.162517
-1.53711 0.163079

-1.53711 0.163079
-1.53502 0.163574

-1.53504 0.163574
-1.53467 0.163662

-1.53467 0.163659
-1.53223 0.164252

-1.53223 0.16425
-1.52979 0.16486

-1.52979 0.164861
-1.52734 0.165491

-1.52734 0.165489
-1.52536 0.166016

-1.5254 0.166016
-1.5249 0.166148

-1.5249 0.166144
-1.52246 0.166808

-1.52246 0.166804
-1.52002 0.16748

-1.52002 0.167481
-1.51758 0.168173

-1.51758 0.16817
-1.51659 0.168457

-1.5166 0.168457
-1.51514 0.168882

-1.51514 0.168881
-1.5127 0.169603

-1.5127 0.169601
-1.51025 0.170342

-1.51025 0.170342
-1.50846 0.170898

-1.5085 0.170898
-1.50781 0.171111

-1.50781 0.171102
-1.50537 0.171874

-1.50537 0.171874
-1.50293 0.172659

-1.50293 0.172658
-1.50085 0.17334

-1.50086 0.17334
-1.50049 0.173461

-1.50049 0.173459
-1.49805 0.174271

-1.49805 0.174268
-1.49561 0.175098

-1.49561 0.175097
-1.49363 0.175781

-1.49367 0.175781
-1.49316 0.175956

-1.49316 0.175947
-1.49072 0.176806

-1.49072 0.176807
-1.48828 0.177678

-1.48828 0.177675
-1.48677 0.178223

-1.48678 0.178223
-1.48584 0.178564

-1.48584 0.178563
-1.4834 0.179461

-1.4834 0.179457
-1.48096 0.180373

-1.48096 0.180374
-1.4802 0.180664

-1.48021 0.180664
-1.47852 0.18131

-1.47852 0.181306
-1.47607 0.182246

-1.47607 0.182247
-1.47387 0.183105

-1.47387 0.183105
-1.47363 0.183197

-1.47363 0.183197
-1.47119 0.184163

-1.47119 0.184163
-1.46875 0.185146

-1.46875 0.185142
-1.46776 0.185547

-1.46778 0.185547
-1.46631 0.186148

-1.46631 0.186147
-1.46387 0.187155

-1.46387 0.187152
-1.46186 0.187988

-1.46187 0.187988
-1.46143 0.188175

-1.46143 0.188173
-1.45898 0.189205

-1.45898 0.189202
-1.45654 0.190251

-1.45654 0.190253
-1.45614 0.19043

-1.45615 0.19043
-1.4541 0.19132

-1.4541 0.191317
-1.45166 0.192389

-1.45166 0.192392
-1.45058 0.192871

-1.45058 0.192871
-1.44922 0.193473

-1.44922 0.193471
-1.44678 0.19457

-1.44678 0.19457
-1.44515 0.195312

-1.44517 0.195312
-1.44434 0.195694

-1.44434 0.195688
-1.44189 0.196814

-1.44189 0.196815
-1.43988 0.197754

-1.43987 0.197754
-1.43945 0.197949

-1.43945 0.197948
-1.43701 0.199097

-1.43701 0.199097
-1.43471 0.200195

-1.43474 0.200195
-1.43457 0.200277

-1.43457 0.200266
-1.43213 0.201445

-1.43213 0.201445
-1.42969 0.202631

-1.42969 0.202625
-1.42966 0.202637

-1.42967 0.202637
-1.42725 0.203828

-1.42725 0.203828
-1.4248 0.205045

-1.4248 0.205039
-1.42473 0.205078

-1.42474 0.205078
-1.42236 0.206276

-1.42236 0.206276
-1.41992 0.207512

-1.41992 0.207506
-1.41989 0.20752

-1.4199 0.20752
-1.41748 0.208758

-1.41748 0.208758
-1.41516 0.209961

-1.41518 0.209961
-1.41504 0.210036

-1.41504 0.210025
-1.4126 0.211301

-1.4126 0.211302
-1.4105 0.212402

-1.4105 0.212402
-1.41016 0.212584

-1.41016 0.212582
-1.40771 0.213879

-1.40771 0.213879
-1.40592 0.214844

-1.40593 0.214844
-1.40527 0.215199

-1.40527 0.215192
-1.40283 0.216513

-1.40283 0.216515
-1.40142 0.217285

-1.40141 0.217285
-1.40039 0.217843

-1.40039 0.21784
-1.39795 0.219182

-1.39795 0.219183
-1.39697 0.219727

-1.39698 0.219727
-1.39551 0.220544

-1.39551 0.220539
-1.39307 0.221903

-1.39307 0.221905
-1.3926 0.222168

-1.3926 0.222168
-1.39062 0.223276

-1.39062 0.223273
-1.38827 0.224609

-1.38829 0.224609
-1.38818 0.224667

-1.38818 0.224664
-1.38574 0.22606

-1.38574 0.226055
-1.38401 0.227051

-1.38402 0.227051
-1.3833 0.227462

-1.3833 0.22746
-1.38086 0.228875

-1.38086 0.228871
-1.3798 0.229492

-1.37981 0.229492
-1.37842 0.230303

-1.37842 0.230302
-1.37598 0.231734

-1.37598 0.23173
-1.37563 0.231934

-1.37563 0.231934
-1.37354 0.233173

-1.37354 0.233173
-1.37152 0.234375

-1.37153 0.234375
-1.37109 0.234634

-1.37109 0.234628
-1.36865 0.236089

-1.36865 0.236091
-1.36744 0.236816

-1.36744 0.236816
-1.36621 0.237557

-1.36621 0.237554
-1.36377 0.239033

-1.36377 0.239035
-1.3634 0.239258

-1.36341 0.239258
-1.36133 0.240525

-1.36133 0.240521
-1.3594 0.241699

-1.35941 0.241699
-1.35889 0.242017

-1.35889 0.242016
-1.35645 0.243519

-1.35645 0.243516
-1.35544 0.244141

-1.35545 0.244141
-1.354 0.245033

-1.354 0.245033
-1.35156 0.24655

-1.35156 0.246545
-1.3515 0.246582

-1.35151 0.246582
-1.34912 0.248072

-1.34912 0.248073
-1.34761 0.249023

-1.34762 0.249023
-1.34668 0.249613

-1.34668 0.249608
-1.34424 0.251149

-1.34424 0.251152
-1.34374 0.251465

-1.34374 0.251465
-1.3418 0.252696

-1.3418 0.252693
-1.33989 0.253906

-1.33991 0.253906
-1.33936 0.254253

-1.33936 0.254253
-1.33691 0.255815

-1.33691 0.255812
-1.33608 0.256348

-1.33608 0.256348
-1.33447 0.257381

-1.33447 0.25738
-1.33229 0.258789

-1.3323 0.258789
-1.33203 0.25896

-1.33203 0.258957
-1.32959 0.260539

-1.32959 0.26054
-1.32853 0.26123

-1.32853 0.26123
-1.32715 0.262125

-1.32715 0.262122
-1.32477 0.263672

-1.32478 0.263672
-1.32471 0.263722

-1.32471 0.26372
-1.32227 0.26532

-1.32227 0.265317
-1.32105 0.266113

-1.32106 0.266113
-1.31982 0.266923

-1.31982 0.266922
-1.31738 0.268534

-1.31738 0.26853
-1.31735 0.268555

-1.31735 0.268555
-1.31494 0.270152

-1.31494 0.270152
-1.31367 0.270996

-1.31367 0.270996
-1.3125 0.271771

-1.3125 0.271769
-1.31006 0.273395

-1.31006 0.273396
-1.31 0.273438

-1.31 0.273438
-1.30762 0.275031

-1.30762 0.275027
-1.30635 0.275879

-1.30635 0.275879
-1.30518 0.276664

-1.30518 0.276664
-1.30273 0.278305

-1.30273 0.278302
-1.30271 0.27832

-1.30271 0.27832
-1.30029 0.279952

-1.30029 0.279953
-1.29909 0.280762

-1.29909 0.280762
-1.29785 0.2816

-1.29785 0.281598
-1.29548 0.283203

-1.29549 0.283203
-1.29541 0.283256

-1.29541 0.283255
-1.29297 0.284913

-1.29297 0.284911
-1.29189 0.285645

-1.29189 0.285645
-1.29053 0.286572

-1.29053 0.286572
-1.28831 0.288086

-1.28832 0.288086
-1.28809 0.288241

-1.28809 0.288239
-1.28564 0.289908

-1.28564 0.289911
-1.28474 0.290527

-1.28474 0.290527
-1.2832 0.291579

-1.2832 0.291577
-1.28118 0.292969

-1.28119 0.292969
-1.28076 0.293254

-1.28076 0.293256
-1.27832 0.294936

-1.27832 0.294937
-1.27762 0.29541

-1.27763 0.29541
-1.27588 0.296615

-1.27588 0.296615
-1.27409 0.297852

-1.2741 0.297852
-1.27344 0.2983

-1.27344 0.298301
-1.271 0.299989

-1.271 0.299993
-1.27055 0.300293

-1.27056 0.300293
-1.26855 0.301679

-1.26855 0.301676
-1.26703 0.302734

-1.26704 0.302734
-1.26611 0.303371

-1.26611 0.303373
-1.26367 0.305069

-1.26367 0.305067
-1.26351 0.305176

-1.26351 0.305176
-1.26123 0.306764

-1.26123 0.306765
-1.26 0.307617

-1.26001 0.307617
-1.25879 0.308467

-1.25879 0.308465
-1.2565 0.310059

-1.2565 0.310059
-1.25635 0.310166

-1.25635 0.310166
-1.25391 0.31187

-1.25391 0.311872
-1.253 0.3125

-1.25301 0.3125
-1.25146 0.313578

-1.25146 0.313578
-1.24951 0.314941

-1.24952 0.314941
-1.24902 0.315281

-1.24902 0.315282
-1.24658 0.316991

-1.24658 0.316996
-1.24602 0.317383

-1.24603 0.317383
-1.24414 0.318705

-1.24414 0.318703
-1.24254 0.319824

-1.24255 0.319824
-1.2417 0.320411

-1.2417 0.320415
-1.23926 0.322129

-1.23926 0.322129
-1.23906 0.322266

-1.23906 0.322266
-1.23682 0.323845

-1.23682 0.323845
-1.23559 0.324707

-1.23559 0.324707
-1.23438 0.325559

-1.23438 0.325557
-1.23211 0.327148

-1.23212 0.327148
-1.23193 0.327276

-1.23193 0.327276
-1.22949 0.328994

-1.22949 0.328997
-1.22864 0.32959

-1.22864 0.32959
-1.22705 0.330711

-1.22705 0.330711
-1.22518 0.332031

-1.22519 0.332031
-1.22461 0.332428

-1.22461 0.33243
-1.22217 0.33415

-1.22217 0.334153
-1.22171 0.334473

-1.22171 0.334473
-1.21973 0.33587

-1.21973 0.335868
-1.21824 0.336914

-1.21825 0.336914
-1.21729 0.337589

-1.21729 0.337592
-1.21484 0.339313

-1.21484 0.339311
-1.21478 0.339355

-1.21478 0.339355
-1.2124 0.341032

-1.2124 0.341034
-1.21132 0.341797

-1.21132 0.341797
-1.20996 0.342756

-1.20996 0.342754
-1.20786 0.344238

-1.20786 0.344238
-1.20752 0.344473

-1.20752 0.344475
-1.20508 0.346198

-1.20508 0.346202
-1.20438 0.34668

-1.2044 0.34668
-1.20264 0.347921

-1.20264 0.347921
-1.20093 0.349121

-1.20094 0.349121
-1.2002 0.349637

-1.2002 0.34964
-1.19775 0.351361

-1.19775 0.351363
-1.19747 0.351562

-1.19747 0.351562
-1.19531 0.353085

-1.19531 0.353084
-1.19401 0.354004

-1.19401 0.354004
-1.19287 0.354803

-1.19287 0.354805
-1.19054 0.356445

-1.19055 0.356445
-1.19043 0.356527

-1.19043 0.356526
-1.18799 0.358247

-1.18799 0.358251
-1.18708 0.358887

-1.18708 0.358887
-1.18555 0.359967

-1.18555 0.359965
-1.18361 0.361328

-1.18362 0.361328
-1.18311 0.361683

-1.18311 0.361687
-1.18066 0.363406

-1.18066 0.363409
-1.18014 0.36377

-1.18015 0.36377
-1.17822 0.365123

-1.17822 0.365123
-1.17668 0.366211

-1.17668 0.366211
-1.17578 0.36684

-1.17578 0.366841
-1.17334 0.368558

-1.17334 0.368559
-1.17321 0.368652

-1.17321 0.368652
-1.1709 0.370275

-1.1709 0.370274
-1.16973 0.371094

-1.16974 0.371094
-1.16846 0.371992

-1.16846 0.371992
-1.16626 0.373535

-1.16626 0.373535
-1.16602 0.373705

-1.16602 0.373705
-1.16357 0.375419

-1.16357 0.375423
-1.16277 0.375977

-1.16278 0.375977
-1.16113 0.377134

-1.16113 0.377133
-1.1593 0.378418

-1.15931 0.378418
-1.15869 0.378839

-1.15869 0.378845
-1.15625 0.380557

-1.15625 0.380559
-1.15581 0.380859

-1.15582 0.380859
-1.15381 0.382269

-1.15381 0.382269
-1.15233 0.383301

-1.15234 0.383301
-1.15137 0.383975

-1.15137 0.383976
-1.14893 0.385684

-1.14893 0.385684
-1.14884 0.385742

-1.14885 0.385742
-1.14648 0.387394

-1.14648 0.387394
-1.14535 0.388184

-1.14535 0.388184
-1.14404 0.389099

-1.14404 0.3891
-1.14186 0.390625

-1.14186 0.390625
-1.1416 0.390804

-1.1416 0.390806
-1.13916 0.392511

-1.13916 0.392515
-1.13836 0.393066

-1.13836 0.393066
-1.13672 0.394215

-1.13672 0.394213
-1.13486 0.395508

-1.13487 0.395508
-1.13428 0.395912

-1.13428 0.395917
-1.13184 0.39762

-1.13184 0.397623
-1.13136 0.397949

-1.13136 0.397949
-1.12939 0.39932

-1.12939 0.39932
-1.12786 0.400391

-1.12786 0.400391
-1.12695 0.401018

-1.12695 0.40102
-1.12451 0.402719

-1.12451 0.402719
-1.12435 0.402832

-1.12435 0.402832
-1.12207 0.404417

-1.12207 0.404416
-1.12084 0.405273

-1.12084 0.405273
-1.11963 0.406114

-1.11963 0.406115
-1.11733 0.407715

-1.11733 0.407715
-1.11719 0.40781

-1.11719 0.40781
-1.11475 0.409505

-1.11475 0.409507
-1.1138 0.410156

-1.11381 0.410156
-1.1123 0.411201

-1.1123 0.411199
-1.11029 0.412598

-1.11029 0.412598
-1.10986 0.412889

-1.10986 0.412893
-1.10742 0.414585

-1.10742 0.414589
-1.10676 0.415039

-1.10677 0.415039
-1.10498 0.416278

-1.10498 0.416278
-1.10324 0.41748

-1.10325 0.41748
-1.10254 0.417964

-1.10254 0.417967
-1.1001 0.419657

-1.1001 0.41966
-1.09971 0.419922

-1.09972 0.419922
-1.09766 0.421348

-1.09766 0.421347
-1.09619 0.422363

-1.09619 0.422363
-1.09521 0.423033

-1.09521 0.423035
-1.09277 0.424723

-1.09277 0.424724
-1.09265 0.424805

-1.09266 0.424805
-1.09033 0.426411

-1.09033 0.426411
-1.08912 0.427246

-1.08912 0.427246
-1.08789 0.428097

-1.08789 0.428095
-1.08558 0.429688

-1.08559 0.429688
-1.08545 0.429781

-1.08545 0.429782
-1.08301 0.431467

-1.08301 0.431468
-1.08204 0.432129

-1.08205 0.432129
-1.08057 0.43315

-1.08057 0.43315
-1.07851 0.43457

-1.07851 0.43457
-1.07812 0.434831

-1.07812 0.434834
-1.07568 0.436518

-1.07568 0.436521
-1.07496 0.437012

-1.07497 0.437012
-1.07324 0.4382

-1.07324 0.438198
-1.07142 0.439453

-1.07143 0.439453
-1.0708 0.439877

-1.0708 0.439881
-1.06836 0.441563

-1.06836 0.441566
-1.06787 0.441895

-1.06788 0.441895
-1.06592 0.443243

-1.06592 0.443243
-1.06433 0.444336

-1.06433 0.444336
-1.06348 0.444921

-1.06348 0.444923
-1.06104 0.446602

-1.06104 0.446604
-1.06078 0.446777

-1.06078 0.446777
-1.05859 0.448281

-1.05859 0.44828
-1.05723 0.449219

-1.05723 0.449219
-1.05615 0.449959

-1.05615 0.44996
-1.05371 0.451639

-1.05371 0.451638
-1.05368 0.45166

-1.05368 0.45166
-1.05127 0.453316

-1.05127 0.453316
-1.05012 0.454102

-1.05013 0.454102
-1.04883 0.454994

-1.04883 0.454993
-1.04657 0.456543

-1.04657 0.456543
-1.04639 0.456669

-1.04639 0.45667
-1.04395 0.458346

-1.04395 0.458347
-1.04301 0.458984

-1.04302 0.458984
-1.0415 0.460023

-1.0415 0.460023
-1.03946 0.461426

-1.03946 0.461426
-1.03906 0.461696

-1.03906 0.461698
-1.03662 0.463373

-1.03662 0.463377
-1.0359 0.463867

-1.0359 0.463867
-1.03418 0.465049

-1.03418 0.465048
-1.03234 0.466309

-1.03235 0.466309
-1.03174 0.466718

-1.03174 0.466723
-1.0293 0.468397

-1.0293 0.468401
-1.02877 0.46875

-1.02878 0.46875
-1.02686 0.470072

-1.02686 0.470072
-1.02522 0.471191

-1.02523 0.471191
-1.02441 0.471742

-1.02441 0.471744
-1.02197 0.473418

-1.02197 0.47342
-1.02166 0.473633

-1.02166 0.473633
-1.01953 0.475092

-1.01953 0.475091
-1.0181 0.476074

-1.0181 0.476074
-1.01709 0.476762

-1.01709 0.476764
-1.01465 0.478436

-1.01465 0.478437
-1.01453 0.478516

-1.01453 0.478516
-1.01221 0.480109

-1.01221 0.480109
-1.01097 0.480957

-1.01097 0.480957
-1.00977 0.481781

-1.00977 0.48178
-1.0074 0.483398

-1.0074 0.483398
-1.00732 0.483452

-1.00732 0.483452
-1.00488 0.485124

-1.00488 0.485124
-1.00383 0.48584

-1.00384 0.48584
-1.00244 0.486794

-1.00244 0.486794
-1.00027 0.488281

-1.00027 0.488281
-1.0 0.488461

-1.0 0.488465
-0.997559 0.490135

-0.997559 0.490138
-0.996696 0.490723

-0.9967 0.490723
-0.995117 0.491805

-0.995117 0.491804
-0.993129 0.493164

-0.993136 0.493164
-0.992676 0.493471

-0.992676 0.493475
-0.990234 0.495144

-0.990234 0.495148
-0.989553 0.495605

-0.989559 0.495605
-0.987793 0.496813

-0.987793 0.496813
-0.985987 0.498047

-0.985994 0.498047
-0.985352 0.498478

-0.985352 0.498481
-0.98291 0.50015

-0.98291 0.500154
-0.982408 0.500488

-0.982415 0.500488
-0.980469 0.501818

-0.980469 0.501816
-0.978839 0.50293

-0.978845 0.50293
-0.978027 0.503483

-0.978027 0.503485
-0.975586 0.505153

-0.975586 0.505155
-0.975262 0.505371

-0.975266 0.505371
-0.973145 0.506819

-0.973145 0.506819
-0.971689 0.507812

-0.971693 0.507812
-0.970703 0.508485

-0.970703 0.508486
-0.968262 0.510152

-0.968262 0.510153
-0.968111 0.510254

-0.968113 0.510254
-0.96582 0.511818

-0.96582 0.511816
-0.964532 0.512695

-0.964535 0.512695
-0.963379 0.513483

-0.963379 0.513483
-0.960955 0.515137

-0.960955 0.515137
-0.960938 0.515149

-0.960938 0.515148
-0.958496 0.516813

-0.958496 0.516813
-0.957373 0.517578

-0.957374 0.517578
-0.956055 0.518478

-0.956055 0.518477
-0.953792 0.52002

-0.953793 0.52002
-0.953613 0.52014

-0.953613 0.520141
-0.951172 0.521805

-0.951172 0.521805
-0.950204 0.522461

-0.950209 0.522461
-0.94873 0.523468

-0.94873 0.523468
-0.946625 0.524902

-0.946629 0.524902
-0.946289 0.525128

-0.946289 0.52513
-0.943848 0.526793

-0.943848 0.526795
-0.943034 0.527344

-0.943039 0.527344
-0.941406 0.528455

-0.941406 0.528455
-0.939451 0.529785

-0.939458 0.529785
-0.938965 0.530112

-0.938965 0.530116
-0.936523 0.531778

-0.936523 0.53178
-0.935856 0.532227

-0.935864 0.532227
-0.934082 0.533439

-0.934082 0.533439
-0.932275 0.534668

-0.932281 0.534668
-0.931641 0.535095

-0.931641 0.535099
-0.929199 0.536759

-0.929199 0.536763
-0.928677 0.537109

-0.928685 0.537109
-0.926758 0.538419

-0.926758 0.538419
-0.925092 0.539551

-0.925096 0.539551
-0.924316 0.540075

-0.924316 0.540078
-0.921875 0.541737

-0.921875 0.541739
-0.921494 0.541992

-0.9215 0.541992
-0.919434 0.543396

-0.919434 0.543396
-0.917906 0.544434

-0.917909 0.544434
-0.916992 0.545052

-0.916992 0.545054
-0.914551 0.546711

-0.914551 0.546713
-0.914307 0.546875

-0.914311 0.546875
-0.912109 0.54837

-0.912109 0.548369
-0.910714 0.549316

-0.910715 0.549316
-0.909668 0.550025

-0.909668 0.550026
-0.907227 0.551684

-0.907227 0.551684
-0.907116 0.551758

-0.907117 0.551758
-0.904785 0.553341

-0.904785 0.553341
-0.903519 0.554199

-0.90352 0.554199
-0.902344 0.554997

-0.902344 0.554996
-0.89992 0.556641

-0.899921 0.556641
-0.899902 0.556653

-0.899902 0.556653
-0.897461 0.558309

-0.897461 0.558309
-0.896319 0.559082

-0.89632 0.559082
-0.89502 0.559964

-0.89502 0.559964
-0.892719 0.561523

-0.892717 0.561523
-0.892578 0.561616

-0.892578 0.561619
-0.890137 0.563275

-0.890137 0.563275
-0.889117 0.563965

-0.889118 0.563965
-0.887695 0.564929

-0.887695 0.564929
-0.885516 0.566406

-0.885518 0.566406
-0.885254 0.566582

-0.885254 0.566584
-0.882812 0.568238

-0.882812 0.56824
-0.88191 0.568848

-0.881913 0.568848
-0.880371 0.569892

-0.880371 0.569892
-0.87831 0.571289

-0.878311 0.571289
-0.87793 0.571541

-0.87793 0.571546
-0.875488 0.573201

-0.875488 0.573203
-0.874702 0.57373

-0.874706 0.57373
-0.873047 0.574854

-0.873047 0.574854
-0.871101 0.576172

-0.871108 0.576172
-0.870605 0.576504

-0.870605 0.576508
-0.868164 0.578162

-0.868164 0.578165
-0.867492 0.578613

-0.867497 0.578613
-0.865723 0.579815

-0.865723 0.579815
-0.863892 0.581055

-0.863897 0.581055
-0.863281 0.581464

-0.863281 0.581469
-0.86084 0.583122

-0.86084 0.583126
-0.860282 0.583496

-0.860288 0.583496
-0.858398 0.584776

-0.858398 0.584775
-0.856682 0.585938

-0.856688 0.585938
-0.855957 0.586426

-0.855957 0.586429
-0.853516 0.588083

-0.853516 0.588086
-0.853072 0.588379

-0.853078 0.588379
-0.851074 0.589736

-0.851074 0.589736
-0.849473 0.59082

-0.849477 0.59082
-0.848633 0.591388

-0.848633 0.59139
-0.846191 0.593043

-0.846191 0.593046
-0.845865 0.593262

-0.845869 0.593262
-0.84375 0.594697

-0.84375 0.594696
-0.842264 0.595703

-0.842268 0.595703
-0.841309 0.59635

-0.841309 0.596351
-0.838867 0.598005

-0.838867 0.598006
-0.838659 0.598145

-0.838661 0.598145
-0.836426 0.599659

