-1.67745 0.0
-1.67743 0.00488281

-1.67743 0.00488281
-1.67739 0.00976562

-1.67739 0.00976562
-1.67731 0.0146484

-1.67731 0.0146484
-1.67721 0.0195312

-1.67721 0.0195312
-1.67708 0.0244141

-1.67708 0.0244141
-1.67692 0.0292969

-1.67692 0.0292969
-1.67673 0.0341797

-1.67673 0.0341797
-1.67653 0.0390625

-1.67653 0.0390625
-1.6763 0.0439453

-1.6763 0.0439453
-1.67605 0.0488281

-1.67605 0.0488281
-1.67578 0.0537109

-1.67578 0.0537109
-1.6755 0.0585938

-1.67549 0.0585938
-1.6752 0.0634766

-1.6752 0.0634766
-1.67489 0.0683594

-1.67489 0.0683594
-1.67457 0.0732422

-1.67457 0.0732422
-1.67425 0.078125

-1.67425 0.078125
-1.67393 0.0830078

-1.67393 0.0830078
-1.67383 0.0844907

-1.67383 0.0844374
-1.6736 0.0878906

-1.6736 0.0878906
-1.67327 0.0927734

-1.67327 0.0927734
-1.67295 0.0976562

-1.67295 0.0976562
-1.67263 0.102539

-1.67263 0.102539
-1.67231 0.107422

-1.67231 0.107422
-1.67199 0.112305

-1.67199 0.112305
-1.67168 0.117188

-1.67168 0.117188
-1.67137 0.12207

-1.67137 0.12207
-1.67106 0.126953

-1.67106 0.126953
-1.67074 0.131836

-1.67074 0.131836
-1.67041 0.136719

-1.67041 0.136719
-1.67005 0.141602

-1.67006 0.141602
-1.66967 0.146484

-1.66967 0.146484
-1.66922 0.151367

-1.66923 0.151367
-1.66895 0.153941

-1.66895 0.153974
-1.6687 0.15625

-1.6687 0.15625
-1.66805 0.161133

-1.66806 0.161133
-1.66726 0.166016

-1.66727 0.166016
-1.66625 0.170898

-1.66628 0.170898
-1.66495 0.175781

-1.66498 0.175781
-1.66406 0.178337

-1.66406 0.178379
-1.66324 0.180664

-1.66326 0.180664
-1.66092 0.185547

-1.66101 0.185547
-1.65918 0.188367

-1.65918 0.188342
-1.6578 0.19043

-1.65785 0.19043
-1.6543 0.194416

-1.6543 0.194346
-1.65327 0.195312

-1.65332 0.195312
-1.64941 0.19856

-1.64941 0.198468
-1.64662 0.200195

-1.6467 0.200195
-1.64453 0.201514

-1.64453 0.201417
-1.63965 0.203668

-1.63965 0.20362
-1.63554 0.205078

-1.63569 0.205078
-1.63477 0.205407

-1.63477 0.205333
-1.62988 0.206689

-1.62988 0.206663
-1.625 0.207751

-1.625 0.207739
-1.62012 0.208635

-1.62012 0.208621
-1.61523 0.209378

-1.61534 0.209961
-1.61523 0.209977

-1.61523 0.209368
-1.61082 0.209961

-1.61115 0.209961
-1.61035 0.210069

-1.61035 0.210022
-1.60547 0.210602

-1.60547 0.210595
-1.60059 0.211129

-1.60059 0.211125
-1.5957 0.211637

-1.5957 0.211634
-1.59082 0.212137

-1.59082 0.212133
-1.58594 0.212642

-1.58594 0.212641
-1.58105 0.213165

-1.58105 0.213162
-1.57617 0.213708

-1.57617 0.213707
-1.57129 0.214281

-1.57129 0.214278
-1.56671 0.214844

-1.57145 0.214844
-1.57129 0.214863

-1.56711 0.214844
-1.56641 0.214931

-1.56641 0.214886
-1.56152 0.215518

-1.56152 0.215516
-1.55664 0.216185

-1.55664 0.216185
-1.55176 0.216895

-1.55176 0.216893
-1.54688 0.217647

-1.54688 0.217647
-1.54199 0.218446

-1.54199 0.218444
-1.53711 0.219289

-1.53728 0.219727
-1.53711 0.219756

-1.53711 0.219289
-1.53469 0.219727

-1.53475 0.219727
-1.53223 0.220184

-1.53223 0.220175
-1.52734 0.221099

-1.52734 0.221098
-1.52246 0.222071

-1.52246 0.222071
-1.51758 0.223095

-1.51758 0.223093
-1.5127 0.22417

-1.5127 0.22417
-1.51078 0.224609

-1.51281 0.224609
-1.5127 0.224636

-1.51082 0.224609
-1.50781 0.225299

-1.50781 0.225291
-1.50293 0.226455

-1.50293 0.226454
-1.49805 0.227673

-1.49805 0.227673
-1.49316 0.22895

-1.49322 0.229492
-1.49316 0.229506

-1.49316 0.228952
-1.49117 0.229492

-1.4912 0.229492
-1.48828 0.230285

-1.48828 0.230276
-1.4834 0.231646

-1.4834 0.231644
-1.47852 0.233073

-1.47852 0.233075
-1.47424 0.234375

-1.47432 0.234375
-1.47363 0.234583

-1.47363 0.234561
-1.46875 0.23609

-1.46875 0.236085
-1.46387 0.237667

-1.46387 0.237669
-1.45913 0.239258

-1.45925 0.239258
-1.45898 0.239348

-1.45898 0.23931
-1.4541 0.24099

-1.4541 0.240984
-1.44922 0.242716

-1.44922 0.242718
-1.44532 0.244141

-1.44538 0.244141
-1.44434 0.244521

-1.44434 0.244505
-1.43945 0.246329

-1.43945 0.246324
-1.43457 0.248201

-1.43457 0.248204
-1.43249 0.249023

-1.43251 0.249023
-1.42969 0.250135

-1.42969 0.250123
-1.4248 0.252085

-1.4248 0.252087
-1.42039 0.253906

-1.42045 0.253906
-1.41992 0.254124

-1.41992 0.254102
-1.41504 0.256151

-1.41504 0.256144
-1.41016 0.258239

-1.41017 0.258789
-1.41016 0.258794

-1.41016 0.258245
-1.40891 0.258789

-1.40892 0.258789
-1.40527 0.260386

-1.40527 0.260374
-1.40039 0.262548

-1.40039 0.26255
-1.39792 0.263672

-1.39795 0.263672
-1.39551 0.264777

-1.39551 0.264764
-1.39062 0.267015

-1.39062 0.267016
-1.38735 0.268555

-1.38738 0.268555
-1.38574 0.269324

-1.38574 0.269308
-1.38086 0.271633

-1.38086 0.271632
-1.37713 0.273438

-1.37717 0.273438
-1.37598 0.274014

-1.37598 0.273997
-1.37109 0.276392

-1.37109 0.27639
-1.36721 0.27832

-1.36726 0.27832
-1.36621 0.278841

-1.36621 0.278823
-1.36133 0.281285

-1.36133 0.281282
-1.35757 0.283203

-1.35761 0.283203
-1.35645 0.283796

-1.35645 0.283779
-1.35156 0.286303

-1.35156 0.286301
-1.34815 0.288086

-1.34818 0.288086
-1.34668 0.288872

-1.34668 0.288856
-1.3418 0.291438

-1.3418 0.291438
-1.33893 0.292969

-1.33896 0.292969
-1.33691 0.294062

-1.33691 0.294047
-1.33203 0.296682

-1.33203 0.296683
-1.32989 0.297852

-1.32991 0.297852
-1.32715 0.299355

-1.32715 0.299343
-1.32227 0.302028

-1.32227 0.30203
-1.321 0.302734

-1.32101 0.302734
-1.31738 0.304746

-1.31738 0.304737
-1.3125 0.307466

-1.31255 0.307617
-1.3125 0.307645

-1.3125 0.307471
-1.31224 0.307617

-1.31224 0.307617
-1.30762 0.310225

-1.30762 0.310219
-1.3036 0.3125

-1.30363 0.3125
-1.30273 0.313011

-1.30273 0.312992
-1.29785 0.315785

-1.29785 0.315782
-1.29507 0.317383

-1.29509 0.317383
-1.29297 0.318605

-1.29297 0.318591
-1.28809 0.321419

-1.28809 0.32142
-1.28663 0.322266

-1.28665 0.322266
-1.2832 0.324272

-1.2832 0.324264
-1.27832 0.327122

-1.27838 0.327148
-1.27832 0.327183

-1.27832 0.327125
-1.27828 0.327148

-1.27828 0.327148
-1.27344 0.330002

-1.27344 0.329997
-1.26999 0.332031

-1.27002 0.332031
-1.26855 0.3329

-1.26855 0.332884
-1.26367 0.335786

-1.26367 0.335787
-1.26178 0.336914

-1.2618 0.336914
-1.25879 0.338709

-1.25879 0.338699
-1.25391 0.341623

-1.25394 0.341797
-1.25391 0.341816

-1.25391 0.341629
-1.25362 0.341797

-1.25363 0.341797
-1.24902 0.344566

-1.24902 0.34456
-1.24551 0.34668

-1.24554 0.34668
-1.24414 0.34752

-1.24414 0.347505
-1.23926 0.350461

-1.23926 0.350461
-1.23744 0.351562

-1.23746 0.351562
-1.23438 0.353432

-1.23438 0.353424
-1.22949 0.356393

-1.22954 0.356445
-1.22949 0.356472

-1.22949 0.356398
-1.22941 0.356445

-1.22941 0.356445
-1.22461 0.359377

-1.22461 0.359372
-1.22141 0.361328

-1.22143 0.361328
-1.21973 0.36237

-1.21973 0.362356
-1.21484 0.365347

-1.21484 0.36535
-1.21344 0.366211

-1.21345 0.366211
-1.20996 0.368351

-1.20996 0.368344
-1.20548 0.371094

-1.20552 0.371094
-1.20508 0.371359

-1.20508 0.371346
-1.2002 0.374353

-1.2002 0.37435
-1.19755 0.375977

-1.19757 0.375977
-1.19531 0.377369

-1.19531 0.377358
-1.19043 0.380371

-1.19043 0.380377
-1.18964 0.380859

-1.18965 0.380859
-1.18555 0.383394

-1.18555 0.383387
-1.18173 0.385742

-1.18176 0.385742
-1.18066 0.386418

-1.18066 0.386406
-1.17578 0.389429

-1.17578 0.389429
-1.17385 0.390625

-1.17386 0.390625
-1.1709 0.39246

-1.1709 0.392451
-1.16602 0.395477

-1.16605 0.395508
-1.16602 0.39553

-1.16602 0.395481
-1.16597 0.395508

-1.16597 0.395508
-1.16113 0.39851

-1.16113 0.398505
-1.15809 0.400391

-1.15811 0.400391
-1.15625 0.401545

-1.15625 0.401534
-1.15137 0.404567

-1.15137 0.404571
-1.15023 0.405273

-1.15024 0.405273
-1.14648 0.407606

-1.14648 0.407599
-1.14237 0.410156

-1.1424 0.410156
-1.1416 0.410644

-1.1416 0.410635
-1.13672 0.413673

-1.13672 0.413671
-1.13452 0.415039

-1.13453 0.415039
-1.13184 0.416716

-1.13184 0.416708
-1.12695 0.419747

-1.12697 0.419922
-1.12695 0.41993

-1.12695 0.419753
-1.12667 0.419922

-1.12668 0.419922
-1.12207 0.422793

-1.12207 0.422788
-1.11883 0.424805

-1.11885 0.424805
-1.11719 0.42584

-1.11719 0.42583
-1.1123 0.428876

-1.1123 0.428878
-1.111 0.429688

-1.11101 0.429688
-1.10742 0.431927

-1.10742 0.43192
-1.10317 0.43457

-1.1032 0.43457
-1.10254 0.434976

-1.10254 0.43497
-1.09766 0.438021

-1.09766 0.438018
-1.09536 0.439453

-1.09537 0.439453
-1.09277 0.441076

-1.09277 0.441069
-1.08789 0.444123

-1.08789 0.44413
-1.08755 0.444336

-1.08756 0.444336
-1.08301 0.447184

-1.08301 0.447178
-1.07975 0.449219

-1.07977 0.449219
-1.07812 0.450245

-1.07812 0.450237
-1.07324 0.453298

-1.07324 0.453301
-1.07196 0.454102

-1.07197 0.454102
-1.06836 0.456365

-1.06836 0.456359
-1.06418 0.458984

-1.0642 0.458984
-1.06348 0.45943

-1.06348 0.459426
-1.05859 0.462494

-1.05859 0.462492
-1.0564 0.463867

-1.05642 0.463867
-1.05371 0.465567

-1.05371 0.465561
-1.04883 0.468633

-1.04883 0.468638
-1.04864 0.46875

-1.04884 0.46875
-1.04883 0.468757

-1.04865 0.46875
-1.04395 0.471712

-1.04395 0.471706
-1.04089 0.473633

-1.0409 0.473633
-1.03906 0.47479

-1.03906 0.474784
-1.03418 0.477863

-1.03418 0.477867
-1.03314 0.478516

-1.03315 0.478516
-1.0293 0.480948

-1.0293 0.480943
-1.02541 0.483398

-1.02543 0.483398
-1.02441 0.48403

-1.02441 0.484027
-1.01953 0.487113

-1.01953 0.487111
-1.01768 0.488281

-1.01769 0.488281
-1.01465 0.490202

-1.01465 0.490198
-1.00996 0.493164

-1.00997 0.493164
-1.00977 0.49329

-1.00977 0.493289
-1.00488 0.49638

-1.00488 0.496376
-1.00224 0.498047

-1.00225 0.498047
-1.0 0.499474

-1.0 0.499468
-0.995117 0.502562

-0.995117 0.502568
-0.994532 0.50293

-0.994542 0.50293
-0.990234 0.50566

-0.990234 0.505655
-0.986831 0.507812

-0.986847 0.507812
-0.985352 0.508757

-0.985352 0.508753
-0.980469 0.511851

-0.980469 0.511852
-0.979132 0.512695

-0.979141 0.512695
-0.975586 0.514951

-0.975586 0.514947
-0.97144 0.517578

-0.971457 0.517578
-0.970703 0.518048

-0.970703 0.518048
-0.96582 0.521149

-0.96582 0.521146
-0.963749 0.522461

-0.963758 0.522461
-0.960938 0.524251

-0.960938 0.524247
-0.956063 0.527344

-0.956075 0.527344
-0.956055 0.527356

-0.956055 0.527351
-0.951172 0.530455

-0.951172 0.530451
-0.948376 0.532227

-0.948387 0.532227
-0.946289 0.533559

-0.946289 0.533555
-0.941406 0.536659

-0.941406 0.536664
-0.940691 0.537109

-0.940702 0.537109
-0.936523 0.539766

-0.936523 0.539762
-0.933016 0.541992

-0.933031 0.541992
-0.931641 0.542872

-0.931641 0.542869
-0.926758 0.545976

-0.926758 0.545976
-0.925338 0.546875

-0.925347 0.546875
-0.921875 0.549084

-0.921875 0.549081
-0.917669 0.551758

-0.917682 0.551758
-0.916992 0.552188

-0.916992 0.55219
-0.912109 0.555299

-0.912109 0.555296
-0.909998 0.556641

-0.910005 0.556641
-0.907227 0.55841

-0.907227 0.558406
-0.902344 0.561517

-0.902357 0.561523
-0.902344 0.561532

-0.902336 0.561523
-0.897461 0.56463

-0.897461 0.564627
-0.894669 0.566406

-0.894678 0.566406
-0.892578 0.567744

-0.892578 0.56774
-0.887695 0.570855

-0.887695 0.570859
-0.887007 0.571289

-0.887017 0.571289
-0.882812 0.573972

-0.882812 0.573969
-0.87936 0.576172

-0.879372 0.576172
-0.87793 0.577088

-0.87793 0.577087
-0.873047 0.580206

-0.873047 0.580207
-0.871711 0.581055

-0.87172 0.581055
-0.868164 0.583327

-0.868164 0.583324
-0.864077 0.585938

-0.864087 0.585938
-0.863281 0.586443

-0.863281 0.586447
-0.858398 0.589572

-0.858398 0.58957
-0.856443 0.59082

-0.85645 0.59082
-0.853516 0.592698

-0.853516 0.592696
-0.848821 0.595703

-0.84882 0.595703
-0.848633 0.59582

-0.848633 0.595825
-0.84375 0.598956

