-1.65508 0.0
-1.65509 0.00488281

-1.65509 0.00488281
-1.65512 0.00976562

-1.65512 0.00976562
-1.65517 0.0146484

-1.65517 0.0146484
-1.65524 0.0195312

-1.65524 0.0195312
-1.65533 0.0244141

-1.65533 0.0244141
-1.65544 0.0292969

-1.65544 0.0292969
-1.65556 0.0341797

-1.65556 0.0341797
-1.65571 0.0390625

-1.65571 0.0390625
-1.65588 0.0439453

-1.65588 0.0439453
-1.65606 0.0488281

-1.65606 0.0488281
-1.65626 0.0537109

-1.65626 0.0537109
-1.65648 0.0585938

-1.65648 0.0585938
-1.65672 0.0634766

-1.65672 0.0634766
-1.65697 0.0683594

-1.65698 0.0683594
-1.65724 0.0732422

-1.65724 0.0732422
-1.65751 0.078125

-1.65751 0.078125
-1.65779 0.0830078

-1.65779 0.0830078
-1.65806 0.0878906

-1.65807 0.0878906
-1.65832 0.0927734

-1.65832 0.0927734
-1.65854 0.0976562

-1.65855 0.0976562
-1.6587 0.102539

-1.65872 0.102539
-1.65878 0.107422

-1.65879 0.107422
-1.6587 0.112305

-1.65873 0.112305
-1.65841 0.117188

-1.65844 0.117188
-1.65779 0.12207

-1.65784 0.12207
-1.65667 0.126953

-1.65675 0.126953
-1.65479 0.131836

-1.65481 0.131836
-1.6543 0.13271

-1.6543 0.132862
-1.65174 0.136719

-1.65172 0.136719
-1.64941 0.139211

-1.64941 0.139234
-1.64647 0.141602

-1.64643 0.141602
-1.64453 0.142934

-1.64453 0.142893
-1.63965 0.145418

-1.63965 0.145333
-1.63642 0.146484

-1.63637 0.146484
-1.63477 0.147056

-1.63477 0.147013
-1.62988 0.148274

-1.62988 0.148242
-1.625 0.149196

-1.625 0.149176
-1.62012 0.149926

-1.62012 0.149912
-1.61523 0.150528

-1.61523 0.150518
-1.61035 0.151048

-1.61035 0.151041
-1.60704 0.151367

-1.60702 0.151367
-1.60547 0.15152

-1.60547 0.151515
-1.60059 0.151973

-1.60059 0.151967
-1.5957 0.152428

-1.5957 0.152425
-1.59082 0.152907

-1.59082 0.152904
-1.58594 0.153421

-1.58594 0.15342
-1.58105 0.153982

-1.58105 0.153981
-1.57617 0.154593

-1.57617 0.154592
-1.57129 0.155258

-1.57129 0.155257
-1.56641 0.155979

-1.56641 0.15598
-1.56472 0.15625

-1.56471 0.15625
-1.56152 0.156759

-1.56152 0.156757
-1.55664 0.157601

-1.55664 0.1576
-1.55176 0.158514

-1.55176 0.158515
-1.54688 0.159498

-1.54688 0.159497
-1.54199 0.160547

-1.54199 0.160548
-1.53943 0.161133

-1.53944 0.161133
-1.53711 0.161664

-1.53711 0.16166
-1.53223 0.162839

-1.53223 0.16284
-1.52734 0.164089

-1.52734 0.164088
-1.52246 0.165405

-1.52246 0.165406
-1.5203 0.166016

-1.52031 0.166016
-1.51758 0.166786

-1.51758 0.166782
-1.5127 0.168222

-1.5127 0.168224
-1.50781 0.16973

-1.50781 0.16973
-1.50417 0.170898

-1.50419 0.170898
-1.50293 0.171302

-1.50293 0.171296
-1.49805 0.172919

-1.49805 0.17292
-1.49316 0.174604

-1.49316 0.174604
-1.48986 0.175781

-1.48988 0.175781
-1.48828 0.176352

-1.48828 0.176346
-1.4834 0.178142

-1.4834 0.178142
-1.47852 0.179996

-1.47852 0.179997
-1.47681 0.180664

-1.47681 0.180664
-1.47363 0.181906

-1.47363 0.181903
-1.46875 0.183863

-1.46875 0.183864
-1.46467 0.185547

-1.46469 0.185547
-1.46387 0.185888

-1.46387 0.185879
-1.45898 0.187946

-1.45898 0.187945
-1.4541 0.190066

-1.4541 0.190069
-1.45329 0.19043

-1.45329 0.19043
-1.44922 0.192239

-1.44922 0.192238
-1.44434 0.194462

-1.44434 0.194463
-1.44251 0.195312

-1.44252 0.195312
-1.43945 0.19674

-1.43945 0.196737
-1.43457 0.199063

-1.43457 0.199064
-1.43225 0.200195

-1.43225 0.200195
-1.42969 0.201445

-1.42969 0.201441
-1.4248 0.203868

-1.4248 0.203869
-1.42242 0.205078

-1.42243 0.205078
-1.41992 0.206349

-1.41992 0.206346
-1.41504 0.208871

-1.41504 0.208872
-1.41297 0.209961

-1.41298 0.209961
-1.41016 0.211447

-1.41016 0.211444
-1.40527 0.214063

-1.40527 0.214065
-1.40385 0.214844

-1.40385 0.214844
-1.40039 0.216729

-1.40039 0.216728
-1.39551 0.219436

-1.39551 0.219439
-1.395 0.219727

-1.39499 0.219727
-1.39062 0.222188

-1.39062 0.222187
-1.38639 0.224609

-1.3864 0.224609
-1.38574 0.224987

-1.38574 0.22498
-1.38086 0.227812

-1.38086 0.227811
-1.378 0.229492

-1.37801 0.229492
-1.37598 0.230685

-1.37598 0.230682
-1.37109 0.233589

-1.37109 0.233591
-1.36979 0.234375

-1.36979 0.234375
-1.36621 0.236534

-1.36621 0.236533
-1.36174 0.239258

-1.36176 0.239258
-1.36133 0.239516

-1.36133 0.239512
-1.35645 0.242523

-1.35645 0.242521
-1.35385 0.244141

-1.35385 0.244141
-1.35156 0.245567

-1.35156 0.245564
-1.34668 0.248636

-1.34668 0.248643
-1.34607 0.249023

-1.34607 0.249023
-1.3418 0.25174

-1.3418 0.251738
-1.33841 0.253906

-1.33842 0.253906
-1.33691 0.254871

-1.33691 0.254869
-1.33203 0.258026

-1.33203 0.258031
-1.33085 0.258789

-1.33086 0.258789
-1.32715 0.261209

-1.32715 0.261207
-1.32339 0.263672

-1.32341 0.263672
-1.32227 0.264412

-1.32227 0.264414
-1.31738 0.267643

-1.31738 0.267649
-1.316 0.268555

-1.31602 0.268555
-1.3125 0.270895

-1.3125 0.270893
-1.3087 0.273438

-1.30872 0.273438
-1.30762 0.274161

-1.30762 0.274164
-1.30273 0.277454

-1.30273 0.277462
-1.30144 0.27832

-1.30146 0.27832
-1.29785 0.280763

-1.29785 0.280761
-1.29426 0.283203

-1.29428 0.283203
-1.29297 0.284081

-1.29297 0.284086
-1.28809 0.287426

-1.28809 0.287435
-1.28711 0.288086

-1.28713 0.288086
-1.2832 0.290781

-1.2832 0.290779
-1.28003 0.292969

-1.28004 0.292969
-1.27832 0.294144

-1.27832 0.294147
-1.27344 0.297527

-1.27344 0.297531
-1.27297 0.297852

-1.27297 0.297852
-1.26855 0.300919

-1.26855 0.300917
-1.26594 0.302734

-1.26595 0.302734
-1.26367 0.304318

-1.26367 0.304319
-1.25895 0.307617

-1.25895 0.307617
-1.25879 0.30773

-1.25879 0.307729
-1.25391 0.311147

-1.25391 0.311152
-1.25197 0.3125

-1.25198 0.3125
-1.24902 0.314574

-1.24902 0.314572
-1.24502 0.317383

-1.24504 0.317383
-1.24414 0.318

-1.24414 0.318004
-1.23926 0.321442

-1.23926 0.321451
-1.23807 0.322266

-1.23809 0.322266
-1.23438 0.324885

-1.23438 0.324883
-1.23116 0.327148

-1.23118 0.327148
-1.22949 0.328322

-1.22949 0.328329
-1.22461 0.331778

-1.22461 0.33178
-1.22425 0.332031

-1.22425 0.332031
-1.21973 0.335231

-1.21973 0.335231
-1.21734 0.336914

-1.21735 0.336914
-1.21484 0.338683

-1.21484 0.338683
-1.21044 0.341797

-1.21045 0.341797
-1.20996 0.342135

-1.20996 0.342137
-1.20508 0.345591

-1.20508 0.345601
-1.20352 0.34668

-1.20354 0.34668
-1.2002 0.349047

-1.2002 0.349046
-1.19664 0.351562

-1.19666 0.351562
-1.19531 0.352489

-1.19531 0.352499
-1.19043 0.355952

-1.19043 0.355956
-1.18973 0.356445

-1.18973 0.356445
-1.18555 0.359404

-1.18555 0.359403
-1.18282 0.361328

-1.18283 0.361328
-1.18066 0.36285

-1.18066 0.362852
-1.17591 0.366211

-1.17591 0.366211
-1.17578 0.366299

-1.17578 0.3663
-1.1709 0.369744

-1.1709 0.369749
-1.16897 0.371094

-1.16898 0.371094
-1.16602 0.373185

-1.16602 0.373184
-1.16205 0.375977

-1.16206 0.375977
-1.16113 0.376615

-1.16113 0.376621
-1.15625 0.380055

-1.15625 0.380064
-1.15509 0.380859

-1.15511 0.380859
-1.15137 0.383486

-1.15137 0.383484
-1.14815 0.385742

-1.14816 0.385742
-1.14648 0.386903

-1.14648 0.38691
-1.1416 0.390332

-1.1416 0.390334
-1.14118 0.390625

-1.14118 0.390625
-1.13672 0.393751

-1.13672 0.39375
-1.1342 0.395508

-1.13421 0.395508
-1.13184 0.397163

-1.13184 0.397164
-1.12722 0.400391

-1.12722 0.400391
-1.12695 0.400571

-1.12695 0.400574
-1.12207 0.40398

-1.12207 0.403984
-1.1202 0.405273

-1.12021 0.405273
-1.11719 0.407382

-1.11719 0.407381
-1.1132 0.410156

-1.11321 0.410156
-1.1123 0.410773

-1.1123 0.410779
-1.10742 0.414174

-1.10742 0.414183
-1.10616 0.415039

-1.10618 0.415039
-1.10254 0.417565

-1.10254 0.417564
-1.09914 0.419922

-1.09915 0.419922
-1.09766 0.420944

-1.09766 0.420951
-1.09277 0.424335

-1.09277 0.424339
-1.09209 0.424805

-1.0921 0.424805
-1.08789 0.427717

-1.08789 0.427716
-1.08504 0.429688

-1.08505 0.429688
-1.08301 0.431091

-1.08301 0.431094
-1.07812 0.434469

-1.07812 0.43447
-1.07798 0.43457

-1.07798 0.43457
-1.07324 0.437843

-1.07324 0.437843
-1.07091 0.439453

-1.07091 0.439453
-1.06836 0.441212

-1.06836 0.441212
-1.06383 0.444336

-1.06383 0.444336
-1.06348 0.444577

-1.06348 0.44458
-1.05859 0.447946

-1.05859 0.447949
-1.05674 0.449219

-1.05675 0.449219
-1.05371 0.451309

-1.05371 0.451309
-1.04966 0.454102

-1.04967 0.454102
-1.04883 0.454665

-1.04883 0.454671
-1.04395 0.458031

-1.04395 0.458038
-1.04255 0.458984

-1.04256 0.458984
-1.03906 0.46139

-1.03906 0.461389
-1.03546 0.463867

-1.03547 0.463867
-1.03418 0.464738

-1.03418 0.464746
-1.0293 0.468102

-1.0293 0.468109
-1.02834 0.46875

-1.02835 0.46875
-1.02441 0.471456

-1.02441 0.471455
-1.02124 0.473633

-1.02125 0.473633
-1.01953 0.474803

-1.01953 0.474808
-1.01465 0.47816

-1.01465 0.478163
-1.01412 0.478516

-1.01413 0.478516
-1.00977 0.48151

-1.00977 0.481509
-1.00701 0.483398

-1.00702 0.483398
-1.00488 0.484857

-1.00488 0.484858
-1.0 0.488206

-1.0 0.488206
-0.999889 0.488281

-0.99989 0.488281
-0.995117 0.491552

-0.995117 0.491552
-0.992762 0.493164

-0.992764 0.493164
-0.990234 0.494897

-0.990234 0.494896
-0.985633 0.498047

-0.985634 0.498047
-0.985352 0.498237

-0.985352 0.49824
-0.980469 0.501582

-0.980469 0.501584
-0.978493 0.50293

-0.978499 0.50293
-0.975586 0.504922

-0.975586 0.504922
-0.971359 0.507812

-0.971366 0.507812
-0.970703 0.508256

-0.970703 0.508261
-0.96582 0.511599

-0.96582 0.511604
-0.964205 0.512695

-0.964215 0.512695
-0.960938 0.514935

-0.960938 0.514934
-0.957066 0.517578

-0.95708 0.517578
-0.956055 0.51826

-0.956055 0.518269
-0.951172 0.521601

-0.951172 0.521609
-0.949899 0.522461

-0.949912 0.522461
-0.946289 0.524933

-0.946289 0.524933
-0.942753 0.527344

-0.942765 0.527344
-0.941406 0.528255

-0.941406 0.528262
-0.936523 0.53159

-0.936523 0.531597
-0.935576 0.532227

-0.935589 0.532227
-0.931641 0.534917

-0.931641 0.534916
-0.92842 0.537109

-0.928428 0.537109
-0.926758 0.538236

-0.926758 0.538241
-0.921875 0.541564

-0.921875 0.541568
-0.921238 0.541992

-0.921247 0.541992
-0.916992 0.544887

-0.916992 0.544886
-0.914067 0.546875

-0.914072 0.546875
-0.912109 0.548204

-0.912109 0.548206
-0.907227 0.551525

-0.907227 0.551527
-0.906881 0.551758

-0.906885 0.551758
-0.902344 0.554844

-0.902344 0.554843
-0.899697 0.556641

-0.899699 0.556641
-0.897461 0.558159

-0.897461 0.558159
-0.892578 0.561475

-0.892578 0.561476
-0.892506 0.561523

-0.892507 0.561523
-0.887695 0.56479

-0.887695 0.56479
-0.885313 0.566406

-0.885313 0.566406
-0.882812 0.568103

-0.882812 0.568103
-0.878117 0.571289

-0.878114 0.571289
-0.87793 0.571412

-0.87793 0.571416
-0.873047 0.574728

-0.873047 0.57473
-0.870916 0.576172

-0.870918 0.576172
-0.868164 0.57804

-0.868164 0.57804
-0.863719 0.581055

-0.863721 0.581055
-0.863281 0.581347

-0.863281 0.581351
-0.858398 0.584663

-0.858398 0.584666
-0.856513 0.585938

-0.856518 0.585938
-0.853516 0.587974

-0.853516 0.587974
-0.849318 0.59082

-0.849326 0.59082
-0.848633 0.591279

-0.848633 0.591285
-0.84375 0.594597

-0.84375 0.594601
-0.842111 0.595703

-0.842119 0.595703
-0.838867 0.597909

