-1.69688 0.0
-1.69686 0.00488281

-1.69686 0.00488281
-1.69678 0.00976562

-1.69678 0.00976562
-1.69664 0.0146484

-1.69664 0.0146484
-1.69646 0.0195312

-1.69646 0.0195312
-1.69622 0.0244141

-1.69622 0.0244141
-1.69593 0.0292969

-1.69593 0.0292969
-1.69559 0.0341797

-1.69559 0.0341797
-1.69521 0.0390625

-1.69521 0.0390625
-1.69479 0.0439453

-1.69479 0.0439453
-1.69432 0.0488281

-1.69432 0.0488281
-1.69381 0.0537109

-1.69381 0.0537109
-1.69336 0.0577639

-1.69336 0.0577449
-1.69327 0.0585938

-1.69327 0.0585938
-1.69269 0.0634766

-1.69269 0.0634766
-1.69209 0.0683594

-1.69209 0.0683594
-1.69145 0.0732422

-1.69145 0.0732422
-1.69079 0.078125

-1.69079 0.078125
-1.69011 0.0830078

-1.69011 0.0830078
-1.68941 0.0878906

-1.68941 0.0878906
-1.68869 0.0927734

-1.68869 0.0927734
-1.68848 0.0942439

-1.68848 0.0942154
-1.68797 0.0976562

-1.68797 0.0976562
-1.68723 0.102539

-1.68723 0.102539
-1.68649 0.107422

-1.68649 0.107422
-1.68575 0.112305

-1.68575 0.112305
-1.685 0.117188

-1.685 0.117188
-1.68426 0.12207

-1.68426 0.12207
-1.68359 0.126439

-1.68359 0.126423
-1.68351 0.126953

-1.68352 0.126953
-1.68278 0.131836

-1.68278 0.131836
-1.68205 0.136719

-1.68205 0.136719
-1.68133 0.141602

-1.68133 0.141602
-1.68061 0.146484

-1.68061 0.146484
-1.6799 0.151367

-1.6799 0.151367
-1.67919 0.15625

-1.67919 0.15625
-1.67871 0.15955

-1.67871 0.159534
-1.67848 0.161133

-1.67848 0.161133
-1.67777 0.166016

-1.67777 0.166016
-1.67706 0.170898

-1.67706 0.170898
-1.67633 0.175781

-1.67633 0.175781
-1.67557 0.180664

-1.67558 0.180664
-1.67478 0.185547

-1.67479 0.185547
-1.67394 0.19043

-1.67394 0.19043
-1.67383 0.19103

-1.67383 0.191058
-1.67303 0.195312

-1.67303 0.195312
-1.67202 0.200195

-1.67203 0.200195
-1.67089 0.205078

-1.6709 0.205078
-1.66958 0.209961

-1.66959 0.209961
-1.66895 0.211997

-1.66895 0.21204
-1.66805 0.214844

-1.66806 0.214844
-1.66621 0.219727

-1.66626 0.219727
-1.66406 0.224451

-1.66406 0.224463
-1.66399 0.224609

-1.66401 0.224609
-1.66118 0.229492

-1.66125 0.229492
-1.65918 0.232363

-1.65918 0.232309
-1.65765 0.234375

-1.65765 0.234375
-1.6543 0.238011

-1.6543 0.237954
-1.65288 0.239258

-1.65291 0.239258
-1.64941 0.242171

-1.64941 0.24213
-1.64637 0.244141

-1.64645 0.244141
-1.64453 0.245373

-1.64453 0.245303
-1.63965 0.247814

-1.63965 0.247767
-1.63657 0.249023

-1.63667 0.249023
-1.63477 0.249799

-1.63477 0.249742
-1.62988 0.251343

-1.62988 0.251324
-1.625 0.252637

-1.625 0.252622
-1.62012 0.253714

-1.62012 0.253696
-1.61899 0.253906

-1.62031 0.253906
-1.62012 0.253949

-1.61908 0.253906
-1.61523 0.254627

-1.61523 0.254611
-1.61035 0.255388

-1.61035 0.255381
-1.60547 0.256056

-1.60547 0.25605
-1.60059 0.256647

-1.60059 0.256644
-1.5957 0.257183

-1.5957 0.25718
-1.59082 0.257674

-1.59082 0.257669
-1.58594 0.258137

-1.58599 0.258789
-1.58594 0.258794

-1.58594 0.258134
-1.58105 0.258585

-1.58153 0.258789
-1.58105 0.258833

-1.58105 0.25858
-1.57873 0.258789

-1.57883 0.258789
-1.57617 0.259028

-1.57617 0.25902
-1.57129 0.259456

-1.57129 0.259454
-1.56641 0.259898

-1.56641 0.259896
-1.56152 0.260356

-1.56152 0.260355
-1.55664 0.260837

-1.55664 0.260836
-1.55176 0.261344

-1.55176 0.261343
-1.54688 0.261883

-1.54688 0.261883
-1.54199 0.262457

-1.54199 0.262455
-1.53711 0.26307

-1.53716 0.263672
-1.53711 0.263678

-1.53711 0.263069
-1.53261 0.263672

-1.53284 0.263672
-1.53223 0.263754

-1.53223 0.263725
-1.52734 0.264414

-1.52734 0.264412
-1.52246 0.265144

-1.52246 0.265144
-1.51758 0.26592

-1.51758 0.26592
-1.5127 0.266743

-1.5127 0.266743
-1.50781 0.267615

-1.50781 0.267616
-1.50293 0.268535

-1.50323 0.268555
-1.50293 0.268611

-1.50293 0.268534
-1.50282 0.268555

-1.50284 0.268555
-1.49805 0.269497

-1.49805 0.269495
-1.49316 0.2705

-1.49316 0.2705
-1.48828 0.271554

-1.48828 0.271554
-1.4834 0.272659

-1.4834 0.27266
-1.48009 0.273438

-1.48014 0.273438
-1.47852 0.27382

-1.47852 0.27381
-1.47363 0.274998

-1.47363 0.274996
-1.46875 0.276231

-1.46875 0.276231
-1.46387 0.277517

-1.46387 0.277518
-1.46092 0.27832

-1.46095 0.27832
-1.45898 0.278856

-1.45898 0.278847
-1.4541 0.280214

-1.4541 0.280212
-1.44922 0.281627

-1.44922 0.281628
-1.44434 0.283091

-1.44434 0.283092
-1.44397 0.283203

-1.44448 0.283203
-1.44434 0.283245

-1.44398 0.283203
-1.43945 0.284593

-1.43945 0.284589
-1.43457 0.286129

-1.43457 0.286129
-1.42969 0.287718

-1.42974 0.288086
-1.42969 0.288104

-1.42969 0.287721
-1.42859 0.288086

-1.4286 0.288086
-1.4248 0.289351

-1.4248 0.289344
-1.41992 0.291007

-1.41992 0.291008
-1.41504 0.292718

-1.41504 0.292721
-1.41435 0.292969

-1.41512 0.292969
-1.41504 0.292995

-1.41435 0.292969
-1.41016 0.294468

-1.41016 0.294461
-1.40527 0.296242

-1.40527 0.296245
-1.40097 0.297852

-1.40102 0.297852
-1.40039 0.298087

-1.40039 0.298072
-1.39551 0.299927

-1.39551 0.299922
-1.39062 0.301816

-1.39062 0.301819
-1.38831 0.302734

-1.38833 0.302734
-1.38574 0.303757

-1.38574 0.303748
-1.38086 0.305708

-1.38086 0.305708
-1.3762 0.307617

-1.37626 0.307617
-1.37598 0.307731

-1.37598 0.307711
-1.37109 0.309738

-1.37109 0.309731
-1.36621 0.311792

-1.36621 0.311796
-1.36457 0.3125

-1.36458 0.3125
-1.36133 0.313894

-1.36133 0.313884
-1.35645 0.316004

-1.35645 0.316006
-1.35332 0.317383

-1.35335 0.317383
-1.35156 0.318169

-1.35156 0.318158
-1.34668 0.320334

-1.34668 0.320333
-1.3424 0.322266

-1.34244 0.322266
-1.3418 0.322558

-1.3418 0.322544
-1.33691 0.324775

-1.33691 0.324771
-1.33203 0.32703

-1.33209 0.327148
-1.33203 0.327178

-1.33203 0.327035
-1.33179 0.327148

-1.33179 0.327148
-1.32715 0.329318

-1.32715 0.329311
-1.32227 0.331618

-1.32227 0.331624
-1.32141 0.332031

-1.32142 0.332031
-1.31738 0.333957

-1.31738 0.333949
-1.3125 0.336302

-1.3125 0.336306
-1.31125 0.336914

-1.31126 0.336914
-1.30762 0.338685

-1.30762 0.338677
-1.30273 0.341072

-1.30273 0.341075
-1.30128 0.341797

-1.30129 0.341797
-1.29785 0.343496

-1.29785 0.343487
-1.29297 0.345921

-1.29297 0.345925
-1.29147 0.34668

-1.29148 0.34668
-1.28809 0.348383

-1.28809 0.348374
-1.2832 0.350844

-1.2832 0.350847
-1.2818 0.351562

-1.28181 0.351562
-1.27832 0.353339

-1.27832 0.353331
-1.27344 0.355833

-1.27344 0.355837
-1.27226 0.356445

-1.27227 0.356445
-1.26855 0.358359

-1.26855 0.358351
-1.26367 0.360883

-1.26367 0.360888
-1.26283 0.361328

-1.26283 0.361328
-1.25879 0.363437

-1.25879 0.36343
-1.25391 0.365988

-1.25393 0.366211
-1.25391 0.366224

-1.25391 0.365993
-1.25349 0.366211

-1.2535 0.366211
-1.24902 0.368566

-1.24902 0.368561
-1.24423 0.371094

-1.24428 0.371094
-1.24414 0.371167

-1.24414 0.371148
-1.23926 0.373743

-1.23926 0.373738
-1.23506 0.375977

-1.23509 0.375977
-1.23438 0.376358

-1.23438 0.376346
-1.22949 0.378961

-1.22949 0.378957
-1.22595 0.380859

-1.22598 0.380859
-1.22461 0.381594

-1.22461 0.381583
-1.21973 0.384217

-1.21973 0.384215
-1.2169 0.385742

-1.21692 0.385742
-1.21484 0.386866

-1.21484 0.386856
-1.20996 0.389506

-1.20996 0.389507
-1.20791 0.390625

-1.20792 0.390625
-1.20508 0.392171

-1.20508 0.392162
-1.2002 0.394826

-1.2002 0.394829
-1.19895 0.395508

-1.19896 0.395508
-1.19531 0.397505

-1.19531 0.397498
-1.19043 0.400175

-1.19043 0.40018
-1.19005 0.400391

-1.19045 0.400391
-1.19043 0.400399

-1.19005 0.400391
-1.18555 0.402866

-1.18555 0.40286
-1.18116 0.405273

-1.18119 0.405273
-1.18066 0.405564

-1.18066 0.405553
-1.17578 0.408251

-1.17578 0.408246
-1.17233 0.410156

-1.17235 0.410156
-1.1709 0.410959

-1.1709 0.41095
-1.16602 0.413659

-1.16602 0.413657
-1.16353 0.415039

-1.16354 0.415039
-1.16113 0.416378

-1.16113 0.41637
-1.15625 0.419089

-1.15625 0.419091
-1.15476 0.419922

-1.15477 0.419922
-1.15137 0.42182

-1.15137 0.421813
-1.14648 0.424543

-1.14648 0.424548
-1.14602 0.424805

-1.14603 0.424805
-1.1416 0.427284

-1.1416 0.427279
-1.13731 0.429688

-1.13733 0.429688
-1.13672 0.430031

-1.13672 0.430022
-1.13184 0.43277

-1.13184 0.432766
-1.12863 0.43457

-1.12865 0.43457
-1.12695 0.435526

-1.12695 0.435519
-1.12207 0.438277

-1.12207 0.438276
-1.11999 0.439453

-1.12 0.439453
-1.11719 0.441044

-1.11719 0.441038
-1.1123 0.443806

-1.1123 0.443809
-1.11138 0.444336

-1.11138 0.444336
-1.10742 0.446586

-1.10742 0.44658
-1.10279 0.449219

-1.10281 0.449219
-1.10254 0.449371

-1.10254 0.449363
-1.09766 0.452149

-1.09766 0.452145
-1.09423 0.454102

-1.09425 0.454102
-1.09277 0.454944

-1.09277 0.454937
-1.08789 0.457734

-1.08789 0.457733
-1.08571 0.458984

-1.08572 0.458984
-1.08301 0.46054

-1.08301 0.460534
-1.07812 0.463341

-1.07812 0.463344
-1.07722 0.463867

-1.07722 0.463867
-1.07324 0.466159

-1.07324 0.466154
-1.06874 0.46875

-1.06876 0.46875
-1.06836 0.468981

-1.06836 0.468975
-1.06348 0.471799

-1.06348 0.471795
-1.0603 0.473633

-1.06032 0.473633
-1.05859 0.474631

-1.05859 0.474625
-1.05371 0.477459

-1.05371 0.477458
-1.05189 0.478516

-1.0519 0.478516
-1.04883 0.480301

-1.04883 0.480296
-1.04395 0.483139

-1.04395 0.483144
-1.0435 0.483398

-1.04351 0.483398
-1.03906 0.485992

-1.03906 0.485987
-1.03513 0.488281

-1.03515 0.488281
-1.03418 0.488848

-1.03418 0.488842
-1.0293 0.4917

-1.0293 0.491697
-1.02679 0.493164

-1.0268 0.493164
-1.02441 0.494564

-1.02441 0.494558
-1.01953 0.497424

-1.01953 0.497426
-1.01847 0.498047

-1.01848 0.498047
-1.01465 0.500297

-1.01465 0.500293
-1.01017 0.50293

-1.01018 0.50293
-1.00977 0.503173

-1.00977 0.503168
-1.00488 0.506046

-1.00488 0.506042
-1.00188 0.507812

-1.00189 0.507812
-1.0 0.508928

-1.0 0.508923
-0.995117 0.511808

-0.995117 0.511807
-0.993615 0.512695

-0.993621 0.512695
-0.990234 0.514697

-0.990234 0.514693
-0.98536 0.517578

-0.985378 0.517578
-0.985352 0.517593

-0.985352 0.517586
-0.980469 0.520479

-0.980469 0.520475
-0.977119 0.522461

-0.977131 0.522461
-0.975586 0.523377

-0.975586 0.523372
-0.970703 0.526271

-0.970703 0.52627
-0.968896 0.527344

-0.968902 0.527344
-0.96582 0.529175

-0.96582 0.529171
-0.960938 0.532075

-0.960938 0.532079
-0.960685 0.532227

-0.960687 0.532227
-0.956055 0.534984

-0.956055 0.53498
-0.95248 0.537109

-0.952493 0.537109
-0.951172 0.537896

-0.951172 0.537891
-0.946289 0.540803

-0.946289 0.540802
-0.944293 0.541992

-0.944301 0.541992
-0.941406 0.543719

-0.941406 0.543715
-0.936523 0.546632

-0.936523 0.546636
-0.936118 0.546875

-0.936122 0.546875
-0.931641 0.549555

-0.931641 0.549551
-0.927952 0.551758

-0.927964 0.551758
-0.926758 0.552478

-0.926758 0.552475
-0.921875 0.555399

-0.921875 0.555397
-0.919801 0.556641

-0.919807 0.556641
-0.916992 0.558328

-0.916992 0.558325
-0.912109 0.561255

-0.912109 0.561258
-0.911661 0.561523

-0.911666 0.561523
-0.907227 0.56419

-0.907227 0.564187
-0.903533 0.566406

-0.903544 0.566406
-0.902344 0.567126

-0.902344 0.567123
-0.897461 0.570062

-0.897461 0.57006
-0.89542 0.571289

-0.895426 0.571289
-0.892578 0.573004

-0.892578 0.573001
-0.887695 0.575945

-0.887695 0.575949
-0.887319 0.576172

-0.887324 0.576172
-0.882812 0.578895

-0.882812 0.578892
-0.879233 0.581055

-0.879242 0.581055
-0.87793 0.581846

-0.87793 0.581844
-0.873047 0.584798

-0.873047 0.584796
-0.871162 0.585938

-0.871167 0.585938
-0.868164 0.587756

-0.868164 0.587753
-0.863281 0.590714

-0.863281 0.590718
-0.863108 0.59082

-0.863109 0.59082
-0.858398 0.593681

-0.858398 0.593678
-0.855066 0.595703

-0.855073 0.595703
-0.853516 0.596649

-0.853516 0.596647
-0.848633 0.599619

