-1.66138 0.0
-1.66138 0.00488281

-1.66138 0.00488281
-1.66139 0.00976562

-1.66139 0.00976562
-1.6614 0.0146484

-1.6614 0.0146484
-1.66141 0.0195312

-1.66141 0.0195312
-1.66142 0.0244141

-1.66142 0.0244141
-1.66144 0.0292969

-1.66144 0.0292969
-1.66147 0.0341797

-1.66147 0.0341797
-1.6615 0.0390625

-1.6615 0.0390625
-1.66154 0.0439453

-1.66154 0.0439453
-1.66158 0.0488281

-1.66158 0.0488281
-1.66163 0.0537109

-1.66163 0.0537109
-1.66168 0.0585938

-1.66168 0.0585938
-1.66175 0.0634766

-1.66175 0.0634766
-1.66182 0.0683594

-1.66182 0.0683594
-1.6619 0.0732422

-1.6619 0.0732422
-1.66199 0.078125

-1.66199 0.078125
-1.66208 0.0830078

-1.66208 0.0830078
-1.66218 0.0878906

-1.66218 0.0878906
-1.66228 0.0927734

-1.66228 0.0927734
-1.66238 0.0976562

-1.66238 0.0976562
-1.66246 0.102539

-1.66246 0.102539
-1.66252 0.107422

-1.66253 0.107422
-1.66255 0.112305

-1.66256 0.112305
-1.66252 0.117188

-1.66253 0.117188
-1.6624 0.12207

-1.66241 0.12207
-1.66214 0.126953

-1.66216 0.126953
-1.6617 0.131836

-1.66172 0.131836
-1.66097 0.136719

-1.66101 0.136719
-1.65986 0.141602

-1.65991 0.141602
-1.65918 0.143614

-1.65918 0.143687
-1.65816 0.146484

-1.65823 0.146484
-1.65553 0.151367

-1.6556 0.151367
-1.6543 0.153162

-1.6543 0.153065
-1.65154 0.15625

-1.65154 0.15625
-1.64941 0.158139

-1.64941 0.158062
-1.64493 0.161133

-1.64505 0.161133
-1.64453 0.161438

-1.64453 0.161301
-1.63965 0.163608

-1.63965 0.163525
-1.63477 0.165182

-1.63477 0.16514
-1.63131 0.166016

-1.63143 0.166016
-1.62988 0.166408

-1.62988 0.166356
-1.625 0.167305

-1.625 0.167286
-1.62012 0.168047

-1.62012 0.168032
-1.61523 0.168674

-1.61523 0.168669
-1.61035 0.169231

-1.61035 0.16922
-1.60547 0.169733

-1.60547 0.169731
-1.60059 0.170221

-1.60059 0.170214
-1.5957 0.170699

-1.59601 0.170898
-1.5957 0.170928

-1.5957 0.170692
-1.59366 0.170898

-1.59379 0.170898
-1.59082 0.171198

-1.59082 0.171188
-1.58594 0.1717

-1.58594 0.171697
-1.58105 0.172244

-1.58105 0.172242
-1.57617 0.172831

-1.57617 0.172828
-1.57129 0.173467

-1.57129 0.173469
-1.56641 0.17416

-1.56641 0.174158
-1.56152 0.174905

-1.56152 0.174906
-1.55664 0.175711

-1.55664 0.175707
-1.55622 0.175781

-1.55688 0.175781
-1.55664 0.17582

-1.55626 0.175781
-1.55176 0.176572

-1.55176 0.176567
-1.54688 0.177479

-1.54688 0.177478
-1.54199 0.178454

-1.54199 0.178454
-1.53711 0.179497

-1.53711 0.179499
-1.53223 0.180602

-1.53237 0.180664
-1.53223 0.180698

-1.53223 0.180598
-1.53195 0.180664

-1.53197 0.180664
-1.52734 0.181758

-1.52734 0.181753
-1.52246 0.182963

-1.52246 0.182963
-1.51758 0.184239

-1.51758 0.184242
-1.51281 0.185547

-1.51295 0.185547
-1.5127 0.185615

-1.5127 0.185581
-1.50781 0.186965

-1.50781 0.186959
-1.50293 0.188399

-1.50293 0.188402
-1.49805 0.189905

-1.49805 0.189904
-1.49639 0.19043

-1.49642 0.19043
-1.49316 0.191464

-1.49316 0.191454
-1.48828 0.193054

-1.48828 0.193054
-1.4834 0.194717

-1.4834 0.194719
-1.4817 0.195312

-1.48173 0.195312
-1.47852 0.19644

-1.47852 0.196428
-1.47363 0.198188

-1.47363 0.19819
-1.46875 0.200011

-1.46875 0.20001
-1.46826 0.200195

-1.46828 0.200195
-1.46387 0.201884

-1.46387 0.201874
-1.45898 0.203796

-1.45898 0.203799
-1.45582 0.205078

-1.45587 0.205078
-1.4541 0.205794

-1.4541 0.205777
-1.44922 0.2078

-1.44922 0.2078
-1.44434 0.209882

-1.44436 0.209961
-1.44434 0.20997

-1.44434 0.20988
-1.44415 0.209961

-1.44417 0.209961
-1.43945 0.212016

-1.43945 0.212007
-1.43457 0.214189

-1.43457 0.214192
-1.43314 0.214844

-1.43317 0.214844
-1.42969 0.216433

-1.42969 0.216419
-1.4248 0.218699

-1.4248 0.218702
-1.42266 0.219727

-1.42268 0.219727
-1.41992 0.221044

-1.41992 0.221028
-1.41504 0.223403

-1.41504 0.223404
-1.41261 0.224609

-1.41264 0.224609
-1.41016 0.225842

-1.41016 0.225825
-1.40527 0.22829

-1.40527 0.228291
-1.40294 0.229492

-1.40297 0.229492
-1.40039 0.230816

-1.40039 0.2308
-1.39551 0.233351

-1.39551 0.233352
-1.39358 0.234375

-1.39361 0.234375
-1.39062 0.235958

-1.39062 0.235943
-1.38574 0.238575

-1.38574 0.238579
-1.3845 0.239258

-1.38452 0.239258
-1.38086 0.241259

-1.38086 0.241249
-1.37598 0.243956

-1.37598 0.243957
-1.37565 0.244141

-1.37566 0.244141
-1.37109 0.246708

-1.37109 0.246702
-1.36701 0.249023

-1.36706 0.249023
-1.36621 0.249506

-1.36621 0.249483
-1.36133 0.252297

-1.36133 0.252295
-1.35856 0.253906

-1.35859 0.253906
-1.35645 0.255157

-1.35645 0.25514
-1.35156 0.258018

-1.35156 0.25802
-1.35027 0.258789

-1.35029 0.258789
-1.34668 0.260937

-1.34668 0.260927
-1.34211 0.263672

-1.34217 0.263672
-1.3418 0.26389

-1.3418 0.263866
-1.33691 0.266832

-1.33691 0.266828
-1.33409 0.268555

-1.33412 0.268555
-1.33203 0.269835

-1.33203 0.269819
-1.32715 0.272835

-1.32715 0.27284
-1.32618 0.273438

-1.32619 0.273438
-1.32227 0.275886

-1.32227 0.275878
-1.31837 0.27832

-1.31841 0.27832
-1.31738 0.27896

-1.31738 0.278941
-1.3125 0.282029

-1.3125 0.282028
-1.31065 0.283203

-1.31067 0.283203
-1.30762 0.285146

-1.30762 0.285136
-1.30301 0.288086

-1.30305 0.288086
-1.30273 0.288283

-1.30273 0.288263
-1.29785 0.291409

-1.29785 0.291405
-1.29544 0.292969

-1.29546 0.292969
-1.29297 0.294581

-1.29297 0.294569
-1.28809 0.297745

-1.28809 0.297746
-1.28792 0.297852

-1.28793 0.297852
-1.2832 0.300945

-1.2832 0.300939
-1.28047 0.302734

-1.28049 0.302734
-1.27832 0.304161

-1.27832 0.304148
-1.27344 0.307367

-1.27344 0.30737
-1.27306 0.307617

-1.27307 0.307617
-1.26855 0.310607

-1.26855 0.310601
-1.26569 0.3125

-1.26572 0.3125
-1.26367 0.313858

-1.26367 0.313845
-1.25879 0.317099

-1.25879 0.317102
-1.25836 0.317383

-1.25837 0.317383
-1.25391 0.320369

-1.25391 0.320363
-1.25107 0.322266

-1.25109 0.322266
-1.24902 0.323647

-1.24902 0.323636
-1.24414 0.326914

-1.24414 0.326917
-1.24379 0.327148

-1.2438 0.327148
-1.23926 0.330207

-1.23926 0.330202
-1.23654 0.332031

-1.23657 0.332031
-1.23438 0.333506

-1.23438 0.333495
-1.22949 0.336792

-1.22949 0.336793
-1.22931 0.336914

-1.22932 0.336914
-1.22461 0.3401

-1.22461 0.340095
-1.2221 0.341797

-1.22212 0.341797
-1.21973 0.343413

-1.21973 0.343403
-1.21489 0.34668

-1.21492 0.34668
-1.21484 0.346729

-1.21484 0.346713
-1.20996 0.350027

-1.20996 0.350025
-1.20769 0.351562

-1.20771 0.351562
-1.20508 0.353348

-1.20508 0.353339
-1.2005 0.356445

-1.20052 0.356445
-1.2002 0.356665

-1.2002 0.356654
-1.19531 0.359973

-1.19531 0.359973
-1.19331 0.361328

-1.19333 0.361328
-1.19043 0.363296

-1.19043 0.363288
-1.18612 0.366211

-1.18615 0.366211
-1.18555 0.366612

-1.18555 0.366604
-1.18066 0.369922

-1.18066 0.369925
-1.17893 0.371094

-1.17895 0.371094
-1.17578 0.373245

-1.17578 0.373237
-1.17174 0.375977

-1.17177 0.375977
-1.1709 0.376555

-1.1709 0.37655
-1.16602 0.379865

-1.16602 0.379871
-1.16454 0.380859

-1.16456 0.380859
-1.16113 0.383183

-1.16113 0.383175
-1.15734 0.385742

-1.15738 0.385742
-1.15625 0.386487

-1.15625 0.386483
-1.15137 0.389793

-1.15137 0.389801
-1.15013 0.390625

-1.15015 0.390625
-1.14648 0.393105

-1.14648 0.393098
-1.14292 0.395508

-1.14295 0.395508
-1.1416 0.396405

-1.1416 0.3964
-1.13672 0.399702

-1.13672 0.399712
-1.13569 0.400391

-1.13571 0.400391
-1.13184 0.403008

-1.13184 0.403001
-1.12847 0.405273

-1.12849 0.405273
-1.12695 0.406302

-1.12695 0.406296
-1.12207 0.409592

-1.12207 0.4096
-1.12122 0.410156

-1.12124 0.410156
-1.11719 0.41289

-1.11719 0.412884
-1.11399 0.415039

-1.11401 0.415039
-1.1123 0.416179

-1.1123 0.416173
-1.10742 0.419462

-1.10742 0.419469
-1.10673 0.419922

-1.10674 0.419922
-1.10254 0.422754

-1.10254 0.422748
-1.09948 0.424805

-1.0995 0.424805
-1.09766 0.426038

-1.09766 0.426031
-1.09277 0.429315

-1.09277 0.429321
-1.09222 0.429688

-1.09223 0.429688
-1.08789 0.432602

-1.08789 0.432596
-1.08495 0.43457

-1.08497 0.43457
-1.08301 0.435883

-1.08301 0.435876
-1.07812 0.439155

-1.07812 0.439161
-1.07768 0.439453

-1.07769 0.439453
-1.07324 0.442439

-1.07324 0.442433
-1.0704 0.444336

-1.07042 0.444336
-1.06836 0.445717

-1.06836 0.445709
-1.06348 0.448986

-1.06348 0.448991
-1.06313 0.449219

-1.06314 0.449219
-1.05859 0.452267

-1.05859 0.452262
-1.05585 0.454102

-1.05586 0.454102
-1.05371 0.455543

-1.05371 0.455536
-1.04883 0.458811

-1.04883 0.458815
-1.04857 0.458984

-1.04857 0.458984
-1.04395 0.46209

-1.04395 0.462085
-1.04128 0.463867

-1.0413 0.463867
-1.03906 0.465365

-1.03906 0.465358
-1.03418 0.468632

-1.03418 0.468635
-1.03401 0.46875

-1.03401 0.46875
-1.0293 0.47191

-1.0293 0.471904
-1.02672 0.473633

-1.02673 0.473633
-1.02441 0.475184

-1.02441 0.475177
-1.01953 0.47845

-1.01953 0.478453
-1.01944 0.478516

-1.01944 0.478516
-1.01465 0.481727

-1.01465 0.481722
-1.01215 0.483398

-1.01216 0.483398
-1.00977 0.485

-1.00977 0.484994
-1.00488 0.488266

-1.00488 0.488268
-1.00486 0.488281

-1.00489 0.488281
-1.00488 0.488288

-1.00486 0.488281
-1.0 0.491541

-1.0 0.491537
-0.997569 0.493164

-0.997581 0.493164
-0.995117 0.494813

-0.995117 0.494808
-0.990282 0.498047

-0.990287 0.498047
-0.990234 0.498082

-0.990234 0.498081
-0.985352 0.501352

-0.985352 0.501348
-0.982987 0.50293

-0.982998 0.50293
-0.980469 0.504623

-0.980469 0.504617
-0.975696 0.507812

-0.975699 0.507812
-0.975586 0.507887

-0.975586 0.507889
-0.970703 0.511158

-0.970703 0.511153
-0.968397 0.512695

-0.968408 0.512695
-0.96582 0.514426

-0.96582 0.514421
-0.961101 0.517578

-0.961104 0.517578
-0.960938 0.517687

-0.960938 0.51769
-0.956055 0.520956

-0.956055 0.520952
-0.953796 0.522461

-0.953807 0.522461
-0.951172 0.524222

-0.951172 0.524217
-0.946495 0.527344

-0.946497 0.527344
-0.946289 0.52748

-0.946289 0.527483
-0.941406 0.530747

-0.941406 0.530744
-0.939184 0.532227

-0.939194 0.532227
-0.936523 0.53401

-0.936523 0.534006
-0.931877 0.537109

-0.931878 0.537109
-0.931641 0.537265

-0.931641 0.537269
-0.926758 0.54053

-0.926758 0.540527
-0.92456 0.541992

-0.92457 0.541992
-0.921875 0.54379

-0.921875 0.543786
-0.917247 0.546875

-0.917248 0.546875
-0.916992 0.547042

-0.916992 0.547047
-0.912109 0.550306

-0.912109 0.550302
-0.909925 0.551758

-0.909935 0.551758
-0.907227 0.553564

-0.907227 0.55356
-0.902608 0.556641

-0.902608 0.556641
-0.902344 0.556813

-0.902344 0.556818
-0.897461 0.560075

-0.897461 0.560072
-0.895282 0.561523

-0.895291 0.561523
-0.892578 0.563332

-0.892578 0.563328
-0.887962 0.566406

-0.887961 0.566406
-0.887695 0.56658

-0.887695 0.566585
-0.882812 0.569841

-0.882812 0.569838
-0.880634 0.571289

-0.880643 0.571289
-0.87793 0.573097

-0.87793 0.573094
-0.873313 0.576172

-0.873311 0.576172
-0.873047 0.576344

-0.873047 0.57635
-0.868164 0.579606

-0.868164 0.579603
-0.865985 0.581055

-0.865994 0.581055
-0.863281 0.582863

-0.863281 0.58286
-0.858666 0.585938

-0.858664 0.585938
-0.858398 0.586111

-0.858398 0.586117
-0.853516 0.589374

-0.853516 0.589372
-0.851342 0.59082

-0.851351 0.59082
-0.848633 0.592633

-0.848633 0.59263
-0.844028 0.595703

-0.844025 0.595703
-0.84375 0.595883

-0.84375 0.59589
-0.838867 0.59915

