-1.63802 0.0
-1.63805 0.00488281

-1.63805 0.00488281
-1.63817 0.00976562

-1.63817 0.00976562
-1.63835 0.0146484

-1.63835 0.0146484
-1.63861 0.0195312

-1.63861 0.0195312
-1.63894 0.0244141

-1.63894 0.0244141
-1.63933 0.0292969

-1.63965 0.0327094
-1.63978 0.0341797

-1.63979 0.0341797
-1.6403 0.0390625

-1.63965 0.0326864
-1.63933 0.0292969

-1.6403 0.0390625
-1.64086 0.0439453

-1.64086 0.0439453
-1.64145 0.0488281

-1.64147 0.0488281
-1.64205 0.0537109

-1.64205 0.0537109
-1.64257 0.0585938

-1.64262 0.0585938
-1.64297 0.0634766

-1.64298 0.0634766
-1.64304 0.0683594

-1.64315 0.0683594
-1.64269 0.0732422

-1.64275 0.0732422
-1.64142 0.078125

-1.64178 0.078125
-1.63965 0.0815875

-1.63965 0.0815351
-1.63865 0.0830078

-1.63861 0.0830078
-1.63477 0.0863638

-1.63477 0.0862083
-1.63133 0.0878906

-1.6314 0.0878906
-1.62988 0.088608

-1.62988 0.0884074
-1.625 0.0895057

-1.625 0.0893743
-1.62012 0.0898381

-1.62012 0.0897982
-1.61523 0.0899705

-1.61523 0.0899252
-1.61035 0.0899763

-1.61035 0.0899622
-1.60547 0.0900109

-1.60547 0.0900078
-1.60059 0.0900889

-1.60059 0.0900895
-1.5957 0.0902081

-1.5957 0.0901962
-1.59082 0.0903749

-1.59082 0.0903712
-1.58594 0.0906412

-1.58594 0.0906352
-1.58105 0.0910161

-1.58105 0.0910153
-1.57617 0.0915206

-1.57617 0.0915173
-1.57129 0.0921555

-1.57129 0.0921585
-1.56734 0.0927734

-1.56751 0.0927734
-1.56641 0.0929456

-1.56641 0.0929209
-1.56152 0.093793

-1.56152 0.0938063
-1.55664 0.094771

-1.55664 0.0947598
-1.55176 0.0958129

-1.55176 0.0958085
-1.54688 0.0969813

-1.54688 0.0969845
-1.5443 0.0976562

-1.54438 0.0976562
-1.54199 0.0982802

-1.54199 0.0982578
-1.53711 0.0996335

-1.53711 0.099633
-1.53223 0.101134

-1.53223 0.101145
-1.52796 0.102539

-1.52808 0.102539
-1.52734 0.102778

-1.52734 0.102743
-1.52246 0.104402

-1.52246 0.104402
-1.51758 0.10613

-1.51758 0.106118
-1.51405 0.107422

-1.51412 0.107422
-1.5127 0.107949

-1.5127 0.10791
-1.50781 0.109833

-1.50781 0.109842
-1.50293 0.111906

-1.50293 0.111923
-1.50205 0.112305

-1.50209 0.112305
-1.49805 0.114066

-1.49805 0.114039
-1.49316 0.116225

-1.49316 0.116231
-1.49109 0.117188

-1.49114 0.117188
-1.48828 0.11851

-1.48828 0.118478
-1.4834 0.120809

-1.4834 0.120817
-1.48086 0.12207

-1.48092 0.12207
-1.47852 0.123253

-1.47852 0.123221
-1.47363 0.12569

-1.47363 0.125699
-1.4712 0.126953

-1.47126 0.126953
-1.46875 0.128248

-1.46875 0.128204
-1.46387 0.130787

-1.46387 0.130793
-1.46195 0.131836

-1.462 0.131836
-1.45898 0.133479

-1.45898 0.133455
-1.4541 0.136179

-1.4541 0.136188
-1.45317 0.136719

-1.45319 0.136719
-1.44922 0.138978

-1.44922 0.13895
-1.44466 0.141602

-1.44474 0.141602
-1.44434 0.141833

-1.44434 0.141815
-1.43945 0.14471

-1.43945 0.144693
-1.43645 0.146484

-1.4365 0.146484
-1.43457 0.147637

-1.43457 0.147602
-1.42969 0.150578

-1.42969 0.150577
-1.42842 0.151367

-1.42844 0.151367
-1.4248 0.153646

-1.4248 0.153658
-1.42069 0.15625

-1.42078 0.15625
-1.41992 0.156783

-1.41992 0.15672
-1.41504 0.159823

-1.41504 0.159818
-1.41301 0.161133

-1.41304 0.161133
-1.41016 0.163003

-1.41016 0.162987
-1.40555 0.166016

-1.40562 0.166016
-1.40527 0.166239

-1.40527 0.16621
-1.40039 0.169462

-1.40039 0.169437
-1.39823 0.170898

-1.39826 0.170898
-1.39551 0.172763

-1.39551 0.172778
-1.39113 0.175781

-1.39122 0.175781
-1.39062 0.176178

-1.39062 0.17611
-1.38574 0.179481

-1.38574 0.179483
-1.38403 0.180664

-1.38407 0.180664
-1.38086 0.18292

-1.38086 0.182908
-1.37715 0.185547

-1.3772 0.185547
-1.37598 0.186403

-1.37598 0.186388
-1.37109 0.189903

-1.37109 0.189896
-1.37035 0.19043

-1.37036 0.19043
-1.36621 0.193467

-1.36621 0.193484
-1.36371 0.195312

-1.36376 0.195312
-1.36133 0.197088

-1.36133 0.197044
-1.35706 0.200195

-1.35709 0.200195
-1.35645 0.200667

-1.35645 0.200671
-1.35156 0.204324

-1.35156 0.20432
-1.35054 0.205078

-1.35056 0.205078
-1.34668 0.207993

-1.34668 0.207986
-1.34406 0.209961

-1.34411 0.209961
-1.3418 0.211698

-1.3418 0.211694
-1.33769 0.214844

-1.33773 0.214844
-1.33691 0.215461

-1.33691 0.215443
-1.33203 0.219208

-1.33203 0.219197
-1.33134 0.219727

-1.33135 0.219727
-1.32715 0.223003

-1.32715 0.223031
-1.32509 0.224609

-1.32514 0.224609
-1.32227 0.226846

-1.32227 0.226812
-1.31884 0.229492

-1.31886 0.229492
-1.31738 0.230631

-1.31738 0.230649
-1.31265 0.234375

-1.31273 0.234375
-1.3125 0.234555

-1.3125 0.234484
-1.30762 0.238334

-1.30762 0.238333
-1.30644 0.239258

-1.30646 0.239258
-1.30273 0.242213

-1.30273 0.242222
-1.30029 0.244141

-1.30035 0.244141
-1.29785 0.246101

-1.29785 0.246105
-1.2942 0.249023

-1.29423 0.249023
-1.29297 0.25002

-1.29297 0.250011
-1.28812 0.253906

-1.28817 0.253906
-1.28809 0.253972

-1.28809 0.253946
-1.2832 0.257867

-1.2832 0.25785
-1.28202 0.258789

-1.28203 0.258789
-1.27832 0.261783

-1.27832 0.261813
-1.27598 0.263672

-1.27604 0.263672
-1.27344 0.265741

-1.27344 0.26572
-1.26991 0.268555

-1.26992 0.268555
-1.26855 0.269647

-1.26855 0.269661
-1.26388 0.273438

-1.26395 0.273438
-1.26367 0.273661

-1.26367 0.273598
-1.25879 0.27754

-1.25879 0.277539
-1.25782 0.27832

-1.25783 0.27832
-1.25391 0.281499

-1.25391 0.281507
-1.25178 0.283203

-1.25183 0.283203
-1.24902 0.285459

-1.24902 0.285467
-1.24579 0.288086

-1.24581 0.288086
-1.24414 0.289427

-1.24414 0.289426
-1.23978 0.292969

-1.23981 0.292969
-1.23926 0.293419

-1.23926 0.293405
-1.23438 0.297364

-1.23438 0.297351
-1.23375 0.297852

-1.23376 0.297852
-1.22949 0.301315

-1.22949 0.301333
-1.22775 0.302734

-1.22778 0.302734
-1.22461 0.305291

-1.22461 0.305278
-1.22169 0.307617

-1.22171 0.307617
-1.21973 0.309197

-1.21973 0.309217
-1.21566 0.3125

-1.21571 0.3125
-1.21484 0.313195

-1.21484 0.313151
-1.20996 0.317077

-1.20996 0.317078
-1.20958 0.317383

-1.20959 0.317383
-1.20508 0.321011

-1.20508 0.321014
-1.2035 0.322266

-1.20353 0.322266
-1.2002 0.32494

-1.2002 0.324947
-1.19743 0.327148

-1.19747 0.327148
-1.19531 0.328846

-1.19531 0.328854
-1.19135 0.332031

-1.19137 0.332031
-1.19043 0.332779

-1.19043 0.332774
-1.18555 0.33667

-1.18555 0.336656
-1.18522 0.336914

-1.18522 0.336914
-1.18066 0.340551

-1.18066 0.340569
-1.17911 0.341797

-1.17913 0.341797
-1.17578 0.344455

-1.17578 0.34444
-1.17293 0.34668

-1.17296 0.34668
-1.1709 0.348282

-1.1709 0.348301
-1.16677 0.351562

-1.16682 0.351562
-1.16602 0.352193

-1.16602 0.35216
-1.16113 0.356011

-1.16113 0.356013
-1.16058 0.356445

-1.16059 0.356445
-1.15625 0.359865

-1.15625 0.359873
-1.15437 0.361328

-1.1544 0.361328
-1.15137 0.363708

-1.15137 0.363709
-1.14817 0.366211

-1.14819 0.366211
-1.14648 0.367526

-1.14648 0.367529
-1.14193 0.371094

-1.14196 0.371094
-1.1416 0.37137

-1.1416 0.37136
-1.13672 0.37516

-1.13672 0.375149
-1.13564 0.375977

-1.13565 0.375977
-1.13184 0.378935

-1.13184 0.378944
-1.12934 0.380859

-1.1294 0.380859
-1.12695 0.382727

-1.12695 0.382713
-1.12302 0.385742

-1.12303 0.385742
-1.12207 0.386469

-1.12207 0.386475
-1.11719 0.390237

-1.11719 0.390238
-1.11668 0.390625

-1.11668 0.390625
-1.1123 0.393993

-1.1123 0.394003
-1.1103 0.395508

-1.11034 0.395508
-1.10742 0.397738

-1.10742 0.397737
-1.10395 0.400391

-1.10397 0.400391
-1.10254 0.401471

-1.10254 0.401479
-1.09766 0.405197

-1.09766 0.405186
-1.09754 0.405273

-1.09754 0.405273
-1.09277 0.408901

-1.09277 0.408912
-1.09111 0.410156

-1.09115 0.410156
-1.08789 0.412625

-1.08789 0.412606
-1.08466 0.415039

-1.08468 0.415039
-1.08301 0.416275

-1.08301 0.41629
-1.07819 0.419922

-1.07822 0.419922
-1.07812 0.41999

-1.07812 0.419972
-1.07324 0.423649

-1.07324 0.423656
-1.07169 0.424805

-1.07171 0.424805
-1.06836 0.427324

-1.06836 0.427321
-1.06521 0.429688

-1.06523 0.429688
-1.06348 0.430977

-1.06348 0.430989
-1.05868 0.43457

-1.05869 0.43457
-1.05859 0.43464

-1.05859 0.434627
-1.05371 0.438273

-1.05371 0.438284
-1.05211 0.439453

-1.05215 0.439453
-1.04883 0.44193

-1.04883 0.441914
-1.04557 0.444336

-1.04558 0.444336
-1.04395 0.445527

-1.04395 0.445541
-1.03906 0.44917

-1.03906 0.449173
-1.039 0.449219

-1.039 0.449219
-1.03418 0.452799

-1.03418 0.452808
-1.0324 0.454102

-1.03242 0.454102
-1.0293 0.456418

-1.0293 0.456413
-1.02582 0.458984

-1.02584 0.458984
-1.02441 0.460022

-1.02441 0.46003
-1.01953 0.463631

-1.01953 0.463625
-1.0192 0.463867

-1.0192 0.463867
-1.01465 0.467222

-1.01465 0.467228
-1.01256 0.46875

-1.01259 0.46875
-1.00977 0.470828

-1.00977 0.470817
-1.00593 0.473633

-1.00594 0.473633
-1.00488 0.474396

-1.00488 0.474404
-1.0 0.477996

-1.0 0.478001
-0.999291 0.478516

-0.999299 0.478516
-0.995117 0.481587

-0.995117 0.481586
-0.99263 0.483398

-0.99265 0.483398
-0.990234 0.485157

-0.990234 0.485151
-0.985955 0.488281

-0.985977 0.488281
-0.985352 0.488733

-0.985352 0.488732
-0.980469 0.492298

-0.980469 0.492297
-0.979256 0.493164

-0.979272 0.493164
-0.975586 0.495849

-0.975586 0.495848
-0.972567 0.498047

-0.972589 0.498047
-0.970703 0.4994

-0.970703 0.499404
-0.965862 0.50293

-0.965863 0.50293
-0.96582 0.502961

-0.96582 0.502962
-0.960938 0.506519

-0.960938 0.506528
-0.959141 0.507812

-0.959164 0.507812
-0.956055 0.510073

-0.956055 0.510071
-0.952431 0.512695

-0.952446 0.512695
-0.951172 0.513598

-0.951172 0.513599
-0.946289 0.517136

-0.946289 0.517147
-0.945686 0.517578

-0.945694 0.517578
-0.941406 0.52068

-0.941406 0.520673
-0.938921 0.522461

-0.938934 0.522461
-0.936523 0.524194

-0.936523 0.524196
-0.932166 0.527344

-0.932172 0.527344
-0.931641 0.527722

-0.931641 0.527726
-0.926758 0.531251

-0.926758 0.531258
-0.925384 0.532227

-0.925405 0.532227
-0.921875 0.53477

-0.921875 0.534764
-0.918617 0.537109

-0.918645 0.537109
-0.916992 0.538276

-0.916992 0.538285
-0.912109 0.541795

-0.912109 0.541793
-0.911829 0.541992

-0.911832 0.541992
-0.907227 0.545299

-0.907227 0.545301
-0.905019 0.546875

-0.905038 0.546875
-0.902344 0.548806

-0.902344 0.548802
-0.898222 0.551758

-0.898225 0.551758
-0.897461 0.552296

-0.897461 0.552304
-0.892578 0.555805

-0.892578 0.555813
-0.891398 0.556641

-0.891415 0.556641
-0.887695 0.559303

-0.887695 0.559302
-0.884583 0.561523

-0.884598 0.561523
-0.882812 0.56278

-0.882812 0.562782
-0.87793 0.566269

-0.87793 0.566276
-0.877745 0.566406

-0.877747 0.566406
-0.873047 0.569761

-0.873047 0.569759
-0.870887 0.571289

-0.870898 0.571289
-0.868164 0.573237

-0.868164 0.573237
-0.864049 0.576172

-0.864052 0.576172
-0.863281 0.576713

-0.863281 0.576722
-0.858398 0.580203

-0.858398 0.58021
-0.857184 0.581055

-0.857203 0.581055
-0.853516 0.583679

-0.853516 0.583673
-0.850333 0.585938

-0.850358 0.585938
-0.848633 0.587146

-0.848633 0.587153
-0.84375 0.590626

-0.84375 0.590625
-0.843472 0.59082

-0.843474 0.59082
-0.838867 0.594094

-0.838867 0.594095
-0.836595 0.595703

-0.836603 0.595703
-0.833984 0.597562

