-1.69315 0.0
-1.69312 0.00488281

-1.69312 0.00488281
-1.69305 0.00976562

-1.69305 0.00976562
-1.69292 0.0146484

-1.69292 0.0146484
-1.69274 0.0195312

-1.69274 0.0195312
-1.69252 0.0244141

-1.69252 0.0244141
-1.69225 0.0292969

-1.69225 0.0292969
-1.69193 0.0341797

-1.69193 0.0341797
-1.69157 0.0390625

-1.69157 0.0390625
-1.69117 0.0439453

-1.69117 0.0439453
-1.69073 0.0488281

-1.69073 0.0488281
-1.69026 0.0537109

-1.69026 0.0537109
-1.68975 0.0585938

-1.68975 0.0585938
-1.68921 0.0634766

-1.68921 0.0634766
-1.68865 0.0683594

-1.68865 0.0683594
-1.68848 0.0697922

-1.68848 0.0697604
-1.68806 0.0732422

-1.68806 0.0732422
-1.68745 0.078125

-1.68745 0.078125
-1.68682 0.0830078

-1.68682 0.0830078
-1.68618 0.0878906

-1.68618 0.0878906
-1.68553 0.0927734

-1.68553 0.0927734
-1.68487 0.0976562

-1.68487 0.0976562
-1.6842 0.102539

-1.6842 0.102539
-1.68359 0.106922

-1.68359 0.106901
-1.68352 0.107422

-1.68352 0.107422
-1.68285 0.112305

-1.68285 0.112305
-1.68218 0.117188

-1.68218 0.117188
-1.68152 0.12207

-1.68152 0.12207
-1.68086 0.126953

-1.68086 0.126953
-1.6802 0.131836

-1.6802 0.131836
-1.67955 0.136719

-1.67955 0.136719
-1.6789 0.141602

-1.67891 0.141602
-1.67871 0.143098

-1.67871 0.143065
-1.67826 0.146484

-1.67826 0.146484
-1.67763 0.151367

-1.67763 0.151367
-1.67699 0.15625

-1.67699 0.15625
-1.67635 0.161133

-1.67636 0.161133
-1.6757 0.166016

-1.67571 0.166016
-1.67503 0.170898

-1.67504 0.170898
-1.67433 0.175781

-1.67434 0.175781
-1.67383 0.179097

-1.67383 0.179102
-1.67359 0.180664

-1.67359 0.180664
-1.67278 0.185547

-1.67279 0.185547
-1.67189 0.19043

-1.6719 0.19043
-1.67089 0.195312

-1.6709 0.195312
-1.66973 0.200195

-1.66974 0.200195
-1.66895 0.202992

-1.66895 0.203032
-1.66836 0.205078

-1.66837 0.205078
-1.6667 0.209961

-1.66674 0.209961
-1.66469 0.214844

-1.66472 0.214844
-1.66406 0.216098

-1.66406 0.216098
-1.66215 0.219727

-1.66222 0.219727
-1.65918 0.224212

-1.65918 0.22424
-1.65892 0.224609

-1.65899 0.224609
-1.65462 0.229492

-1.65471 0.229492
-1.6543 0.2299

-1.6543 0.229802
-1.64941 0.233965

-1.64941 0.233844
-1.6486 0.234375

-1.64867 0.234375
-1.64453 0.237047

-1.64453 0.236969
-1.63995 0.239258

-1.64009 0.239258
-1.63965 0.239478

-1.63965 0.239379
-1.63477 0.241302

-1.63477 0.241267
-1.62988 0.242812

-1.62988 0.242795
-1.625 0.244064

-1.62523 0.244141
-1.625 0.244199

-1.625 0.244037
-1.62452 0.244141

-1.62461 0.244141
-1.62012 0.245104

-1.62012 0.245088
-1.61523 0.245968

-1.61523 0.245959
-1.61035 0.246714

-1.61035 0.246709
-1.60547 0.247369

-1.60547 0.247362
-1.60059 0.247951

-1.60059 0.247947
-1.5957 0.248487

-1.59588 0.249023
-1.5957 0.249043

-1.5957 0.248481
-1.59082 0.248986

-1.59145 0.249023
-1.59082 0.249088

-1.59082 0.248981
-1.59039 0.249023

-1.59046 0.249023
-1.58594 0.249466

-1.58594 0.249462
-1.58105 0.249926

-1.58105 0.249924
-1.57617 0.250386

-1.57617 0.250384
-1.57129 0.250851

-1.57129 0.25085
-1.56641 0.251329

-1.56641 0.251327
-1.56152 0.251824

-1.56152 0.251823
-1.55664 0.252343

-1.55664 0.252341
-1.55176 0.252889

-1.55176 0.252888
-1.54688 0.253468

-1.5471 0.253906
-1.54688 0.253933

-1.54688 0.253465
-1.54335 0.253906

-1.54348 0.253906
-1.54199 0.254093

-1.54199 0.25408
-1.53711 0.254725

-1.53711 0.254723
-1.53223 0.255408

-1.53223 0.255407
-1.52734 0.256136

-1.52734 0.256136
-1.52246 0.256911

-1.52246 0.25691
-1.51758 0.257734

-1.51758 0.257734
-1.5127 0.258605

-1.51296 0.258789
-1.5127 0.258837

-1.5127 0.258604
-1.51171 0.258789

-1.51173 0.258789
-1.50781 0.259522

-1.50781 0.259518
-1.50293 0.260475

-1.50293 0.260474
-1.49805 0.261483

-1.49805 0.261483
-1.49316 0.262544

-1.49316 0.262544
-1.48828 0.263654

-1.48855 0.263672
-1.48828 0.263733

-1.48828 0.263654
-1.48821 0.263672

-1.48822 0.263672
-1.4834 0.264809

-1.4834 0.264805
-1.47852 0.266003

-1.47852 0.266002
-1.47363 0.267251

-1.47363 0.267252
-1.46875 0.268551

-1.46898 0.268555
-1.46875 0.268615

-1.46875 0.268555
-1.46387 0.269893

-1.46387 0.269889
-1.45898 0.27127

-1.45898 0.271269
-1.4541 0.272704

-1.4541 0.272707
-1.45169 0.273438

-1.45171 0.273438
-1.44922 0.274192

-1.44922 0.274183
-1.44434 0.275698

-1.44434 0.275695
-1.43945 0.27726

-1.43945 0.277262
-1.43624 0.27832

-1.43628 0.27832
-1.43457 0.278882

-1.43457 0.278872
-1.42969 0.280516

-1.42969 0.280512
-1.4248 0.282204

-1.4248 0.282206
-1.42199 0.283203

-1.42202 0.283203
-1.41992 0.283949

-1.41992 0.28394
-1.41504 0.285706

-1.41504 0.285703
-1.41016 0.287517

-1.41016 0.287522
-1.40867 0.288086

-1.40868 0.288086
-1.40527 0.289377

-1.40527 0.289368
-1.40039 0.291253

-1.40039 0.291255
-1.39605 0.292969

-1.3961 0.292969
-1.39551 0.293202

-1.39551 0.293186
-1.39062 0.295144

-1.39062 0.295138
-1.38574 0.297136

-1.38574 0.29714
-1.38403 0.297852

-1.38405 0.297852
-1.38086 0.299179

-1.38086 0.299169
-1.37598 0.301233

-1.37598 0.301234
-1.37249 0.302734

-1.37252 0.302734
-1.37109 0.303348

-1.37109 0.303336
-1.36621 0.305464

-1.36621 0.305462
-1.36134 0.307617

-1.36145 0.307617
-1.36133 0.307669

-1.36133 0.307629
-1.35645 0.309819

-1.35645 0.309812
-1.35156 0.312034

-1.35156 0.31204
-1.35056 0.3125

-1.35158 0.3125
-1.35156 0.312506

-1.35057 0.3125
-1.34668 0.314292

-1.34668 0.314283
-1.3418 0.316558

-1.3418 0.316562
-1.34006 0.317383

-1.34007 0.317383
-1.33691 0.318872

-1.33691 0.318862
-1.33203 0.321191

-1.33203 0.321193
-1.32981 0.322266

-1.32983 0.322266
-1.32715 0.323557

-1.32715 0.323546
-1.32227 0.325924

-1.32227 0.325925
-1.31978 0.327148

-1.3198 0.327148
-1.31738 0.328337

-1.31738 0.328325
-1.3125 0.330749

-1.3125 0.33075
-1.30994 0.332031

-1.30996 0.332031
-1.30762 0.333206

-1.30762 0.333195
-1.30273 0.335661

-1.30273 0.335662
-1.30028 0.336914

-1.3003 0.336914
-1.29785 0.338158

-1.29785 0.338147
-1.29297 0.340652

-1.29297 0.340654
-1.29076 0.341797

-1.29077 0.341797
-1.28809 0.343186

-1.28809 0.343175
-1.2832 0.345716

-1.2832 0.345718
-1.28137 0.34668

-1.28138 0.34668
-1.27832 0.348282

-1.27832 0.348272
-1.27344 0.350845

-1.27344 0.350848
-1.27209 0.351562

-1.2721 0.351562
-1.26855 0.353441

-1.26855 0.353433
-1.26367 0.356034

-1.26367 0.35604
-1.26292 0.356445

-1.26292 0.356445
-1.25879 0.358658

-1.25879 0.358651
-1.25391 0.361279

-1.25396 0.361328
-1.25391 0.361358

-1.25391 0.361283
-1.25382 0.361328

-1.25382 0.361328
-1.24902 0.363925

-1.24902 0.363919
-1.2448 0.366211

-1.24483 0.366211
-1.24414 0.366588

-1.24414 0.366574
-1.23926 0.369237

-1.23926 0.369234
-1.23586 0.371094

-1.23588 0.371094
-1.23438 0.371919

-1.23438 0.371907
-1.22949 0.37459

-1.22949 0.37459
-1.22697 0.375977

-1.22699 0.375977
-1.22461 0.37729

-1.22461 0.37728
-1.21973 0.37998

-1.21973 0.379982
-1.21814 0.380859

-1.21816 0.380859
-1.21484 0.382695

-1.21484 0.382687
-1.20996 0.385402

-1.20996 0.385408
-1.20936 0.385742

-1.20936 0.385742
-1.20508 0.388132

-1.20508 0.388125
-1.2006 0.390625

-1.20064 0.390625
-1.2002 0.39087

-1.2002 0.390858
-1.19531 0.393594

-1.19531 0.39359
-1.19189 0.395508

-1.19192 0.395508
-1.19043 0.396343

-1.19043 0.396332
-1.18555 0.399081

-1.18555 0.39908
-1.18322 0.400391

-1.18324 0.400391
-1.18066 0.40184

-1.18066 0.401831
-1.17578 0.40459

-1.17578 0.404592
-1.17458 0.405273

-1.17459 0.405273
-1.1709 0.40736

-1.1709 0.407354
-1.16602 0.410122

-1.16602 0.410126
-1.16596 0.410156

-1.16606 0.410156
-1.16602 0.410179

-1.16596 0.410156
-1.16113 0.4129

-1.16113 0.412895
-1.15736 0.415039

-1.15739 0.415039
-1.15625 0.415685

-1.15625 0.415675
-1.15137 0.418459

-1.15137 0.418457
-1.1488 0.419922

-1.14881 0.419922
-1.14648 0.421252

-1.14648 0.421244
-1.1416 0.424037

-1.1416 0.424039
-1.14026 0.424805

-1.14027 0.424805
-1.13672 0.42684

-1.13672 0.426834
-1.13184 0.429636

-1.13184 0.42964
-1.13175 0.429688

-1.13187 0.429688
-1.13184 0.429706

-1.13175 0.429688
-1.12695 0.432447

-1.12695 0.432442
-1.12326 0.43457

-1.12328 0.43457
-1.12207 0.435264

-1.12207 0.435256
-1.11719 0.438073

-1.11719 0.438071
-1.11479 0.439453

-1.11481 0.439453
-1.1123 0.440898

-1.1123 0.440891
-1.10742 0.443718

-1.10742 0.44372
-1.10636 0.444336

-1.10636 0.444336
-1.10254 0.446554

-1.10254 0.446549
-1.09794 0.449219

-1.09796 0.449219
-1.09766 0.449395

-1.09766 0.449388
-1.09277 0.452229

-1.09277 0.452225
-1.08955 0.454102

-1.08957 0.454102
-1.08789 0.455079

-1.08789 0.455072
-1.08301 0.457923

-1.08301 0.457923
-1.08119 0.458984

-1.0812 0.458984
-1.07812 0.460783

-1.07812 0.460777
-1.07324 0.463637

-1.07324 0.463643
-1.07286 0.463867

-1.07286 0.463867
-1.06836 0.466508

-1.06836 0.466502
-1.06453 0.46875

-1.06455 0.46875
-1.06348 0.469381

-1.06348 0.469375
-1.05859 0.47225

-1.05859 0.472248
-1.05624 0.473633

-1.05625 0.473633
-1.05371 0.475132

-1.05371 0.475127
-1.04883 0.478011

-1.04883 0.478014
-1.04798 0.478516

-1.04798 0.478516
-1.04395 0.480903

-1.04395 0.480898
-1.03972 0.483398

-1.03974 0.483398
-1.03906 0.483799

-1.03906 0.483793
-1.03418 0.486691

-1.03418 0.486687
-1.0315 0.488281

-1.03151 0.488281
-1.0293 0.489594

-1.0293 0.489589
-1.02441 0.492494

-1.02441 0.492495
-1.02329 0.493164

-1.02329 0.493164
-1.01953 0.495405

-1.01953 0.495401
-1.01509 0.498047

-1.01511 0.498047
-1.01465 0.498319

-1.01465 0.498315
-1.00977 0.501231

-1.00977 0.501227
-1.00692 0.50293

-1.00693 0.50293
-1.00488 0.504152

-1.00488 0.504147
-1.0 0.507069

-1.0 0.50707
-0.998758 0.507812

-0.998763 0.507812
-0.995117 0.509996

-0.995117 0.509992
-0.990608 0.512695

-0.990624 0.512695
-0.990234 0.512925

-0.990234 0.512922
-0.985352 0.515853

-0.985352 0.515849
-0.982472 0.517578

-0.982483 0.517578
-0.980469 0.518788

-0.980469 0.518783
-0.975586 0.521719

-0.975586 0.52172
-0.974352 0.522461

-0.974357 0.522461
-0.970703 0.524659

-0.970703 0.524656
-0.966239 0.527344

-0.966253 0.527344
-0.96582 0.5276

-0.96582 0.527598
-0.960938 0.530541

-0.960938 0.530538
-0.958136 0.532227

-0.958146 0.532227
-0.956055 0.533488

-0.956055 0.533483
-0.951172 0.536431

-0.951172 0.536432
-0.950047 0.537109

-0.950053 0.537109
-0.946289 0.539382

-0.946289 0.539379
-0.941965 0.541992

-0.941979 0.541992
-0.941406 0.542334

-0.941406 0.542332
-0.936523 0.545286

-0.936523 0.545283
-0.933893 0.546875

-0.933902 0.546875
-0.931641 0.548244

-0.931641 0.54824
-0.926758 0.551199

-0.926758 0.551201
-0.925833 0.551758

-0.925839 0.551758
-0.921875 0.554161

-0.921875 0.554158
-0.917782 0.556641

-0.917796 0.556641
-0.916992 0.557124

-0.916992 0.557122
-0.912109 0.560087

-0.912109 0.560085
-0.909741 0.561523

-0.909749 0.561523
-0.907227 0.563056

-0.907227 0.563052
-0.902344 0.566023

-0.902344 0.566026
-0.90171 0.566406

-0.901717 0.566406
-0.897461 0.568997

-0.897461 0.568994
-0.893693 0.571289

-0.893704 0.571289
-0.892578 0.571972

-0.892578 0.57197
-0.887695 0.574948

-0.887695 0.574946
-0.885686 0.576172

-0.885692 0.576172
-0.882812 0.577929

-0.882812 0.577926
-0.87793 0.58091

-0.87793 0.580914
-0.877693 0.581055

-0.877696 0.581055
-0.873047 0.583898

-0.873047 0.583895
-0.86971 0.585938

-0.869719 0.585938
-0.868164 0.586888

-0.868164 0.586886
-0.863281 0.589878

-0.863281 0.589878
-0.861743 0.59082

-0.861748 0.59082
-0.858398 0.592875

-0.858398 0.592873
-0.853791 0.595703

-0.853794 0.595703
-0.853516 0.59587

-0.853516 0.595873
-0.848633 0.598877

