-1.62747 0.0
-1.62747 0.000610352

-1.62747 0.000610352
-1.62747 0.0012207

-1.62747 0.0012207
-1.62748 0.00183105

-1.62748 0.00183105
-1.62748 0.00244141

-1.62748 0.00244141
-1.62749 0.00305176

-1.62749 0.00305176
-1.6275 0.00366211

-1.6275 0.00366211
-1.62751 0.00427246

-1.62751 0.00427246
-1.62753 0.00488281

-1.62753 0.00488281
-1.62754 0.00549316

-1.62754 0.00549316
-1.62756 0.00610352

-1.62756 0.00610352
-1.62758 0.00671387

-1.62758 0.00671387
-1.6276 0.00732422

-1.6276 0.00732422
-1.62762 0.00793457

-1.62762 0.00793457
-1.62765 0.00854492

-1.62765 0.00854492
-1.62767 0.00915527

-1.62767 0.00915527
-1.6277 0.00976562

-1.6277 0.00976562
-1.62773 0.010376

-1.62773 0.010376
-1.62775 0.0109863

-1.62775 0.0109863
-1.62778 0.0115967

-1.62778 0.0115967
-1.62782 0.012207

-1.62782 0.012207
-1.62785 0.0128174

-1.62785 0.0128174
-1.62788 0.0134277

-1.62788 0.0134277
-1.62792 0.0140381

-1.62792 0.0140381
-1.62795 0.0146484

-1.62795 0.0146484
-1.62799 0.0152588

-1.62799 0.0152588
-1.62802 0.0158691

-1.62805 0.016436
-1.62805 0.0164795

-1.62805 0.0164795
-1.62809 0.0170898

-1.62805 0.016435
-1.62802 0.0158691

-1.62809 0.0170898
-1.62812 0.0177002

-1.62812 0.0177002
-1.62816 0.0183105

-1.62816 0.0183105
-1.62819 0.0189209

-1.62819 0.0189209
-1.62822 0.0195312

-1.62822 0.0195312
-1.62825 0.0201416

-1.62825 0.0201416
-1.62827 0.020752

-1.62827 0.020752
-1.62829 0.0213623

-1.62829 0.0213623
-1.62831 0.0219727

-1.62831 0.0219727
-1.62833 0.022583

-1.62833 0.022583
-1.62834 0.0231934

-1.62834 0.0231934
-1.62834 0.0238037

-1.62834 0.0238037
-1.62834 0.0244141

-1.62834 0.0244141
-1.62833 0.0250244

-1.62833 0.0250244
-1.62831 0.0256348

-1.62831 0.0256348
-1.62827 0.0262451

-1.62827 0.0262451
-1.62823 0.0268555

-1.62823 0.0268555
-1.62817 0.0274658

-1.62817 0.0274658
-1.62808 0.0280762

-1.62809 0.0280762
-1.62805 0.0282871

-1.62805 0.0282486
-1.62798 0.0286865

-1.62798 0.0286865
-1.62785 0.0292969

-1.62785 0.0292969
-1.62769 0.0299072

-1.62769 0.0299072
-1.62749 0.0305176

-1.62749 0.0305176
-1.62744 0.0306424

-1.62744 0.0306456
-1.62725 0.0311279

-1.62724 0.0311279
-1.62695 0.0317383

-1.62698 0.0317383
-1.62683 0.031985

-1.62683 0.0319448
-1.62659 0.0323486

-1.62659 0.0323486
-1.62622 0.032848

-1.62622 0.0328762
-1.62616 0.032959

-1.62615 0.032959
-1.62561 0.033567

-1.62561 0.0335361
-1.62558 0.0335693

-1.62561 0.0335693
-1.625 0.0341202

-1.625 0.0341179
-1.62492 0.0341797

-1.6249 0.0341797
-1.62439 0.0345605

-1.62439 0.0345605
-1.62402 0.03479

-1.62406 0.03479
-1.62378 0.0349652

-1.62378 0.0349424
-1.62317 0.0352597

-1.62317 0.0352574
-1.62284 0.0354004

-1.62287 0.0354004
-1.62256 0.0355354

-1.62256 0.0355189
-1.62195 0.0357375

-1.62195 0.0357408
-1.62134 0.0359261

-1.62134 0.0359248
-1.621 0.0360107

-1.62097 0.0360107
-1.62073 0.0360718

-1.62073 0.0360776
-1.62012 0.0362022

-1.62012 0.0361974
-1.61951 0.0362987

-1.61951 0.0363003
-1.6189 0.0363845

-1.6189 0.0363827
-1.61829 0.0364502

-1.61829 0.0364513
-1.61768 0.0365038

-1.61768 0.0365014
-1.61707 0.0365415

-1.61707 0.0365424
-1.61646 0.0365731

-1.61646 0.036572
-1.61584 0.0365938

-1.61584 0.0365944
-1.61523 0.0366077

-1.61536 0.0366211
-1.61523 0.0366238

-1.61523 0.0366061
-1.61462 0.036613

-1.61462 0.0366131
-1.61401 0.036615

-1.61401 0.0366144
-1.6134 0.0366103

-1.6134 0.0366109
-1.61279 0.0366026

-1.61462 0.0366211
-1.61401 0.036623

-1.61401 0.0366238
-1.6136 0.0366211

-1.61279 0.0366022
-1.61218 0.0365905

-1.61218 0.0365907
-1.61157 0.0365761

-1.61157 0.036576
-1.61096 0.0365589

-1.61096 0.036559
-1.61035 0.0365396

-1.61279 0.0366236
-1.61266 0.0366211

-1.61157 0.0366215
-1.61156 0.0366211

-1.61035 0.0365392
-1.60974 0.0365177

-1.60974 0.0365179
-1.60913 0.0364948

-1.60913 0.0364946
-1.60852 0.0364701

-1.60852 0.0364703
-1.60791 0.0364444

-1.60791 0.0364441
-1.6073 0.0364173

-1.6073 0.0364174
-1.60669 0.0363902

-1.60669 0.03639
-1.60608 0.0363623

-1.60608 0.0363624
-1.60547 0.0363342

-1.60547 0.036334
-1.60486 0.0363057

-1.60486 0.0363058
-1.60425 0.0362776

-1.60425 0.0362776
-1.60364 0.0362495

-1.60364 0.0362495
-1.60303 0.0362214

-1.60303 0.0362212
-1.60242 0.0361934

-1.60242 0.0361935
-1.60181 0.0361662

-1.60181 0.0361662
-1.6012 0.0361395

-1.6012 0.0361395
-1.60059 0.0361132

-1.60059 0.0361131
-1.59998 0.0360875

-1.59998 0.0360875
-1.59937 0.0360626

-1.59937 0.0360626
-1.59875 0.0360383

-1.59875 0.0360383
-1.59814 0.0360147

-1.59753 0.0359917
-1.59804 0.0360107

-1.59814 0.0360144
-1.59805 0.0360107

-1.59753 0.0359917
-1.59692 0.0359697

-1.59692 0.0359697
-1.59631 0.0359485

-1.59631 0.0359485
-1.5957 0.0359283

-1.5957 0.0359284
-1.59509 0.035909

-1.59509 0.035909
-1.59448 0.0358906

-1.59448 0.0358906
-1.59387 0.035873

-1.59387 0.035873
-1.59326 0.0358565

-1.59326 0.0358566
-1.59265 0.0358409

-1.59265 0.0358409
-1.59204 0.0358261

-1.59204 0.0358261
-1.59143 0.0358122

-1.59143 0.0358122
-1.59082 0.0357992

-1.59082 0.0357991
-1.59021 0.0357871

-1.59021 0.0357871
-1.5896 0.0357762

-1.5896 0.0357761
-1.58899 0.0357662

-1.58899 0.0357663
-1.58838 0.0357575

-1.58838 0.0357574
-1.58777 0.0357498

-1.58777 0.0357498
-1.58716 0.0357435

-1.58716 0.0357435
-1.58655 0.0357385

-1.58655 0.0357385
-1.58594 0.0357348

-1.58594 0.0357347
-1.58533 0.0357323

-1.58533 0.0357323
-1.58472 0.0357312

-1.58472 0.0357312
-1.58411 0.0357316

-1.58411 0.0357316
-1.5835 0.0357335

-1.5835 0.0357335
-1.58289 0.0357369

-1.58289 0.0357369
-1.58228 0.0357419

-1.58228 0.0357419
-1.58167 0.0357485

-1.58167 0.0357485
-1.58105 0.0357568

-1.58105 0.0357567
-1.58044 0.0357668

-1.58044 0.0357669
-1.57983 0.035779

-1.57983 0.035779
-1.57922 0.0357931

-1.57922 0.0357931
-1.57861 0.0358092

-1.57861 0.0358092
-1.578 0.0358274

-1.578 0.0358274
-1.57739 0.0358478

-1.57739 0.0358477
-1.57678 0.0358704

-1.57678 0.0358704
-1.57617 0.0358953

-1.57617 0.0358952
-1.57556 0.0359225

-1.57556 0.0359225
-1.57495 0.0359524

-1.57495 0.0359524
-1.57434 0.0359847

-1.57434 0.0359849
-1.57389 0.0360107

-1.57388 0.0360107
-1.57373 0.0360189

-1.57373 0.0360192
-1.57312 0.0360564

-1.57312 0.0360564
-1.57251 0.0360963

-1.57251 0.0360963
-1.5719 0.036139

-1.5719 0.036139
-1.57129 0.0361843

-1.57129 0.0361843
-1.57068 0.0362323

-1.57068 0.0362323
-1.57007 0.036283

-1.57007 0.0362829
-1.56946 0.0363363

-1.56946 0.0363363
-1.56885 0.0363924

-1.56885 0.0363925
-1.56824 0.0364513

-1.56824 0.0364513
-1.56763 0.0365125

-1.56763 0.0365124
-1.56702 0.0365763

-1.56702 0.0365763
-1.5666 0.0366211

-1.56661 0.0366211
-1.56641 0.0366436

-1.56641 0.0366426
-1.5658 0.0367107

-1.5658 0.0367108
-1.56519 0.0367811

-1.56519 0.0367811
-1.56458 0.0368538

-1.56458 0.0368538
-1.56396 0.036929

-1.56396 0.036929
-1.56335 0.0370065

-1.56335 0.0370065
-1.56274 0.0370863

-1.56274 0.0370864
-1.56213 0.0371684

-1.56213 0.0371686
-1.56168 0.0372314

-1.56167 0.0372314
-1.56152 0.0372522

-1.56152 0.0372524
-1.56091 0.037339

-1.56091 0.0373391
-1.5603 0.0374282

-1.5603 0.0374281
-1.55969 0.0375199

-1.55969 0.03752
-1.55908 0.0376146

-1.55908 0.0376146
-1.55847 0.0377121

-1.55847 0.037712
-1.55786 0.0378124

-1.55786 0.0378117
-1.55768 0.0378418

-1.55769 0.0378418
-1.55725 0.0379159

-1.55725 0.0379158
-1.55664 0.0380204

-1.55664 0.0380197
-1.55603 0.0381268

-1.55603 0.038127
-1.55542 0.0382374

-1.55542 0.0382374
-1.55481 0.038351

-1.55481 0.0383511
-1.55428 0.0384521

-1.55428 0.0384521
-1.5542 0.038467

-1.5542 0.0384676
-1.55359 0.0385875

-1.55359 0.0385876
-1.55298 0.0387109

-1.55298 0.0387108
-1.55237 0.0388375

-1.55237 0.0388375
-1.55176 0.0389679

-1.55176 0.0389675
-1.55132 0.0390625

-1.55133 0.0390625
-1.55115 0.0391027

-1.55115 0.0391022
-1.55054 0.0392383

-1.55054 0.0392378
-1.54993 0.0393765

-1.54993 0.0393766
-1.54932 0.0395188

-1.54932 0.039519
-1.54871 0.0396642

-1.54871 0.0396649
-1.54867 0.0396729

-1.54867 0.0396729
-1.5481 0.0398122

-1.5481 0.0398119
-1.54749 0.0399631

-1.54749 0.0399633
-1.54688 0.040118

-1.54688 0.0401175
-1.54626 0.0402761

-1.54626 0.0402764
-1.54624 0.0402832

-1.54624 0.0402832
-1.54565 0.0404384

-1.54565 0.0404372
-1.54504 0.0406

-1.54504 0.0406003
-1.54443 0.0407667

-1.54443 0.0407665
-1.54398 0.0408936

-1.54398 0.0408936
-1.54382 0.0409366

-1.54382 0.0409361
-1.54321 0.0411082

-1.54321 0.041108
-1.5426 0.0412833

-1.5426 0.0412832
-1.54199 0.0414621

-1.54199 0.0414613
-1.54185 0.0415039

-1.54185 0.0415039
-1.54138 0.0416446

-1.54138 0.0416443
-1.54077 0.0418282

-1.54077 0.0418283
-1.54016 0.0420143

-1.54016 0.0420146
-1.53984 0.0421143

-1.53984 0.0421143
-1.53955 0.0422019

-1.53955 0.0422018
-1.53894 0.0423919

-1.53894 0.042392
-1.53833 0.0425852

-1.53833 0.0425849
-1.53789 0.0427246

-1.5379 0.0427246
-1.53772 0.0427823

-1.53772 0.042782
-1.53711 0.0429783

-1.53711 0.0429772
-1.5365 0.0431747

-1.5365 0.0431752
-1.53601 0.043335

-1.53601 0.043335
-1.53589 0.0433749

-1.53589 0.0433748
-1.53528 0.0435777

-1.53528 0.0435779
-1.53467 0.0437839

-1.53467 0.0437831
-1.5342 0.0439453

-1.5342 0.0439453
-1.53406 0.0439948

-1.53406 0.043994
-1.53345 0.0442063

-1.53345 0.0442058
-1.53284 0.0444201

-1.53284 0.0444206
-1.53246 0.0445557

-1.53246 0.0445557
-1.53223 0.044637

-1.53223 0.0446369
-1.53162 0.044857

-1.53162 0.044857
-1.53101 0.0450812

-1.53101 0.0450808
-1.53078 0.045166

-1.53078 0.045166
-1.5304 0.0453094

-1.5304 0.0453091
-1.52979 0.0455379

-1.52979 0.0455372
-1.52917 0.0457686

-1.52917 0.0457696
-1.52916 0.0457764

-1.52916 0.0457764
-1.52856 0.0460036

-1.52856 0.0460028
-1.52795 0.0462416

-1.52795 0.0462417
-1.52759 0.0463867

-1.5276 0.0463867
-1.52734 0.0464868

-1.52734 0.0464847
-1.52673 0.0467296

-1.52673 0.0467297
-1.52612 0.0469777

-1.52612 0.0469771
-1.52607 0.0469971

-1.52608 0.0469971
-1.52551 0.0472287

-1.52551 0.0472286
-1.5249 0.0474825

-1.5249 0.047482
-1.5246 0.0476074

-1.52461 0.0476074
-1.52429 0.04774

-1.52429 0.0477396
-1.52368 0.0479972

-1.52368 0.0479965
-1.52316 0.0482178

-1.52316 0.0482178
-1.52307 0.0482562

-1.52307 0.0482561
-1.52246 0.0485169

-1.52246 0.0485159
-1.52185 0.0487799

-1.52185 0.04878
-1.52174 0.0488281

-1.52174 0.0488281
-1.52124 0.0490478

-1.52124 0.0490464
-1.52063 0.0493138

-1.52063 0.0493145
-1.52035 0.0494385

-1.52035 0.0494385
-1.52002 0.049584

-1.52002 0.0495835
-1.51941 0.0498566

-1.51941 0.0498564
-1.51898 0.0500488

-1.51899 0.0500488
-1.5188 0.0501353

-1.5188 0.0501331
-1.51819 0.0504104

-1.51819 0.0504107
-1.51764 0.0506592

-1.51764 0.0506592
-1.51758 0.0506893

-1.51758 0.0506889
-1.51697 0.0509701

-1.51697 0.0509702
-1.51636 0.0512548

-1.51636 0.0512537
-1.51632 0.0512695

-1.51633 0.0512695
-1.51575 0.0515425

-1.51575 0.0515425
-1.51514 0.0518321

-1.51514 0.0518309
-1.51503 0.0518799

-1.51504 0.0518799
-1.51453 0.0521244

-1.51453 0.0521241
-1.51392 0.0524207

-1.51392 0.0524208
-1.51377 0.0524902

-1.51378 0.0524902
-1.51331 0.0527208

-1.51331 0.0527206
-1.5127 0.0530199

-1.5127 0.0530187
-1.51253 0.0531006

-1.51253 0.0531006
-1.51208 0.0533204

-1.51208 0.0533204
-1.51147 0.053624

-1.51147 0.0536233
-1.5113 0.0537109

-1.5113 0.0537109
-1.51086 0.0539303

-1.51086 0.0539302
-1.51025 0.0542377

-1.51025 0.0542364
-1.51009 0.0543213

-1.51009 0.0543213
-1.50964 0.0545472

-1.50964 0.0545469
-1.50903 0.0548606

-1.50903 0.0548608
-1.5089 0.0549316

-1.5089 0.0549316
-1.50842 0.0551776

-1.50842 0.0551775
-1.50781 0.0554934

-1.50781 0.055492
-1.50772 0.055542

-1.50772 0.055542
-1.5072 0.0558101

-1.5072 0.0558102
-1.50659 0.0561303

-1.50659 0.0561293
-1.50655 0.0561523

-1.50655 0.0561523
-1.50598 0.0564527

-1.50598 0.0564529
-1.5054 0.0567627

-1.5054 0.0567627
-1.50537 0.0567765

-1.50537 0.056776
-1.50476 0.0571027

-1.50476 0.0571026
-1.50426 0.057373

-1.50427 0.057373
-1.50415 0.0574359

-1.50415 0.0574337
-1.50354 0.0577652

-1.50354 0.0577654
-1.50314 0.0579834

-1.50314 0.0579834
-1.50293 0.0580973

-1.50293 0.0580961
-1.50232 0.0584301

-1.50232 0.0584302
-1.50202 0.0585938

-1.50203 0.0585938
-1.50171 0.0587686

-1.50171 0.0587665
-1.5011 0.0591037

-1.5011 0.0591044
-1.50092 0.0592041

-1.50092 0.0592041
-1.50049 0.0594436

-1.50049 0.0594429
-1.49988 0.0597855

-1.49988 0.0597857
-1.49983 0.0598145

-1.49983 0.0598145
-1.49927 0.0601316

-1.49927 0.0601304
-1.49875 0.0604248

-1.49875 0.0604248
-1.49866 0.0604761

-1.49866 0.0604759
-1.49805 0.0608229

-1.49805 0.060822
-1.49767 0.0610352

-1.49768 0.0610352
-1.49744 0.0611723

-1.49744 0.0611721
-1.49683 0.0615225

-1.49683 0.0615213
-1.49661 0.0616455

-1.49661 0.0616455
-1.49622 0.0618742

-1.49622 0.061874
-1.49561 0.0622291

-1.49561 0.0622288
-1.49556 0.0622559

-1.49556 0.0622559
-1.495 0.0625867

-1.495 0.0625868
-1.49452 0.0628662

-1.49452 0.0628662
-1.49438 0.0629444

-1.49438 0.0629438
-1.49377 0.0633038

-1.49377 0.0633037
-1.49348 0.0634766

-1.49349 0.0634766
-1.49316 0.0636675

-1.49316 0.063665
-1.49255 0.0640269

-1.49255 0.0640278
-1.49245 0.0640869

-1.49245 0.0640869
-1.49194 0.0643916

-1.49194 0.0643911
-1.49143 0.0646973

-1.49144 0.0646973
-1.49133 0.0647596

-1.49133 0.0647594
-1.49072 0.0651268

-1.49072 0.0651253
-1.49042 0.0653076

-1.49042 0.0653076
-1.49011 0.0654938

-1.49011 0.0654937
-1.4895 0.0658637

-1.4895 0.0658635
-1.48941 0.065918

-1.48941 0.065918
-1.48889 0.0662353

-1.48889 0.0662354
-1.48841 0.0665283

-1.48841 0.0665283
-1.48828 0.066607

-1.48828 0.0666061
-1.48767 0.0669802

-1.48767 0.0669802
-1.48741 0.0671387

-1.48742 0.0671387
-1.48706 0.0673586

-1.48706 0.0673573
-1.48645 0.0677345

-1.48645 0.0677351
-1.48643 0.067749

-1.48643 0.067749
-1.48584 0.0681132

-1.48584 0.0681124
-1.48544 0.0683594

-1.48545 0.0683594
-1.48523 0.0684939

-1.48523 0.0684937
-1.48462 0.0688746

-1.48462 0.0688738
-1.48446 0.0689697

-1.48447 0.0689697
-1.48401 0.069256

-1.48401 0.069256
-1.48349 0.0695801

-1.4835 0.0695801
-1.4834 0.0696424

-1.4834 0.0696403
-1.48279 0.0700253

-1.48279 0.0700256
-1.48253 0.0701904

-1.48253 0.0701904
-1.48218 0.0704114

-1.48218 0.0704106
-1.48157 0.0707984

-1.48157 0.0707983
-1.48156 0.0708008

-1.48157 0.0708008
-1.48096 0.071188

-1.48096 0.071186
-1.4806 0.0714111

-1.4806 0.0714111
-1.48035 0.0715752

-1.48035 0.071575
-1.47974 0.0719665

-1.47974 0.0719671
-1.47965 0.0720215

-1.47965 0.0720215
-1.47913 0.0723601

-1.47913 0.0723601
-1.4787 0.0726318

-1.4787 0.0726318
-1.47852 0.0727528

-1.47852 0.072752
-1.47791 0.0731466

-1.47791 0.0731472
-1.47776 0.0732422

-1.47776 0.0732422
-1.47729 0.0735441

-1.47729 0.0735425
-1.47682 0.0738525

-1.47682 0.0738525
-1.47668 0.073939

-1.47668 0.0739393
-1.47607 0.0743381

-1.47607 0.0743381
-1.47588 0.0744629

-1.47588 0.0744629
-1.47546 0.0747389

-1.47546 0.0747388
-1.47495 0.0750732

-1.47496 0.0750732
-1.47485 0.0751388

-1.47485 0.075139
-1.47424 0.0755414

-1.47424 0.0755416
-1.47403 0.0756836

-1.47403 0.0756836
-1.47363 0.0759463

-1.47363 0.0759439
-1.4731 0.0762939

-1.47311 0.0762939
-1.47302 0.0763472

-1.47302 0.0763475
-1.47241 0.0767535

-1.47241 0.0767535
-1.47219 0.0769043

-1.47219 0.0769043
-1.4718 0.0771619

-1.4718 0.0771619
-1.47127 0.0775146

-1.47128 0.0775146
-1.47119 0.0775692

-1.47119 0.0775691
-1.47058 0.0779788

-1.47058 0.0779794
-1.47036 0.078125

-1.47037 0.078125
-1.46997 0.0783916

-1.46997 0.0783901
-1.46946 0.0787354

-1.46946 0.0787354
-1.46936 0.0788016

-1.46936 0.0788021
-1.46875 0.0792158

-1.46875 0.0792161
-1.46856 0.0793457

-1.46856 0.0793457
-1.46814 0.0796313

-1.46814 0.0796314
-1.46766 0.0799561

-1.46766 0.0799561
-1.46753 0.0800459

-1.46753 0.0800464
-1.46692 0.0804638

-1.46692 0.0804649
-1.46677 0.0805664

-1.46677 0.0805664
-1.46631 0.0808834

-1.46631 0.0808814
-1.46588 0.0811768

-1.46588 0.0811768
-1.4657 0.0812995

-1.4657 0.0813001
-1.46509 0.081721

-1.46509 0.0817216
-1.46499 0.0817871

-1.46499 0.0817871
-1.46448 0.0821439

-1.46448 0.0821439
-1.46411 0.0823975

-1.46411 0.0823975
-1.46387 0.0825659

-1.46387 0.0825657
-1.46326 0.0829898

-1.46326 0.0829899
-1.46323 0.0830078

-1.46323 0.0830078
-1.46265 0.083416

-1.46265 0.083415
-1.46235 0.0836182

-1.46236 0.0836182
-1.46204 0.0838408

-1.46204 0.0838408
-1.46148 0.0842285

-1.46149 0.0842285
-1.46143 0.0842698

-1.46143 0.0842684
-1.46082 0.0846967

-1.46082 0.084698
-1.46061 0.0848389

-1.46061 0.0848389
-1.46021 0.0851258

-1.46021 0.0851254
-1.45975 0.0854492

-1.45975 0.0854492
-1.45959 0.0855556

-1.45959 0.0855568
-1.45898 0.0859869

-1.45898 0.0859859
-1.45888 0.0860596

-1.45888 0.0860596
-1.45837 0.0864165

-1.45837 0.0864167
-1.45802 0.0866699

-1.45802 0.0866699
-1.45776 0.0868499

-1.45776 0.0868499
-1.45716 0.0872803

-1.45716 0.0872803
-1.45715 0.087284

-1.45715 0.0872838
-1.45654 0.0877187

-1.45654 0.0877191
-1.4563 0.0878906

-1.4563 0.0878906
-1.45593 0.088155

-1.45593 0.0881551
-1.45545 0.088501

-1.45545 0.088501
-1.45532 0.0885908

-1.45532 0.088591
-1.45471 0.0890293

-1.45471 0.0890301
-1.4546 0.0891113

-1.4546 0.0891113
-1.4541 0.0894701

-1.4541 0.0894692
-1.45375 0.0897217

-1.45375 0.0897217
-1.45349 0.0899087

-1.45349 0.0899094
-1.45291 0.090332

-1.45291 0.090332
-1.45288 0.0903525

-1.45288 0.090351
-1.45227 0.0907933

-1.45227 0.090795
-1.45206 0.0909424

-1.45207 0.0909424
-1.45166 0.0912363

-1.45166 0.0912356
-1.45122 0.0915527

-1.45123 0.0915527
-1.45105 0.0916795

-1.45105 0.0916806
-1.45044 0.0921258

-1.45044 0.0921256
-1.45039 0.0921631

-1.45039 0.0921631
-1.44983 0.0925714

-1.44983 0.0925722
-1.44955 0.0927734

-1.44956 0.0927734
-1.44922 0.0930191

-1.44922 0.0930176
-1.44872 0.0933838

-1.44872 0.0933838
-1.44861 0.0934642

-1.44861 0.0934645
-1.448 0.0939132

-1.448 0.0939136
-1.44789 0.0939941

-1.44789 0.0939941
-1.44739 0.0943632

-1.44739 0.0943636
-1.44706 0.0946045

-1.44706 0.0946045
-1.44678 0.0948123

-1.44678 0.0948126
-1.44623 0.0952148

-1.44624 0.0952148
-1.44617 0.0952648

-1.44617 0.0952644
-1.44556 0.095716

-1.44556 0.0957162
-1.44541 0.0958252

-1.44541 0.0958252
-1.44495 0.0961677

-1.44495 0.0961679
-1.44459 0.0964355

-1.44459 0.0964355
-1.44434 0.0966208

-1.44434 0.0966209
-1.44376 0.0970459

-1.44376 0.0970459
-1.44373 0.0970748

-1.44373 0.0970747
-1.44312 0.0975296

-1.44312 0.0975304
-1.44294 0.0976562

-1.44295 0.0976562
-1.4425 0.0979856

-1.4425 0.0979857
-1.44213 0.0982666

-1.44213 0.0982666
-1.44189 0.0984398

-1.44189 0.0984409
-1.44131 0.098877

-1.44132 0.098877
-1.44128 0.0988999

-1.44128 0.0988985
-1.44067 0.0993568

-1.44067 0.0993579
-1.4405 0.0994873

-1.4405 0.0994873
-1.44006 0.0998155

-1.44006 0.0998156
-1.43969 0.100098

-1.43969 0.100098
-1.43945 0.100274

-1.43945 0.100274
-1.43888 0.100708

-1.43888 0.100708
-1.43884 0.100733

-1.43884 0.100733
-1.43823 0.101194

-1.43823 0.101194
-1.43807 0.101318

-1.43807 0.101318
-1.43762 0.101655

-1.43762 0.101656
-1.43726 0.101929

-1.43726 0.101929
-1.43701 0.102115

-1.43701 0.102116
-1.43645 0.102539

-1.43646 0.102539
-1.4364 0.10258

-1.4364 0.102579
-1.43579 0.103042

-1.43579 0.103042
-1.43565 0.103149

-1.43565 0.103149
-1.43518 0.103506

-1.43518 0.103506
-1.43485 0.10376

-1.43485 0.10376
-1.43457 0.10397

-1.43457 0.103971
-1.43405 0.10437

-1.43405 0.10437
-1.43396 0.104436

-1.43396 0.104436
-1.43335 0.104902

-1.43335 0.104902
-1.43325 0.10498

-1.43325 0.10498
-1.43274 0.105369

-1.43274 0.105371
-1.43245 0.105591

-1.43245 0.105591
-1.43213 0.105836

-1.43213 0.105836
-1.43165 0.106201

-1.43166 0.106201
-1.43152 0.106305

-1.43152 0.106305
-1.43091 0.106774

-1.43091 0.106774
-1.43086 0.106812

-1.43086 0.106812
-1.4303 0.107244

-1.4303 0.107245
-1.43006 0.107422

-1.43007 0.107422
-1.42969 0.107714

-1.42969 0.107713
-1.42927 0.108032

-1.42928 0.108032
-1.42908 0.108183

-1.42908 0.108184
-1.42848 0.108643

-1.42848 0.108643
-1.42847 0.108656

-1.42847 0.108655
-1.42786 0.109127

-1.42786 0.109128
-1.42769 0.109253

-1.42769 0.109253
-1.42725 0.1096

-1.42725 0.1096
-1.4269 0.109863

-1.42691 0.109863
-1.42664 0.110071

-1.42664 0.110073
-1.42612 0.110474

-1.42612 0.110474
-1.42603 0.110546

-1.42603 0.110546
-1.42542 0.11102

-1.42542 0.111019
-1.42533 0.111084

-1.42533 0.111084
-1.4248 0.111494

-1.4248 0.111496
-1.42454 0.111694

-1.42455 0.111694
-1.42419 0.111968

-1.42419 0.111968
-1.42376 0.112305

-1.42376 0.112305
-1.42358 0.112443

-1.42358 0.112444
-1.42298 0.112915

-1.42298 0.112915
-1.42297 0.11292

-1.42297 0.11292
-1.42236 0.113396

-1.42236 0.113397
-1.4222 0.113525

-1.4222 0.113525
-1.42175 0.113874

-1.42175 0.113875
-1.42142 0.114136

-1.42142 0.114136
-1.42114 0.11435

-1.42114 0.114352
-1.42064 0.114746

-1.42064 0.114746
-1.42053 0.114832

-1.42053 0.114831
-1.41992 0.11531

-1.41992 0.11531
-1.41986 0.115356

-1.41986 0.115356
-1.41931 0.115789

-1.41931 0.11579
-1.41908 0.115967

-1.41909 0.115967
-1.4187 0.116269

-1.4187 0.116269
-1.41831 0.116577

-1.41831 0.116577
-1.41809 0.116748

-1.41809 0.116749
-1.41753 0.117188

-1.41754 0.117188
-1.41748 0.117232

-1.41748 0.11723
-1.41687 0.117712

-1.41687 0.117712
-1.41676 0.117798

-1.41676 0.117798
-1.41626 0.118194

-1.41626 0.118196
-1.41599 0.118408

-1.41599 0.118408
-1.41565 0.118677

-1.41565 0.118678
-1.41522 0.119019

-1.41522 0.119019
-1.41504 0.11916

-1.41504 0.119161
-1.41445 0.119629

-1.41445 0.119629
-1.41443 0.119648

-1.41443 0.119645
-1.41382 0.120129

-1.41382 0.12013
-1.41368 0.120239

-1.41368 0.120239
-1.41321 0.120615

-1.41321 0.120617
-1.41291 0.12085

-1.41292 0.12085
-1.4126 0.121099

-1.4126 0.121101
-1.41215 0.12146

-1.41215 0.12146
-1.41199 0.121587

-1.41199 0.121587
-1.41138 0.12207

-1.41138 0.12207
-1.41138 0.122075

-1.41138 0.122074
-1.41077 0.122562

-1.41077 0.122563
-1.41062 0.122681

-1.41062 0.122681
-1.41016 0.12305

-1.41016 0.123052
-1.40985 0.123291

-1.40986 0.123291
-1.40955 0.123538

-1.40955 0.123539
-1.40909 0.123901

-1.4091 0.123901
-1.40894 0.124028

-1.40894 0.124029
-1.40833 0.124512

-1.40834 0.124512
-1.40833 0.124523

-1.40833 0.124519
-1.40771 0.12501

-1.40771 0.12501
-1.40757 0.125122

-1.40758 0.125122
-1.4071 0.125501

-1.4071 0.125503
-1.40681 0.125732

-1.40682 0.125732
-1.40649 0.125991

-1.40649 0.125992
-1.40606 0.126343

-1.40606 0.126343
-1.40588 0.126483

-1.40588 0.126484
-1.4053 0.126953

-1.4053 0.126953
-1.40527 0.126978

-1.40527 0.126977
-1.40466 0.12747

-1.40466 0.12747
-1.40455 0.127563

-1.40455 0.127563
-1.40405 0.127963

-1.40405 0.127964
-1.40379 0.128174

-1.40379 0.128174
-1.40344 0.128456

-1.40344 0.128458
-1.40304 0.128784

-1.40304 0.128784
-1.40283 0.128951

-1.40283 0.128952
-1.40229 0.129395

-1.40229 0.129395
-1.40222 0.12945

-1.40222 0.129447
-1.40161 0.129943

-1.40161 0.129944
-1.40154 0.130005

-1.40154 0.130005
-1.401 0.130439

-1.401 0.130439
-1.40078 0.130615

-1.40079 0.130615
-1.40039 0.130935

-1.40039 0.130936
-1.40003 0.131226

-1.40004 0.131226
-1.39978 0.13143

-1.39978 0.131432
-1.39928 0.131836

-1.39929 0.131836
-1.39917 0.131929

-1.39917 0.131929
-1.39856 0.132427

-1.39856 0.132427
-1.39854 0.132446

-1.39854 0.132446
-1.39795 0.132925

-1.39795 0.132926
-1.39779 0.133057

-1.39779 0.133057
-1.39734 0.133425

-1.39734 0.133427
-1.39704 0.133667

-1.39705 0.133667
-1.39673 0.133922

-1.39673 0.133924
-1.3963 0.134277

-1.3963 0.134277
-1.39612 0.134425

-1.39612 0.134424
-1.39555 0.134888

-1.39555 0.134888
-1.39551 0.134924

-1.39551 0.134926
-1.3949 0.135426

-1.3949 0.135423
-1.39481 0.135498

-1.39481 0.135498
-1.39429 0.135927

-1.39429 0.135928
-1.39407 0.136108

-1.39407 0.136108
-1.39368 0.136428

-1.39368 0.13643
-1.39332 0.136719

-1.39333 0.136719
-1.39307 0.13693

-1.39307 0.136931
-1.39258 0.137329

-1.39258 0.137329
-1.39246 0.137434

-1.39246 0.137434
-1.39185 0.137937

-1.39185 0.137937
-1.39184 0.137939

-1.39184 0.137939
-1.39124 0.138441

-1.39124 0.138442
-1.3911 0.13855

-1.3911 0.13855
-1.39062 0.138946

-1.39062 0.138947
-1.39036 0.13916

-1.39037 0.13916
-1.39001 0.139449

-1.39001 0.139452
-1.38963 0.139771

-1.38963 0.139771
-1.3894 0.139955

-1.3894 0.139956
-1.38889 0.140381

-1.3889 0.140381
-1.38879 0.140464

-1.38879 0.140461
-1.38818 0.140968

-1.38818 0.14097
-1.38816 0.140991

-1.38816 0.140991
-1.38757 0.141475

-1.38757 0.141473
-1.38742 0.141602

-1.38742 0.141602
-1.38696 0.141982

-1.38696 0.141984
-1.38668 0.142212

-1.38669 0.142212
-1.38635 0.142488

-1.38635 0.142491
-1.38595 0.142822

-1.38595 0.142822
-1.38574 0.142997

-1.38574 0.142998
-1.38522 0.143433

-1.38522 0.143433
-1.38513 0.143507

-1.38513 0.143507
-1.38452 0.144016

-1.38452 0.144016
-1.38449 0.144043

-1.38449 0.144043
-1.38391 0.144526

-1.38391 0.144527
-1.38376 0.144653

-1.38376 0.144653
-1.3833 0.145036

-1.3833 0.145038
-1.38303 0.145264

-1.38303 0.145264
-1.38269 0.145545

-1.38269 0.145549
-1.3823 0.145874

-1.3823 0.145874
-1.38208 0.146058

-1.38208 0.146059
-1.38157 0.146484

-1.38158 0.146484
-1.38147 0.146573

-1.38147 0.14657
-1.38086 0.147082

-1.38086 0.147086
-1.38085 0.147095

-1.38085 0.147095
-1.38025 0.147596

-1.38025 0.147593
-1.38012 0.147705

-1.38012 0.147705
-1.37964 0.148108

-1.37964 0.148109
-1.37939 0.148315

-1.37939 0.148315
-1.37903 0.148619

-1.37903 0.148623
-1.37866 0.148926

-1.37867 0.148926
-1.37842 0.149134

-1.37842 0.149135
-1.37794 0.149536

-1.37794 0.149536
-1.37781 0.149649

-1.37781 0.149649
-1.37722 0.150146

-1.37722 0.150146
-1.3772 0.150164

-1.3772 0.150164
-1.37659 0.150679

-1.37659 0.150679
-1.37649 0.150757

-1.37649 0.150757
-1.37598 0.151194

-1.37598 0.151194
-1.37577 0.151367

-1.37577 0.151367
-1.37537 0.151709

-1.37537 0.151712
-1.37505 0.151978

-1.37505 0.151978
-1.37476 0.152224

-1.37476 0.152226
-1.37433 0.152588

-1.37433 0.152588
-1.37415 0.152743

-1.37415 0.152741
-1.37361 0.153198

-1.3736 0.153198
-1.37354 0.153256

-1.37354 0.153259
-1.37292 0.153777

-1.37292 0.153772
-1.37288 0.153809

-1.37289 0.153809
-1.37231 0.154293

-1.37231 0.154295
-1.37217 0.154419

-1.37217 0.154419
-1.3717 0.154812

-1.3717 0.154812
-1.37145 0.155029

-1.37145 0.155029
-1.37109 0.155328

-1.37109 0.155332
-1.37073 0.15564

-1.37073 0.15564
-1.37048 0.155848

-1.37048 0.155849
-1.37001 0.15625

-1.37001 0.15625
-1.36987 0.156369

-1.36987 0.156369
-1.3693 0.15686

-1.3693 0.15686
-1.36926 0.156889

-1.36926 0.156889
-1.36865 0.157409

-1.36865 0.157409
-1.36858 0.157471

-1.36858 0.157471
-1.36804 0.15793

-1.36804 0.15793
-1.36786 0.158081

-1.36787 0.158081
-1.36743 0.15845

-1.36743 0.158452
-1.36715 0.158691

-1.36715 0.158691
-1.36682 0.158971

-1.36682 0.158974
-1.36643 0.159302

-1.36644 0.159302
-1.36621 0.159494

-1.36621 0.159495
-1.36572 0.159912

-1.36573 0.159912
-1.3656 0.160021

-1.3656 0.160017
-1.36501 0.160522

-1.36501 0.160522
-1.36499 0.160536

-1.36499 0.160541
-1.36438 0.161064

-1.36438 0.16106
-1.36429 0.161133

-1.3643 0.161133
-1.36377 0.161587

-1.36377 0.161589
-1.36359 0.161743

-1.36359 0.161743
-1.36316 0.162112

-1.36316 0.162113
-1.36288 0.162354

-1.36288 0.162354
-1.36255 0.162634

-1.36255 0.162638
-1.36217 0.162964

-1.36217 0.162964
-1.36194 0.16316

-1.36194 0.163161
-1.36146 0.163574

-1.36146 0.163574
-1.36133 0.163688

-1.36133 0.163687
-1.36075 0.164185

-1.36075 0.164185
-1.36072 0.164213

-1.36072 0.164213
-1.36011 0.16474

-1.36011 0.16474
-1.36004 0.164795

-1.36004 0.164795
-1.3595 0.165267

-1.3595 0.165267
-1.35934 0.165405

-1.35934 0.165405
-1.35889 0.165794

-1.35889 0.165795
-1.35863 0.166016

-1.35863 0.166016
-1.35828 0.16632

-1.35828 0.166325
-1.35792 0.166626

-1.35793 0.166626
-1.35767 0.16685

-1.35767 0.166852
-1.35722 0.167236

-1.35723 0.167236
-1.35706 0.167383

-1.35706 0.16738
-1.35652 0.167847

-1.35651 0.167847
-1.35645 0.167906

-1.35645 0.16791
-1.35583 0.168441

-1.35583 0.168437
-1.35581 0.168457

-1.35581 0.168457
-1.35522 0.16897

-1.35522 0.168973
-1.35512 0.169067

-1.35511 0.169067
-1.35461 0.169502

-1.35461 0.1695
-1.35441 0.169678

-1.35441 0.169678
-1.354 0.170032

-1.354 0.170035
-1.35371 0.170288

-1.35371 0.170288
-1.35339 0.170564

-1.35339 0.170568
-1.35301 0.170898

-1.35301 0.170898
-1.35278 0.171098

-1.35278 0.171099
-1.35231 0.171509

-1.35231 0.171509
-1.35217 0.171631

-1.35217 0.171631
-1.35162 0.172119

-1.35162 0.172119
-1.35156 0.172165

-1.35156 0.172165
-1.35095 0.172699

-1.35095 0.172699
-1.35092 0.172729

-1.35092 0.172729
-1.35034 0.173234

-1.35034 0.173234
-1.35022 0.17334

-1.35022 0.17334
-1.34973 0.173768

-1.34973 0.173769
-1.34952 0.17395

-1.34953 0.17395
-1.34912 0.174302

-1.34912 0.174305
-1.34883 0.174561

-1.34883 0.174561
-1.34851 0.174839

-1.34851 0.174842
-1.34813 0.175171

-1.34813 0.175171
-1.3479 0.175374

-1.3479 0.175376
-1.34744 0.175781

-1.34744 0.175781
-1.34729 0.175913

-1.34729 0.175909
-1.34674 0.176392

-1.34674 0.176392
-1.34668 0.176441

-1.34668 0.176447
-1.34607 0.176984

-1.34607 0.17698
-1.34604 0.177002

-1.34605 0.177002
-1.34546 0.177519

-1.34546 0.177522
-1.34536 0.177612

-1.34535 0.177612
-1.34485 0.178056

-1.34485 0.178053
-1.34465 0.178223

-1.34466 0.178223
-1.34424 0.178592

-1.34424 0.178595
-1.34397 0.178833

-1.34397 0.178833
-1.34363 0.179129

-1.34363 0.179133
-1.34327 0.179443

-1.34327 0.179443
-1.34302 0.179666

-1.34302 0.179668
-1.34258 0.180054

-1.34258 0.180054
-1.34241 0.180204

-1.34241 0.180205
-1.34189 0.180664

-1.34189 0.180664
-1.3418 0.180745

-1.3418 0.180743
-1.34119 0.181274

-1.34119 0.181274
-1.34119 0.181281

-1.34119 0.181282
-1.34058 0.18182

-1.34058 0.18182
-1.3405 0.181885

-1.3405 0.181885
-1.33997 0.182358

-1.33997 0.182359
-1.33981 0.182495

-1.33981 0.182495
-1.33936 0.182897

-1.33936 0.182898
-1.33912 0.183105

-1.33912 0.183105
-1.33875 0.183434

-1.33875 0.183438
-1.33843 0.183716

-1.33843 0.183716
-1.33813 0.183975

-1.33813 0.183978
-1.33774 0.184326

-1.33774 0.184326
-1.33752 0.184518

-1.33752 0.184516
-1.33705 0.184937

-1.33705 0.184937
-1.33691 0.185053

-1.33691 0.185056
-1.33636 0.185547

-1.33636 0.185547
-1.3363 0.185599

-1.3363 0.185595
-1.33569 0.186136

-1.33569 0.186141
-1.33567 0.186157

-1.33567 0.186157
-1.33508 0.186678

-1.33508 0.186674
-1.33498 0.186768

-1.33498 0.186768
-1.33447 0.187217

-1.33447 0.18722
-1.33429 0.187378

-1.33429 0.187378
-1.33386 0.187758

-1.33386 0.187758
-1.3336 0.187988

-1.33361 0.187988
-1.33325 0.188298

-1.33325 0.188302
-1.33291 0.188599

-1.33292 0.188599
-1.33264 0.188841

-1.33264 0.188844
-1.33223 0.189209

-1.33223 0.189209
-1.33203 0.189384

-1.33203 0.189385
-1.33154 0.189819

-1.33154 0.189819
-1.33142 0.189927

-1.33142 0.189927
-1.33085 0.19043

-1.33086 0.19043
-1.33081 0.190471

-1.33081 0.190469
-1.3302 0.191012

-1.3302 0.191012
-1.33017 0.19104

-1.33017 0.19104
-1.32959 0.191555

-1.32959 0.191555
-1.32948 0.19165

-1.32948 0.19165
-1.32898 0.192098

-1.32898 0.192099
-1.3288 0.192261

-1.3288 0.192261
-1.32837 0.19264

-1.32837 0.192642
-1.32811 0.192871

-1.32811 0.192871
-1.32776 0.193182

-1.32776 0.193186
-1.32742 0.193481

-1.32743 0.193481
-1.32715 0.193726

-1.32715 0.19373
-1.32674 0.194092

-1.32674 0.194092
-1.32654 0.194275

-1.32654 0.194273
-1.32606 0.194702

-1.32605 0.194702
-1.32593 0.194813

-1.32593 0.194817
-1.32537 0.195312

-1.32537 0.195312
-1.32532 0.195364

-1.32532 0.19536
-1.32471 0.195905

-1.32471 0.195911
-1.32469 0.195923

-1.32469 0.195923
-1.3241 0.196453

-1.3241 0.196449
-1.324 0.196533

-1.32401 0.196533
-1.32349 0.196996

-1.32349 0.196999
-1.32332 0.197144

-1.32332 0.197144
-1.32288 0.19754

-1.32288 0.197539
-1.32263 0.197754

-1.32264 0.197754
-1.32227 0.198086

-1.32227 0.19809
-1.32196 0.198364

-1.32196 0.198364
-1.32166 0.198634

-1.32166 0.198637
-1.32127 0.198975

-1.32128 0.198975
-1.32104 0.199179

-1.32104 0.199181
-1.32059 0.199585

-1.32059 0.199585
-1.32043 0.199726

-1.32043 0.199726
-1.31991 0.200195

-1.31991 0.200195
-1.31982 0.200275

-1.31982 0.200274
-1.31923 0.200806

-1.31923 0.200806
-1.31921 0.200822

-1.31921 0.200822
-1.3186 0.201369

-1.3186 0.201369
-1.31855 0.201416

-1.31855 0.201416
-1.31799 0.201917

-1.31799 0.201917
-1.31787 0.202026

-1.31787 0.202026
-1.31738 0.202465

-1.31738 0.202466
-1.31719 0.202637

-1.31719 0.202637
-1.31677 0.203013

-1.31677 0.203015
-1.31651 0.203247

-1.31652 0.203247
-1.31616 0.203561

-1.31616 0.203565
-1.31583 0.203857

-1.31584 0.203857
-1.31555 0.204113

-1.31555 0.204115
-1.31515 0.204468

-1.31516 0.204468
-1.31494 0.204659

-1.31494 0.204663
-1.31448 0.205078

-1.31448 0.205078
-1.31433 0.205215

-1.31433 0.205211
-1.3138 0.205688

-1.3138 0.205688
-1.31372 0.205757

-1.31372 0.205762
-1.31312 0.206299

-1.31313 0.206299
-1.31311 0.206313

-1.31311 0.206311
-1.3125 0.206861

-1.3125 0.206865
-1.31245 0.206909

-1.31245 0.206909
-1.31189 0.207412

-1.31189 0.207409
-1.31177 0.20752

-1.31177 0.20752
-1.31128 0.207962

-1.31128 0.207966
-1.3111 0.20813

-1.3111 0.20813
-1.31067 0.208512

-1.31067 0.208512
-1.31041 0.20874

-1.31042 0.20874
-1.31006 0.209062

-1.31006 0.209066
-1.30974 0.209351

-1.30974 0.209351
-1.30945 0.209614

-1.30945 0.209617
-1.30906 0.209961

-1.30907 0.209961
-1.30884 0.210166

-1.30884 0.210167
-1.30839 0.210571

-1.30839 0.210571
-1.30823 0.210717

-1.30823 0.210717
-1.30771 0.211182

-1.30771 0.211182
-1.30762 0.211268

-1.30762 0.211269
-1.30704 0.211792

-1.30704 0.211792
-1.30701 0.21182

-1.30701 0.211821
-1.3064 0.212371

-1.3064 0.212371
-1.30636 0.212402

-1.30636 0.212402
-1.30579 0.212922

-1.30579 0.212922
-1.30569 0.213013

-1.30569 0.213013
-1.30518 0.213473

-1.30518 0.213474
-1.30501 0.213623

-1.30501 0.213623
-1.30457 0.214024

-1.30457 0.214026
-1.30433 0.214233

-1.30434 0.214233
-1.30396 0.214575

-1.30396 0.214578
-1.30366 0.214844

-1.30366 0.214844
-1.30334 0.215127

-1.30334 0.215129
-1.30298 0.215454

-1.30298 0.215454
-1.30273 0.215677

-1.30273 0.215681
-1.30231 0.216064

-1.30231 0.216064
-1.30212 0.216234

-1.30212 0.216231
-1.30163 0.216675

-1.30163 0.216675
-1.30151 0.216778

-1.30151 0.216782
-1.30096 0.217285

-1.30096 0.217285
-1.3009 0.217336

-1.3009 0.217332
-1.30029 0.217884

-1.30029 0.21789
-1.30029 0.217896

-1.30028 0.217896
-1.29968 0.218438

-1.29968 0.218435
-1.2996 0.218506

-1.29961 0.218506
-1.29907 0.218987

-1.29907 0.218991
-1.29893 0.219116

-1.29893 0.219116
-1.29846 0.219538

-1.29846 0.219535
-1.29825 0.219727

-1.29826 0.219727
-1.29785 0.22009

-1.29785 0.220094
-1.29758 0.220337

-1.29758 0.220337
-1.29724 0.220642

-1.29724 0.220645
-1.2969 0.220947

-1.29691 0.220947
-1.29663 0.221193

-1.29663 0.221196
-1.29623 0.221558

-1.29623 0.221558
-1.29602 0.221745

-1.29602 0.221746
-1.29555 0.222168

-1.29556 0.222168
-1.29541 0.222299

-1.29541 0.222298
-1.29488 0.222778

-1.29488 0.222778
-1.2948 0.222851

-1.2948 0.222851
-1.29421 0.223389

-1.29421 0.223389
-1.29419 0.223403

-1.29419 0.223403
-1.29358 0.223955

-1.29358 0.223955
-1.29353 0.223999

-1.29353 0.223999
-1.29297 0.224507

-1.29297 0.224507
-1.29286 0.224609

-1.29286 0.224609
-1.29236 0.225059

-1.29236 0.22506
-1.29218 0.22522

-1.29218 0.22522
-1.29175 0.225611

-1.29175 0.225613
-1.29151 0.22583

-1.29151 0.22583
-1.29114 0.226163

-1.29114 0.226166
-1.29083 0.22644

-1.29083 0.22644
-1.29053 0.226715

-1.29053 0.226719
-1.29016 0.227051

-1.29016 0.227051
-1.28992 0.227271

-1.28992 0.227271
-1.28948 0.227661

-1.28948 0.227661
-1.28931 0.227819

-1.28931 0.227823
-1.28881 0.228271

-1.28881 0.228271
-1.2887 0.228377

-1.2887 0.228374
-1.28813 0.228882

-1.28813 0.228882
-1.28809 0.228923

-1.28809 0.228928
-1.28748 0.22948

-1.28748 0.229478
-1.28746 0.229492

-1.28746 0.229492
-1.28687 0.230032

-1.28687 0.230036
-1.28679 0.230103

-1.28679 0.230103
-1.28625 0.230585

-1.28625 0.230582
-1.28611 0.230713

-1.28611 0.230713
-1.28564 0.231136

-1.28564 0.23114
-1.28544 0.231323

-1.28544 0.231323
-1.28503 0.231687

-1.28503 0.231688
-1.28476 0.231934

-1.28477 0.231934
-1.28442 0.23224

-1.28442 0.232243
-1.28409 0.232544

-1.28409 0.232544
-1.28381 0.232793

-1.28381 0.232796
-1.28341 0.233154

-1.28342 0.233154
-1.2832 0.233345

-1.2832 0.233348
-1.28274 0.233765

-1.28274 0.233765
-1.28259 0.233899

-1.28259 0.233899
-1.28207 0.234375

-1.28207 0.234375
-1.28198 0.234454

-1.28198 0.234451
-1.28139 0.234985

-1.28139 0.234985
-1.28137 0.235003

-1.28137 0.235003
-1.28076 0.235556

-1.28076 0.235556
-1.28072 0.235596

-1.28072 0.235596
-1.28015 0.236109

-1.28015 0.236109
-1.28004 0.236206

-1.28004 0.236206
-1.27954 0.23666

-1.27954 0.23666
-1.27937 0.236816

-1.27937 0.236816
-1.27893 0.23721

-1.27893 0.237213
-1.27869 0.237427

-1.2787 0.237427
-1.27832 0.237762

-1.27832 0.237766
-1.27802 0.238037

-1.27802 0.238037
-1.27771 0.238317

-1.27771 0.238319
-1.27734 0.238647

-1.27734 0.238647
-1.2771 0.238868

-1.2771 0.238872
-1.27667 0.239258

-1.27667 0.239258
-1.27649 0.239424

-1.27649 0.239421
-1.27599 0.239868

-1.27599 0.239868
-1.27588 0.239969

-1.27588 0.239975
-1.27532 0.240479

-1.27532 0.240479
-1.27527 0.240529

-1.27527 0.240526
-1.27466 0.241078

-1.27466 0.241081
-1.27465 0.241089

-1.27465 0.241089
-1.27405 0.24163

-1.27405 0.241627
-1.27397 0.241699

-1.27397 0.241699
-1.27344 0.242183

-1.27344 0.242189
-1.2733 0.24231

-1.2733 0.24231
-1.27283 0.242736

-1.27283 0.242734
-1.27262 0.24292

-1.27263 0.24292
-1.27222 0.243284

-1.27222 0.243288
-1.27195 0.24353

-1.27195 0.24353
-1.27161 0.243837

-1.27161 0.243838
-1.27127 0.244141

-1.27127 0.244141
-1.271 0.244392

-1.271 0.244394
-1.2706 0.244751

-1.2706 0.244751
-1.27039 0.244944

-1.27039 0.244946
-1.26992 0.245361

-1.26992 0.245361
-1.26978 0.245496

-1.26978 0.245496
-1.26925 0.245972

-1.26925 0.245972
-1.26917 0.246048

-1.26917 0.246048
-1.26857 0.246582

-1.26858 0.246582
-1.26855 0.246601

-1.26855 0.2466
-1.26794 0.247153

-1.26794 0.247153
-1.2679 0.247192

-1.2679 0.247192
-1.26733 0.247705

-1.26733 0.247705
-1.26723 0.247803

-1.26723 0.247803
-1.26672 0.248257

-1.26672 0.248257
-1.26655 0.248413

-1.26655 0.248413
-1.26611 0.248807

-1.26611 0.24881
-1.26588 0.249023

-1.26588 0.249023
-1.2655 0.249359

-1.2655 0.249362
-1.2652 0.249634

-1.2652 0.249634
-1.26489 0.249911

-1.26489 0.249915
-1.26452 0.250244

-1.26453 0.250244
-1.26428 0.250466

-1.26428 0.250466
-1.26385 0.250854

-1.26385 0.250854
-1.26367 0.251013

-1.26367 0.251018
-1.26318 0.251465

-1.26318 0.251465
-1.26306 0.251571

-1.26306 0.251568
-1.2625 0.252075

-1.2625 0.252075
-1.26245 0.252116

-1.26245 0.25212
-1.26184 0.252672

-1.26184 0.25267
-1.26182 0.252686

-1.26182 0.252686
-1.26123 0.253223

-1.26123 0.253227
-1.26115 0.253296

-1.26115 0.253296
-1.26062 0.253775

-1.26062 0.253772
-1.26047 0.253906

-1.26048 0.253906
-1.26001 0.254325

-1.26001 0.254329
-1.2598 0.254517

-1.2598 0.254517
-1.2594 0.254876

-1.2594 0.254877
-1.25912 0.255127

-1.25912 0.255127
-1.25879 0.255428

-1.25879 0.255432
-1.25845 0.255737

-1.25845 0.255737
-1.25818 0.25598

-1.25818 0.255983
-1.25777 0.256348

-1.25777 0.256348
-1.25757 0.256533

-1.25757 0.256533
-1.2571 0.256958

-1.2571 0.256958
-1.25696 0.257083

-1.25696 0.257083
-1.25642 0.257568

-1.25642 0.257568
-1.25635 0.257633

-1.25635 0.257635
-1.25575 0.258179

-1.25575 0.258179
-1.25574 0.258186

-1.25574 0.258187
-1.25513 0.258737

-1.25513 0.258736
-1.25507 0.258789

-1.25507 0.258789
-1.25452 0.259287

-1.25452 0.259287
-1.25439 0.259399

-1.25439 0.259399
-1.25391 0.259837

-1.25391 0.259838
-1.25372 0.26001

-1.25372 0.26001
-1.2533 0.260388

-1.2533 0.26039
-1.25304 0.26062

-1.25304 0.26062
-1.25269 0.260938

-1.25269 0.260942
-1.25236 0.26123

-1.25237 0.26123
-1.25208 0.26149

-1.25208 0.261492
-1.25168 0.261841

-1.25168 0.261841
-1.25146 0.262039

-1.25146 0.262043
-1.25101 0.262451

-1.25102 0.262451
-1.25085 0.262596

-1.25085 0.262593
-1.25033 0.263062

-1.25033 0.263062
-1.25024 0.263139

-1.25024 0.263142
-1.24966 0.263672

-1.24966 0.263672
-1.24963 0.263695

-1.24963 0.263692
-1.24902 0.264243

-1.24902 0.264249
-1.24899 0.264282

-1.24898 0.264282
-1.24841 0.264796

-1.24841 0.264793
-1.2483 0.264893

-1.2483 0.264893
-1.2478 0.265343

-1.2478 0.265346
-1.24763 0.265503

-1.24763 0.265503
-1.24719 0.265891

-1.24719 0.265891
-1.24694 0.266113

-1.24695 0.266113
-1.24658 0.266443

-1.24658 0.266446
-1.24627 0.266724

-1.24627 0.266724
-1.24597 0.266993

-1.24597 0.266997
-1.24559 0.267334

-1.24559 0.267334
-1.24536 0.267543

-1.24536 0.267545
-1.24491 0.267944

-1.24492 0.267944
-1.24475 0.268093

-1.24475 0.268093
-1.24424 0.268555

-1.24424 0.268555
-1.24414 0.268644

-1.24414 0.268643
-1.24356 0.269165

-1.24356 0.269165
-1.24353 0.269192

-1.24353 0.269192
-1.24292 0.269742

-1.24292 0.269742
-1.24288 0.269775

-1.24288 0.269775
-1.24231 0.270291

-1.24231 0.270291
-1.2422 0.270386

-1.2422 0.270386
-1.2417 0.270839

-1.2417 0.27084
-1.24152 0.270996

-1.24153 0.270996
-1.24109 0.271387

-1.24109 0.271389
-1.24085 0.271606

-1.24085 0.271606
-1.24048 0.271935

-1.24048 0.271938
-1.24017 0.272217

-1.24017 0.272217
-1.23987 0.272485

-1.23987 0.272488
-1.23949 0.272827

-1.23949 0.272827
-1.23926 0.273032

-1.23926 0.273036
-1.23881 0.273438

-1.23881 0.273438
-1.23865 0.273586

-1.23865 0.273582
-1.23813 0.274048

-1.23812 0.274048
-1.23804 0.274126

-1.23804 0.274131
-1.23745 0.274658

-1.23745 0.274658
-1.23743 0.274681

-1.23743 0.274678
-1.23682 0.275226

-1.23682 0.275231
-1.23677 0.275269

-1.23677 0.275269
-1.23621 0.275775

-1.23621 0.275771
-1.23609 0.275879

-1.23609 0.275879
-1.2356 0.276321

-1.2356 0.276324
-1.23541 0.276489

-1.23541 0.276489
-1.23499 0.276867

-1.23499 0.276868
-1.23472 0.2771

-1.23473 0.2771
-1.23438 0.277414

-1.23438 0.277418
-1.23405 0.27771

-1.23405 0.27771
-1.23376 0.277962

-1.23376 0.277965
-1.23336 0.27832

-1.23337 0.27832
-1.23315 0.27851

-1.23315 0.27851
-1.23268 0.278931

-1.23268 0.278931
-1.23254 0.279055

-1.23254 0.279055
-1.232 0.279541

-1.232 0.279541
-1.23193 0.2796

-1.23193 0.279603
-1.23132 0.280149

-1.23132 0.280149
-1.23132 0.280151

-1.23132 0.280151
-1.23071 0.280694

-1.23071 0.280693
-1.23064 0.280762

-1.23064 0.280762
-1.2301 0.281238

-1.2301 0.281238
-1.22995 0.281372

-1.22995 0.281372
-1.22949 0.281783

-1.22949 0.281785
-1.22927 0.281982

-1.22927 0.281982
-1.22888 0.282327

-1.22888 0.282331
-1.22859 0.282593

-1.22859 0.282593
-1.22827 0.282873

-1.22827 0.282877
-1.2279 0.283203

-1.22791 0.283203
-1.22766 0.283419

-1.22766 0.283419
-1.22722 0.283813

-1.22722 0.283813
-1.22705 0.28396

-1.22705 0.283965
-1.22654 0.284424

-1.22654 0.284424
-1.22644 0.284511

-1.22644 0.284508
-1.22585 0.285034

-1.22584 0.285034
-1.22583 0.285047

-1.22583 0.28505
-1.22522 0.285594

-1.22522 0.28559
-1.22516 0.285645

-1.22516 0.285645
-1.22461 0.286139

-1.22461 0.286143
-1.22448 0.286255

-1.22448 0.286255
-1.224 0.286683

-1.224 0.286681
-1.22379 0.286865

-1.2238 0.286865
-1.22339 0.287222

-1.22339 0.287226
-1.22311 0.287476

-1.22311 0.287476
-1.22278 0.287766

-1.22278 0.287769
-1.22242 0.288086

-1.22242 0.288086
-1.22217 0.288311

-1.22217 0.288313
-1.22173 0.288696

-1.22174 0.288696
-1.22156 0.288854

-1.22156 0.288855
-1.22105 0.289307

-1.22105 0.289307
-1.22095 0.289397

-1.22095 0.289397
-1.22036 0.289917

-1.22036 0.289917
-1.22034 0.28994

-1.22034 0.28994
-1.21973 0.290483

-1.21973 0.290483
-1.21968 0.290527

-1.21968 0.290527
-1.21912 0.291026

-1.21912 0.291026
-1.21899 0.291138

-1.21899 0.291138
-1.21851 0.291568

-1.21851 0.291569
-1.2183 0.291748

-1.21831 0.291748
-1.2179 0.292109

-1.2179 0.292111
-1.21762 0.292358

-1.21762 0.292358
-1.21729 0.292651

-1.21729 0.292655
-1.21693 0.292969

-1.21693 0.292969
-1.21667 0.293195

-1.21667 0.293196
-1.21624 0.293579

-1.21624 0.293579
-1.21606 0.293734

-1.21606 0.293737
-1.21555 0.294189

-1.21556 0.294189
-1.21545 0.294281

-1.21545 0.294277
-1.21486 0.2948

-1.21486 0.2948
-1.21484 0.294815

-1.21484 0.29482
-1.21423 0.295362

-1.21423 0.295358
-1.21417 0.29541

-1.21418 0.29541
-1.21362 0.295901

-1.21362 0.295905
-1.21349 0.296021

-1.21349 0.296021
-1.21301 0.296443

-1.21301 0.296441
-1.2128 0.296631

-1.2128 0.296631
-1.2124 0.296981

-1.2124 0.296985
-1.21211 0.297241

-1.21211 0.297241
-1.21179 0.297522

-1.21179 0.297526
-1.21142 0.297852

-1.21142 0.297852
-1.21118 0.298064

-1.21118 0.298064
-1.21073 0.298462

-1.21073 0.298462
-1.21057 0.298603

-1.21057 0.298603
-1.21004 0.299072

-1.21004 0.299072
-1.20996 0.299141

-1.20996 0.299144
-1.20935 0.299683

-1.20935 0.299684
-1.20874 0.300222

-1.20874 0.300221
-1.20866 0.300293

-1.20866 0.300293
-1.20813 0.300759

-1.20813 0.30076
-1.20797 0.300903

-1.20797 0.300903
-1.20752 0.301298

-1.20752 0.3013
-1.20728 0.301514

-1.20728 0.301514
-1.20691 0.301836

-1.20691 0.301839
-1.20658 0.302124

-1.20659 0.302124
-1.2063 0.302374

-1.2063 0.302377
-1.20589 0.302734

-1.20589 0.302734
-1.20569 0.302914

-1.20569 0.302912
-1.2052 0.303345

-1.20519 0.303345
-1.20508 0.303447

-1.20508 0.303453
-1.20451 0.303955

-1.20451 0.303955
-1.20447 0.303992

-1.20447 0.303989
-1.20386 0.304525

-1.20386 0.30453
-1.20382 0.304565

-1.20381 0.304565
-1.20325 0.305062

-1.20325 0.305058
-1.20311 0.305176

-1.20312 0.305176
-1.20264 0.3056

-1.20264 0.305602
-1.20243 0.305786

-1.20243 0.305786
-1.20203 0.306136

-1.20203 0.306138
-1.20173 0.306396

-1.20173 0.306396
-1.20142 0.306672

-1.20142 0.306676
-1.20103 0.307007

-1.20104 0.307007
-1.20081 0.30721

-1.20081 0.307211
-1.20034 0.307617

-1.20035 0.307617
-1.2002 0.307748

-1.2002 0.307747
-1.19965 0.308228

-1.19965 0.308228
-1.19958 0.308283

-1.19958 0.308284
-1.19897 0.308819

-1.19897 0.308819
-1.19895 0.308838

-1.19895 0.308838
-1.19836 0.309355

-1.19836 0.309355
-1.19826 0.309448

-1.19826 0.309448
-1.19775 0.30989

-1.19775 0.30989
-1.19756 0.310059

-1.19756 0.310059
-1.19714 0.310423

-1.19714 0.310426
-1.19686 0.310669

-1.19687 0.310669
-1.19653 0.310958

-1.19653 0.310962
-1.19617 0.311279

-1.19617 0.311279
-1.19592 0.311495

-1.19592 0.311494
-1.19547 0.31189

-1.19547 0.31189
-1.19531 0.312026

-1.19531 0.312029
-1.19477 0.3125

-1.19478 0.3125
-1.1947 0.312566

-1.1947 0.312562
-1.19409 0.313095

-1.19409 0.313101
-1.19408 0.31311

-1.19408 0.31311
-1.19348 0.313631

-1.19348 0.313626
-1.19337 0.313721

-1.19338 0.313721
-1.19287 0.314163

-1.19287 0.314165
-1.19268 0.314331

-1.19268 0.314331
-1.19226 0.314695

-1.19226 0.314697
-1.19198 0.314941

-1.19198 0.314941
-1.19165 0.315227

-1.19165 0.315231
-1.19128 0.315552

-1.19128 0.315552
-1.19104 0.31576

-1.19104 0.315762
-1.19058 0.316162

-1.19058 0.316162
-1.19043 0.316292

-1.19043 0.316294
-1.18988 0.316772

-1.18988 0.316772
-1.18982 0.316826

-1.18982 0.316826
-1.18921 0.317357

-1.18921 0.317357
-1.18918 0.317383

-1.18918 0.317383
-1.1886 0.317887

-1.1886 0.317888
-1.18848 0.317993

-1.18848 0.317993
-1.18799 0.318419

-1.18799 0.31842
-1.18778 0.318604

-1.18778 0.318604
-1.18738 0.318949

-1.18738 0.318952
-1.18707 0.319214

-1.18708 0.319214
-1.18677 0.31948

-1.18677 0.319482
-1.18637 0.319824

-1.18637 0.319824
-1.18616 0.320012

-1.18616 0.32001
-1.18567 0.320435

-1.18567 0.320435
-1.18555 0.320538

-1.18555 0.320543
-1.18497 0.321045

-1.18497 0.321045
-1.18494 0.321074

-1.18494 0.321071
-1.18433 0.3216

-1.18433 0.321604
-1.18427 0.321655

-1.18426 0.321655
-1.18372 0.32213

-1.18372 0.322127
-1.18356 0.322266

-1.18356 0.322266
-1.18311 0.322659

-1.18311 0.322662
-1.18286 0.322876

-1.18286 0.322876
-1.1825 0.323187

-1.1825 0.323192
-1.18215 0.323486

-1.18215 0.323486
-1.18188 0.323718

-1.18188 0.32372
-1.18145 0.324097

-1.18145 0.324097
-1.18127 0.324248

-1.18127 0.324248
-1.18074 0.324707

-1.18074 0.324707
-1.18066 0.324776

-1.18066 0.324777
-1.18005 0.325306

-1.18005 0.325306
-1.18004 0.325317

-1.18004 0.325317
-1.17944 0.325834

-1.17944 0.325834
-1.17934 0.325928

-1.17934 0.325928
-1.17883 0.326363

-1.17883 0.326363
-1.17863 0.326538

-1.17863 0.326538
-1.17822 0.326889

-1.17822 0.326892
-1.17792 0.327148

-1.17793 0.327148
-1.17761 0.327417

-1.17761 0.32742
-1.17722 0.327759

-1.17722 0.327759
-1.177 0.327945

-1.177 0.327946
-1.17651 0.328369

-1.17652 0.328369
-1.17639 0.328476

-1.17639 0.328472
-1.1758 0.328979

-1.1758 0.328979
-1.17578 0.328995

-1.17578 0.329001
-1.17517 0.329527

-1.17517 0.329522
-1.17509 0.32959

-1.1751 0.32959
-1.17456 0.330051

-1.17456 0.330054
-1.17439 0.3302

-1.17439 0.3302
-1.17395 0.330578

-1.17395 0.330579
-1.17368 0.330811

-1.17368 0.330811
-1.17334 0.331101

-1.17334 0.331106
-1.17297 0.331421

-1.17297 0.331421
-1.17273 0.331628

-1.17273 0.331629
-1.17226 0.332031

-1.17226 0.332031
-1.17212 0.332155

-1.17212 0.332154
-1.17155 0.332642

-1.17155 0.332642
-1.17151 0.332678

-1.17151 0.332678
-1.1709 0.333203

-1.1709 0.333204
-1.17084 0.333252

-1.17084 0.333252
-1.17029 0.333728

-1.17029 0.333729
-1.17013 0.333862

-1.17013 0.333862
-1.16968 0.334252

-1.16968 0.334253
-1.16942 0.334473

-1.16942 0.334473
-1.16907 0.334773

-1.16907 0.334777
-1.16871 0.335083

-1.16871 0.335083
-1.16846 0.335298

-1.16846 0.335301
-1.168 0.335693

-1.168 0.335693
-1.16785 0.335825

-1.16785 0.335822
-1.16728 0.336304

-1.16728 0.336304
-1.16724 0.336342

-1.16724 0.336345
-1.16663 0.336868

-1.16663 0.336864
-1.16657 0.336914

-1.16657 0.336914
-1.16602 0.337391

-1.16602 0.337393
-1.16586 0.337524

-1.16586 0.337524
-1.16541 0.337913

-1.16541 0.337914
-1.16514 0.338135

-1.16515 0.338135
-1.16479 0.338432

-1.16479 0.338437
-1.16443 0.338745

-1.16443 0.338745
-1.16418 0.338955

-1.16418 0.338957
-1.16372 0.339355

-1.16372 0.339355
-1.16357 0.339476

-1.16357 0.339478
-1.163 0.339966

-1.163 0.339966
-1.16296 0.339999

-1.16296 0.339999
-1.16235 0.34052

-1.16235 0.34052
-1.16229 0.340576

-1.16229 0.340576
-1.16174 0.341041

-1.16174 0.341042
-1.16157 0.341187

-1.16157 0.341187
-1.16113 0.341562

-1.16113 0.341564
-1.16086 0.341797

-1.16086 0.341797
-1.16052 0.34208

-1.16052 0.342084
-1.16014 0.342407

-1.16014 0.342407
-1.15991 0.342602

-1.15991 0.342603
-1.15943 0.343018

-1.15943 0.343018
-1.1593 0.343125

-1.1593 0.343122
-1.15871 0.343628

-1.1587 0.343628
-1.15869 0.343638

-1.15869 0.343643
-1.15808 0.344162

-1.15808 0.344157
-1.15799 0.344238

-1.15799 0.344238
-1.15747 0.344679

-1.15747 0.344681
-1.15727 0.344849

-1.15727 0.344849
-1.15686 0.345197

-1.15686 0.3452
-1.15655 0.345459

-1.15656 0.345459
-1.15625 0.345715

-1.15625 0.345718
-1.15583 0.346069

-1.15584 0.346069
-1.15564 0.346234

-1.15564 0.346235
-1.15511 0.34668

-1.15512 0.34668
-1.15503 0.346754

-1.15503 0.346752
-1.15442 0.347269

-1.15442 0.347269
-1.15439 0.34729

-1.15439 0.34729
-1.15381 0.347787

-1.15381 0.347787
-1.15367 0.3479

-1.15367 0.3479
-1.1532 0.348304

-1.1532 0.348305
-1.15295 0.348511

-1.15296 0.348511
-1.15259 0.348819

-1.15259 0.348822
-1.15223 0.349121

-1.15223 0.349121
-1.15198 0.349336

-1.15198 0.349336
-1.15151 0.349731

-1.15151 0.349731
-1.15137 0.349851

-1.15137 0.349854
-1.15079 0.350342

-1.15079 0.350342
-1.15076 0.350372

-1.15076 0.350368
-1.15015 0.350883

-1.15015 0.350886
-1.15007 0.350952

-1.15007 0.350952
-1.14954 0.3514

-1.14954 0.351399
-1.14934 0.351562

-1.14934 0.351562
-1.14893 0.351914

-1.14893 0.351917
-1.14862 0.352173

-1.14862 0.352173
-1.14832 0.352429

-1.14832 0.352431
-1.1479 0.352783

-1.1479 0.352783
-1.14771 0.352944

-1.14771 0.352945
-1.14717 0.353394

-1.14717 0.353394
-1.14709 0.35346

-1.14709 0.35346
-1.14648 0.353975

-1.14648 0.353975
-1.14645 0.354004

-1.14645 0.354004
-1.14587 0.354489

-1.14587 0.35449
-1.14573 0.354614

-1.14573 0.354614
-1.14526 0.355003

-1.14526 0.355005
-1.145 0.355225

-1.145 0.355225
-1.14465 0.355515

-1.14465 0.355519
-1.14427 0.355835

-1.14428 0.355835
-1.14404 0.35603

-1.14404 0.356032
-1.14355 0.356445

-1.14355 0.356445
-1.14343 0.356547

-1.14343 0.356544
-1.14282 0.357056

-1.14282 0.357059
-1.14221 0.357571

-1.14221 0.357568
-1.14209 0.357666

-1.1421 0.357666
-1.1416 0.358082

-1.1416 0.358084
-1.14137 0.358276

-1.14137 0.358276
-1.14099 0.358595

-1.14099 0.358598
-1.14064 0.358887

-1.14065 0.358887
-1.14038 0.359106

-1.14038 0.359108
-1.13992 0.359497

-1.13992 0.359497
-1.13977 0.359619

-1.13977 0.35962
-1.13919 0.360107

-1.13919 0.360107
-1.13916 0.36013

-1.13916 0.360132
-1.13855 0.360643

-1.13855 0.360643
-1.13846 0.360718

-1.13846 0.360718
-1.13794 0.361154

-1.13794 0.361154
-1.13773 0.361328

-1.13773 0.361328
-1.13733 0.361663

-1.13733 0.361666
-1.137 0.361938

-1.137 0.361938
-1.13672 0.362173

-1.13672 0.362176
-1.13627 0.362549

-1.13627 0.362549
-1.13611 0.362686

-1.13611 0.362685
-1.13554 0.363159

-1.13554 0.363159
-1.1355 0.363193

-1.1355 0.363195
-1.13489 0.363705

-1.13489 0.363701
-1.13481 0.36377

-1.13481 0.36377
-1.13428 0.364213

-1.13428 0.364215
-1.13408 0.36438

-1.13408 0.36438
-1.13367 0.364723

-1.13367 0.364726
-1.13334 0.36499

-1.13335 0.36499
-1.13306 0.365231

-1.13306 0.365233
-1.13262 0.365601

-1.13262 0.365601
-1.13245 0.365742

-1.13245 0.365742
-1.13188 0.366211

-1.13188 0.366211
-1.13184 0.366251

-1.13184 0.366251
-1.13123 0.36676

-1.13123 0.36676
-1.13115 0.366821

-1.13115 0.366821
-1.13062 0.367268

-1.13062 0.367269
-1.13042 0.367432

-1.13042 0.367432
-1.13 0.367775

-1.13 0.367778
-1.12968 0.368042

-1.12969 0.368042
-1.12939 0.368282

-1.12939 0.368284
-1.12895 0.368652

-1.12895 0.368652
-1.12878 0.368792

-1.12878 0.36879
-1.12822 0.369263

-1.12821 0.369263
-1.12817 0.369296

-1.12817 0.369299
-1.12756 0.369805

-1.12756 0.369802
-1.12748 0.369873

-1.12748 0.369873
-1.12695 0.37031

-1.12695 0.370312
-1.12674 0.370483

-1.12675 0.370483
-1.12634 0.370817

-1.12634 0.37082
-1.12601 0.371094

-1.12601 0.371094
-1.12573 0.371321

-1.12573 0.371323
-1.12527 0.371704

-1.12527 0.371704
-1.12512 0.371828

-1.12512 0.371829
-1.12454 0.372314

-1.12453 0.372314
-1.12451 0.372333

-1.12451 0.372335
-1.1239 0.37284

-1.1239 0.37284
-1.1238 0.372925

-1.1238 0.372925
-1.12329 0.373344

-1.12329 0.373345
-1.12306 0.373535

-1.12306 0.373535
-1.12268 0.373847

-1.12268 0.373849
-1.12232 0.374146

-1.12232 0.374146
-1.12207 0.374351

-1.12207 0.374354
-1.12158 0.374756

-1.12159 0.374756
-1.12146 0.374859

-1.12146 0.374856
-1.12085 0.37536

-1.12085 0.375363
-1.12085 0.375366

-1.12084 0.375366
-1.12024 0.375865

-1.12024 0.375863
-1.1201 0.375977

-1.1201 0.375977
-1.11963 0.376367

-1.11963 0.376369
-1.11936 0.376587

-1.11937 0.376587
-1.11902 0.37687

-1.11902 0.376872
-1.11862 0.377197

-1.11862 0.377197
-1.11841 0.377373

-1.11841 0.377374
-1.11788 0.377808

-1.11788 0.377808
-1.1178 0.377877

-1.1178 0.377877
-1.11719 0.37838

-1.11719 0.37838
-1.11714 0.378418

-1.11714 0.378418
-1.11658 0.378882

-1.11658 0.378883
-1.1164 0.379028

-1.1164 0.379028
-1.11597 0.379384

-1.11597 0.379386
-1.11565 0.379639

-1.11566 0.379639
-1.11536 0.379884

-1.11536 0.379886
-1.11491 0.380249

-1.11491 0.380249
-1.11475 0.380387

-1.11475 0.380388
-1.11417 0.380859

-1.11418 0.380859
-1.11414 0.380892

-1.11414 0.380888
-1.11353 0.381388

-1.11353 0.38139
-1.11343 0.38147

-1.11343 0.38147
-1.11292 0.38189

-1.11292 0.381891
-1.11268 0.38208

-1.11268 0.38208
-1.1123 0.382389

-1.1123 0.382392
-1.11194 0.38269

-1.11194 0.38269
-1.11169 0.382889

-1.11169 0.382891
-1.11119 0.383301

-1.11119 0.383301
-1.11108 0.383391

-1.11108 0.38339
-1.11047 0.383889

-1.11047 0.383889
-1.11045 0.383911

-1.11045 0.383911
-1.10986 0.384389

-1.10986 0.38439
-1.1097 0.384521

-1.1097 0.384521
-1.10925 0.384888

-1.10925 0.384891
-1.10895 0.385132

-1.10896 0.385132
-1.10864 0.385385

-1.10864 0.385386
-1.10821 0.385742

-1.10821 0.385742
-1.10803 0.385885

-1.10803 0.385884
-1.10746 0.386353

-1.10746 0.386353
-1.10742 0.386382

-1.10742 0.386384
-1.10681 0.386882

-1.10681 0.386879
-1.10671 0.386963

-1.10671 0.386963
-1.1062 0.387378

-1.1062 0.38738
-1.10596 0.387573

-1.10596 0.387573
-1.10559 0.387875

-1.10559 0.387877
-1.10521 0.388184

-1.10521 0.388184
-1.10498 0.38837

-1.10498 0.388373
-1.10446 0.388794

-1.10446 0.388794
-1.10437 0.38887

-1.10437 0.38887
-1.10376 0.389367

-1.10376 0.389367
-1.10371 0.389404

-1.10371 0.389404
-1.10315 0.389864

-1.10315 0.389865
-1.10296 0.390015

-1.10296 0.390015
-1.10254 0.39036

-1.10254 0.390363
-1.10221 0.390625

-1.10222 0.390625
-1.10193 0.390855

-1.10193 0.390857
-1.10146 0.391235

-1.10146 0.391235
-1.10132 0.391352

-1.10132 0.391353
-1.10071 0.391846

-1.10071 0.391844
-1.10071 0.391846

-1.10072 0.391846
-1.10071 0.391852

-1.10071 0.391848
-1.1001 0.392344

-1.1001 0.392345
-1.09996 0.392456

-1.09996 0.392456
-1.09949 0.39284

-1.09949 0.392842
-1.09921 0.393066

-1.09921 0.393066
-1.09888 0.393332

-1.09888 0.393335
-1.09845 0.393677

-1.09846 0.393677
-1.09827 0.393829

-1.09827 0.393829
-1.0977 0.394287

-1.0977 0.394287
-1.09766 0.394323

-1.09766 0.394324
-1.09705 0.394819

-1.09705 0.394819
-1.09695 0.394897

-1.09695 0.394897
-1.09644 0.395313

-1.09644 0.395314
-1.09619 0.395508

-1.0962 0.395508
-1.09583 0.395805

-1.09583 0.395807
-1.09544 0.396118

-1.09544 0.396118
-1.09521 0.396299

-1.09521 0.396301
-1.09469 0.396729

-1.09469 0.396729
-1.0946 0.396795

-1.0946 0.396793
-1.09399 0.397286

-1.09399 0.397288
-1.09393 0.397339

-1.09393 0.397339
-1.09338 0.39778

-1.09338 0.397781
-1.09317 0.397949

-1.09317 0.397949
-1.09277 0.398272

-1.09277 0.398274
-1.09242 0.39856

-1.09242 0.39856
-1.09216 0.398764

-1.09216 0.398766
-1.09166 0.39917

-1.09166 0.39917
-1.09155 0.399257

-1.09155 0.399259
-1.09094 0.399751

-1.09094 0.399751
-1.09091 0.39978

-1.09091 0.39978
-1.09033 0.400243

-1.09033 0.400244
-1.09015 0.400391

-1.09015 0.400391
-1.08972 0.400735

-1.08972 0.400737
-1.08939 0.401001

-1.08939 0.401001
-1.08911 0.401225

-1.08911 0.401228
-1.08863 0.401611

-1.08864 0.401611
-1.0885 0.401719

-1.0885 0.401718
-1.08789 0.40221

-1.08789 0.402212
-1.08788 0.402222

-1.08788 0.402222
-1.08728 0.402702

-1.08728 0.402701
-1.08712 0.402832

-1.08712 0.402832
-1.08667 0.403192

-1.08667 0.403194
-1.08636 0.403442

-1.08636 0.403442
-1.08606 0.403681

-1.08606 0.403683
-1.0856 0.404053

-1.0856 0.404053
-1.08545 0.404172

-1.08545 0.404173
-1.08484 0.404663

-1.08484 0.404663
-1.08423 0.405152

-1.08423 0.405153
-1.08408 0.405273

-1.08408 0.405273
-1.08362 0.405642

-1.08362 0.405643
-1.08331 0.405884

-1.08332 0.405884
-1.08301 0.406129

-1.08301 0.406131
-1.08255 0.406494

-1.08256 0.406494
-1.0824 0.40662

-1.0824 0.406619
-1.08179 0.407104

-1.08179 0.407104
-1.08179 0.407107

-1.08179 0.407109
-1.08118 0.407597

-1.08118 0.407596
-1.08103 0.407715

-1.08103 0.407715
-1.08057 0.408084

-1.08057 0.408087
-1.08026 0.408325

-1.08027 0.408325
-1.07996 0.408571

-1.07996 0.408573
-1.0795 0.408936

-1.0795 0.408936
-1.07935 0.40906

-1.07935 0.409061
-1.07874 0.409546

-1.07874 0.409546
-1.07874 0.409549

-1.07874 0.409549
-1.07812 0.410037

-1.07812 0.410037
-1.07798 0.410156

-1.07798 0.410156
-1.07751 0.410525

-1.07751 0.410527
-1.07721 0.410767

-1.07721 0.410767
-1.0769 0.41101

-1.0769 0.411012
-1.07645 0.411377

-1.07645 0.411377
-1.07629 0.411499

-1.07629 0.411499
-1.07568 0.411986

-1.07568 0.411987
-1.07507 0.412473

-1.07507 0.412473
-1.07492 0.412598

-1.07492 0.412598
-1.07446 0.412959

-1.07446 0.412961
-1.07415 0.413208

-1.07415 0.413208
-1.07385 0.413444

-1.07385 0.413446
-1.07339 0.413818

-1.07338 0.413818
-1.07324 0.413931

-1.07324 0.413932
-1.07263 0.414418

-1.07263 0.414418
-1.07262 0.414429

-1.07262 0.414429
-1.07202 0.414904

-1.07202 0.414904
-1.07185 0.415039

-1.07185 0.415039
-1.07141 0.415389

-1.07141 0.41539
-1.07108 0.415649

-1.07109 0.415649
-1.0708 0.415872

-1.0708 0.415875
-1.07032 0.41626

-1.07032 0.41626
-1.07019 0.41636

-1.07019 0.416359
-1.06958 0.416844

-1.06958 0.416845
-1.06955 0.41687

-1.06955 0.41687
-1.06897 0.41733

-1.06897 0.41733
-1.06878 0.41748

-1.06878 0.41748
-1.06836 0.417813

-1.06836 0.417815
-1.06801 0.418091

-1.06801 0.418091
-1.06775 0.418297

-1.06775 0.418299
-1.06724 0.418701

-1.06724 0.418701
-1.06714 0.418782

-1.06714 0.418783
-1.06653 0.419267

-1.06653 0.419267
-1.06647 0.419312

-1.06647 0.419312
-1.06592 0.419751

-1.06592 0.419752
-1.0657 0.419922

-1.0657 0.419922
-1.06531 0.420235

-1.06531 0.420236
-1.06493 0.420532

-1.06493 0.420532
-1.0647 0.420717

-1.0647 0.420719
-1.06416 0.421143

-1.06416 0.421143
-1.06409 0.421203

-1.06409 0.421202
-1.06348 0.421685

-1.06348 0.421686
-1.06339 0.421753

-1.06339 0.421753
-1.06287 0.422168

-1.06287 0.42217
-1.06262 0.422363

-1.06262 0.422363
-1.06226 0.42265

-1.06226 0.422651
-1.06185 0.422974

-1.06185 0.422974
-1.06165 0.423132

-1.06165 0.423133
-1.06108 0.423584

-1.06107 0.423584
-1.06104 0.423615

-1.06104 0.423616
-1.06042 0.424098

-1.06042 0.424098
-1.0603 0.424194

-1.0603 0.424194
-1.05981 0.424579

-1.05981 0.42458
-1.05953 0.424805

-1.05953 0.424805
-1.0592 0.42506

-1.0592 0.425061
-1.05876 0.425415

-1.05876 0.425415
-1.05859 0.425542

-1.05859 0.425543
-1.05798 0.426024

-1.05798 0.426021
-1.05798 0.426025

-1.05798 0.426025
-1.05798 0.426027

-1.05798 0.426025
-1.05737 0.426504

-1.05737 0.426506
-1.05721 0.426636

-1.05721 0.426636
-1.05676 0.426986

-1.05676 0.426987
-1.05643 0.427246

-1.05643 0.427246
-1.05615 0.427463

-1.05615 0.427466
-1.05566 0.427856

-1.05566 0.427856
-1.05554 0.427947

-1.05554 0.427947
-1.05493 0.428428

-1.05493 0.428428
-1.05488 0.428467

-1.05488 0.428467
-1.05432 0.428909

-1.05432 0.42891
-1.05411 0.429077

-1.05411 0.429077
-1.05371 0.429389

-1.05371 0.42939
-1.05333 0.429688

-1.05333 0.429688
-1.0531 0.429868

-1.0531 0.42987
-1.05256 0.430298

-1.05256 0.430298
-1.05249 0.43035

-1.05249 0.43035
-1.05188 0.43083

-1.05188 0.430829
-1.05178 0.430908

-1.05178 0.430908
-1.05127 0.431309

-1.05127 0.431312
-1.051 0.431519

-1.051 0.431519
-1.05066 0.431789

-1.05066 0.431789
-1.05023 0.432129

-1.05023 0.432129
-1.05005 0.432267

-1.05005 0.432269
-1.04945 0.432739

-1.04945 0.432739
-1.04944 0.432748

-1.04944 0.432748
-1.04883 0.433227

-1.04883 0.433228
-1.04867 0.43335

-1.04867 0.43335
-1.04822 0.433707

-1.04822 0.433708
-1.04789 0.43396

-1.0479 0.43396
-1.04761 0.434183

-1.04761 0.434185
-1.04712 0.43457

-1.04712 0.43457
-1.047 0.434664

-1.047 0.434663
-1.04639 0.435142

-1.04639 0.435143
-1.04634 0.435181

-1.04634 0.435181
-1.04578 0.435621

-1.04578 0.435622
-1.04556 0.435791

-1.04556 0.435791
-1.04517 0.436098

-1.04517 0.436099
-1.04478 0.436401

-1.04478 0.436401
-1.04456 0.436575

-1.04456 0.436577
-1.044 0.437012

-1.044 0.437012
-1.04395 0.437053

-1.04395 0.437055
-1.04333 0.437532

-1.04333 0.437533
-1.04322 0.437622

-1.04322 0.437622
-1.04272 0.43801

-1.04272 0.438012
-1.04244 0.438232

-1.04244 0.438232
-1.04211 0.438486

-1.04211 0.438487
-1.04166 0.438843

-1.04166 0.438843
-1.0415 0.438964

-1.0415 0.438965
-1.04089 0.439442

-1.04089 0.439439
-1.04088 0.439453

-1.04088 0.439453
-1.04028 0.439918

-1.04028 0.439919
-1.0401 0.440063

-1.0401 0.440063
-1.03967 0.440395

-1.03967 0.440396
-1.03931 0.440674

-1.03932 0.440674
-1.03906 0.440869

-1.03906 0.440871
-1.03853 0.441284

-1.03853 0.441284
-1.03845 0.441347

-1.03845 0.441348
-1.03784 0.441824

-1.03784 0.441824
-1.03775 0.441895

-1.03775 0.441895
-1.03723 0.442299

-1.03723 0.442302
-1.03697 0.442505

-1.03697 0.442505
-1.03662 0.442775

-1.03662 0.442776
-1.03619 0.443115

-1.03619 0.443115
-1.03601 0.443251

-1.03601 0.443251
-1.0354 0.443726

-1.0354 0.443726
-1.0354 0.443727

-1.0354 0.443728
-1.03479 0.444203

-1.03479 0.444204
-1.03462 0.444336

-1.03462 0.444336
-1.03418 0.444678

-1.03418 0.444679
-1.03383 0.444946

-1.03384 0.444946
-1.03357 0.445152

-1.03357 0.445154
-1.03305 0.445557

-1.03305 0.445557
-1.03296 0.445628

-1.03296 0.445629
-1.03235 0.446104

-1.03235 0.446105
-1.03227 0.446167

-1.03227 0.446167
-1.03174 0.446579

-1.03174 0.446581
-1.03148 0.446777

-1.03148 0.446777
-1.03113 0.447054

-1.03113 0.447054
-1.0307 0.447388

-1.0307 0.447388
-1.03052 0.447528

-1.03052 0.447529
-1.02991 0.447998

-1.02992 0.447998
-1.02991 0.448006

-1.02991 0.448003
-1.0293 0.448478

-1.0293 0.448479
-1.02913 0.448608

-1.02913 0.448608
-1.02869 0.448952

-1.02869 0.448953
-1.02834 0.449219

-1.02835 0.449219
-1.02808 0.449424

-1.02808 0.449426
-1.02756 0.449829

-1.02756 0.449829
-1.02747 0.4499

-1.02747 0.4499
-1.02686 0.450374

-1.02686 0.450374
-1.02677 0.450439

-1.02677 0.450439
-1.02625 0.450848

-1.02625 0.45085
-1.02598 0.45105

-1.02599 0.45105
-1.02563 0.451321

-1.02563 0.451321
-1.0252 0.45166

-1.0252 0.45166
-1.02502 0.451794

-1.02502 0.451794
-1.02441 0.452268

-1.02441 0.452268
-1.02441 0.452271

-1.02441 0.452271
-1.0238 0.452741

-1.0238 0.452742
-1.02362 0.452881

-1.02362 0.452881
-1.02319 0.453213

-1.02319 0.453214
-1.02283 0.453491

-1.02284 0.453491
-1.02258 0.453685

-1.02258 0.453687
-1.02205 0.454102

-1.02205 0.454102
-1.02197 0.454158

-1.02197 0.454159
-1.02136 0.454632

-1.02136 0.454633
-1.02126 0.454712

-1.02126 0.454712
-1.02075 0.455105

-1.02075 0.455106
-1.02047 0.455322

-1.02047 0.455322
-1.02014 0.455576

-1.02014 0.455577
-1.01968 0.455933

-1.01968 0.455933
-1.01953 0.456049

-1.01953 0.45605
-1.01892 0.456522

-1.01892 0.45652
-1.01889 0.456543

-1.01889 0.456543
-1.01831 0.456993

-1.01831 0.456995
-1.0181 0.457153

-1.0181 0.457153
-1.0177 0.457465

-1.0177 0.457466
-1.01731 0.457764

-1.01732 0.457764
-1.01709 0.457935

-1.01709 0.457937
-1.01652 0.458374

-1.01652 0.458374
-1.01648 0.458408

-1.01648 0.458408
-1.01587 0.458879

-1.01587 0.45888
-1.01573 0.458984

-1.01573 0.458984
-1.01526 0.45935

-1.01526 0.459352
-1.01494 0.459595

-1.01494 0.459595
-1.01465 0.45982

-1.01465 0.459822
-1.01415 0.460205

-1.01415 0.460205
-1.01404 0.460293

-1.01404 0.460292
-1.01343 0.460763

-1.01343 0.460764
-1.01336 0.460815

-1.01336 0.460815
-1.01282 0.461234

-1.01282 0.461236
-1.01257 0.461426

-1.01257 0.461426
-1.01221 0.461704

-1.01221 0.461705
-1.01178 0.462036

-1.01178 0.462036
-1.0116 0.462175

-1.0116 0.462176
-1.01099 0.462646

-1.01099 0.462646
-1.01038 0.463117

-1.01038 0.463118
-1.01019 0.463257

-1.01019 0.463257
-1.00977 0.463587

-1.00977 0.463588
-1.0094 0.463867

-1.0094 0.463867
-1.00916 0.464056

-1.00916 0.464057
-1.00861 0.464478

-1.00861 0.464478
-1.00854 0.464527

-1.00854 0.464528
-1.00793 0.464998

-1.00793 0.464998
-1.00782 0.465088

-1.00782 0.465088
-1.00732 0.465467

-1.00732 0.465469
-1.00702 0.465698

-1.00703 0.465698
-1.00671 0.465936

-1.00671 0.465937
-1.00623 0.466309

-1.00623 0.466309
-1.0061 0.466406

-1.0061 0.466407
-1.00549 0.466876

-1.00549 0.466876
-1.00544 0.466919

-1.00544 0.466919
-1.00488 0.467345

-1.00488 0.467347
-1.00464 0.467529

-1.00464 0.467529
-1.00427 0.467814

-1.00427 0.467815
-1.00385 0.46814

-1.00385 0.46814
-1.00366 0.468282

-1.00366 0.468284
-1.00305 0.46875

-1.00306 0.46875
-1.00305 0.468754

-1.00305 0.468752
-1.00244 0.469221

-1.00244 0.469222
-1.00226 0.46936

-1.00226 0.46936
-1.00183 0.46969

-1.00183 0.46969
-1.00147 0.469971

-1.00147 0.469971
-1.00122 0.470156

-1.00122 0.470159
-1.00067 0.470581

-1.00067 0.470581
-1.00061 0.470627

-1.00061 0.470627
-1.0 0.471096

-1.0 0.471096
-0.999875 0.471191

-0.999875 0.471191
-0.99939 0.471564

-0.99939 0.471565
-0.999078 0.471802

-0.999081 0.471802
-0.998779 0.472031

-0.998779 0.472032
-0.998284 0.472412

-0.998285 0.472412
-0.998169 0.4725

-0.998169 0.4725
-0.997559 0.472968

-0.997559 0.472969
-0.997488 0.473022

-0.997488 0.473022
-0.996948 0.473436

-0.996948 0.473438
-0.996689 0.473633

-0.996692 0.473633
-0.996338 0.473903

-0.996338 0.473904
-0.995895 0.474243

-0.995896 0.474243
-0.995728 0.47437

-0.995728 0.474371
-0.995117 0.474839

-0.995117 0.474839
-0.995098 0.474854

-0.995098 0.474854
-0.994507 0.475306

-0.994507 0.475307
-0.994299 0.475464

-0.994301 0.475464
-0.993896 0.475773

-0.993896 0.475773
-0.993502 0.476074

-0.993504 0.476074
-0.993286 0.476238

-0.993286 0.47624
-0.992705 0.476685

-0.992705 0.476685
-0.992676 0.476706

-0.992676 0.476707
-0.992065 0.477174

-0.992065 0.477174
-0.991906 0.477295

-0.991907 0.477295
-0.991455 0.47764

-0.991455 0.477641
-0.991108 0.477905

-0.991111 0.477905
-0.990845 0.478105

-0.990845 0.478107
-0.990311 0.478516

-0.990308 0.478516
-0.990234 0.478572

-0.990234 0.478574
-0.989624 0.479041

-0.989624 0.479041
-0.989512 0.479126

-0.989512 0.479126
-0.989014 0.479507

-0.989014 0.479508
-0.988712 0.479736

-0.988715 0.479736
-0.988403 0.479972

-0.988403 0.479973
-0.987915 0.480347

-0.987915 0.480347
-0.987793 0.480439

-0.987793 0.48044
-0.987183 0.480906

-0.987183 0.480905
-0.987114 0.480957

-0.987115 0.480957
-0.986572 0.481372

-0.986572 0.481374
-0.986314 0.481567

-0.986317 0.481567
-0.985962 0.481837

-0.985962 0.481838
-0.985516 0.482178

-0.985516 0.482178
-0.985352 0.482302

-0.985352 0.482303
-0.984741 0.482769

-0.984741 0.482769
-0.984716 0.482788

-0.984716 0.482788
-0.984131 0.483234

-0.984131 0.483235
-0.983912 0.483398

-0.983915 0.483398
-0.983521 0.483699

-0.983521 0.483699
-0.983115 0.484009

-0.983116 0.484009
-0.98291 0.484163

-0.98291 0.484165
-0.982314 0.484619

-0.982316 0.484619
-0.9823 0.484631

-0.9823 0.484629
-0.981689 0.485094

-0.981689 0.485096
-0.981511 0.485229

-0.981512 0.485229
-0.981079 0.485559

-0.981079 0.48556
-0.98071 0.48584

-0.980711 0.48584
-0.980469 0.486021

-0.980469 0.486024
-0.979909 0.48645

-0.979909 0.48645
-0.979858 0.486488

-0.979858 0.486489
-0.979248 0.486953

-0.979248 0.486954
-0.979106 0.487061

-0.979107 0.487061
-0.978638 0.487418

-0.978638 0.487418
-0.978304 0.487671

-0.978307 0.487671
-0.978027 0.48788

-0.978027 0.487882
-0.977502 0.488281

-0.977503 0.488281
-0.977417 0.488346

-0.977417 0.488346
-0.976807 0.48881

-0.976807 0.48881
-0.976699 0.488892

-0.976699 0.488892
-0.976196 0.489274

-0.976196 0.489275
-0.975895 0.489502

-0.975897 0.489502
-0.975586 0.489736

-0.975586 0.489738
-0.975093 0.490112

-0.975093 0.490112
-0.974976 0.490201

-0.974976 0.490201
-0.974365 0.490665

-0.974365 0.490665
-0.974288 0.490723

-0.974289 0.490723
-0.973755 0.491128

-0.973755 0.49113
-0.973483 0.491333

-0.973486 0.491333
-0.973145 0.491591

-0.973145 0.491592
-0.972682 0.491943

-0.972683 0.491943
-0.972534 0.492054

-0.972534 0.492055
-0.971924 0.492518

-0.971924 0.492519
-0.971877 0.492554

-0.971878 0.492554
-0.971313 0.492982

-0.971313 0.492984
-0.971071 0.493164

-0.971073 0.493164
-0.970703 0.493444

-0.970703 0.493445
-0.970269 0.493774

-0.97027 0.493774
-0.970093 0.493907

-0.970093 0.493908
-0.969482 0.494371

-0.969482 0.494371
-0.969464 0.494385

-0.969464 0.494385
-0.968872 0.494834

-0.968872 0.494835
-0.968657 0.494995

-0.96866 0.494995
-0.968262 0.495297

-0.968262 0.495297
-0.967855 0.495605

-0.967856 0.495605
-0.967651 0.495758

-0.967651 0.495759
-0.967049 0.496216

-0.967049 0.496216
-0.967041 0.496222

-0.967041 0.496222
-0.966431 0.496684

-0.966431 0.496686
-0.966242 0.496826

-0.966243 0.496826
-0.96582 0.497146

-0.96582 0.497147
-0.965437 0.497437

-0.96544 0.497437
-0.96521 0.497607

-0.96521 0.497609
-0.964631 0.498047

-0.964632 0.498047
-0.9646 0.498071

-0.9646 0.498071
-0.963989 0.498532

-0.963989 0.498533
-0.963823 0.498657

-0.963824 0.498657
-0.963379 0.498994

-0.963379 0.498995
-0.963018 0.499268

-0.96302 0.499268
-0.962769 0.499454

-0.962769 0.499456
-0.962211 0.499878

-0.962211 0.499878
-0.962158 0.499918

-0.962158 0.499918
-0.961548 0.500379

-0.961548 0.50038
-0.961402 0.500488

-0.961403 0.500488
-0.960938 0.50084

-0.960938 0.500841
-0.960596 0.501099

-0.960598 0.501099
-0.960327 0.501301

-0.960327 0.501302
-0.959789 0.501709

-0.959788 0.501709
-0.959717 0.501762

-0.959717 0.501763
-0.959106 0.502225

-0.959106 0.502225
-0.95898 0.502319

-0.958981 0.502319
-0.958496 0.502686

-0.958496 0.502686
-0.958172 0.50293

-0.958174 0.50293
-0.957886 0.503145

-0.957886 0.503147
-0.957365 0.50354

-0.957365 0.50354
-0.957275 0.503607

-0.957275 0.503608
-0.956665 0.504068

-0.956665 0.504068
-0.956555 0.50415

-0.956556 0.50415
-0.956055 0.504529

-0.956055 0.50453
-0.955746 0.504761

-0.955748 0.504761
-0.955444 0.504988

-0.955444 0.504989
-0.954938 0.505371

-0.954938 0.505371
-0.954834 0.505449

-0.954834 0.50545
-0.954224 0.50591

-0.954224 0.50591
-0.954128 0.505981

-0.954129 0.505981
-0.953613 0.50637

-0.953613 0.506372
-0.953319 0.506592

-0.953321 0.506592
-0.953003 0.50683

-0.953003 0.506831
-0.952511 0.507202

-0.952511 0.507202
-0.952393 0.507291

-0.952393 0.507291
-0.951782 0.507751

-0.951782 0.507751
-0.9517 0.507812

-0.951701 0.507812
-0.951172 0.508211

-0.951172 0.508213
-0.95089 0.508423

-0.950892 0.508423
-0.950562 0.508671

-0.950562 0.508671
-0.950081 0.509033

-0.950081 0.509033
-0.949951 0.50913

-0.949951 0.509131
-0.949341 0.509591

-0.949341 0.509591
-0.949271 0.509644

-0.949271 0.509644
-0.94873 0.510051

-0.94873 0.510052
-0.948459 0.510254

-0.948462 0.510254
-0.94812 0.51051

-0.94812 0.510511
-0.947651 0.510864

-0.947652 0.510864
-0.94751 0.51097

-0.94751 0.51097
-0.946899 0.51143

-0.946899 0.511429
-0.946838 0.511475

-0.94684 0.511475
-0.946289 0.511889

-0.946289 0.51189
-0.946027 0.512085

-0.946029 0.512085
-0.945679 0.512348

-0.945679 0.512348
-0.945217 0.512695

-0.945218 0.512695
-0.945068 0.512806

-0.945068 0.512807
-0.944458 0.513266

-0.944458 0.513266
-0.944405 0.513306

-0.944406 0.513306
-0.943848 0.513725

-0.943848 0.513727
-0.943592 0.513916

-0.943594 0.513916
-0.943237 0.514184

-0.943237 0.514184
-0.942782 0.514526

-0.942783 0.514526
-0.942627 0.514642

-0.942627 0.514643
-0.942017 0.515101

-0.942017 0.515101
-0.941968 0.515137

-0.941969 0.515137
-0.941406 0.51556

-0.941406 0.515562
-0.941155 0.515747

-0.941157 0.515747
-0.940796 0.516018

-0.940796 0.516019
-0.940345 0.516357

-0.940345 0.516357
-0.940186 0.516475

-0.940186 0.516477
-0.939575 0.516935

-0.939575 0.516935
-0.939532 0.516968

-0.939532 0.516968
-0.938965 0.517394

-0.938965 0.517395
-0.938717 0.517578

-0.938719 0.517578
-0.938354 0.517852

-0.938354 0.517852
-0.937906 0.518188

-0.937907 0.518188
-0.937744 0.518309

-0.937744 0.51831
-0.937134 0.518768

-0.937134 0.518767
-0.937091 0.518799

-0.937092 0.518799
-0.936523 0.519225

-0.936523 0.519227
-0.936277 0.519409

-0.936279 0.519409
-0.935913 0.519683

-0.935913 0.519683
-0.935465 0.52002

-0.935465 0.52002
-0.935303 0.520139

-0.935303 0.520141
-0.934692 0.520599

-0.934692 0.520599
-0.93465 0.52063

-0.934651 0.52063
-0.934082 0.521056

-0.934082 0.521058
-0.933834 0.52124

-0.933837 0.52124
-0.933472 0.521514

-0.933472 0.521514
-0.933022 0.521851

-0.933024 0.521851
-0.932861 0.52197

-0.932861 0.521972
-0.932251 0.522429

-0.932251 0.522428
-0.932206 0.522461

-0.932208 0.522461
-0.931641 0.522886

-0.931641 0.522888
-0.931391 0.523071

-0.931393 0.523071
-0.93103 0.523343

-0.93103 0.523343
-0.930578 0.523682

-0.930579 0.523682
-0.93042 0.523799

-0.93042 0.5238
-0.92981 0.524258

-0.92981 0.524258
-0.929763 0.524292

-0.929764 0.524292
-0.929199 0.524715

-0.929199 0.524716
-0.928946 0.524902

-0.928949 0.524902
-0.928589 0.525171

-0.928589 0.525171
-0.928133 0.525513

-0.928134 0.525513
-0.927979 0.525627

-0.927979 0.525628
-0.927368 0.526085

-0.927368 0.526084
-0.927316 0.526123

-0.927317 0.526123
-0.926758 0.526541

-0.926758 0.526543
-0.926499 0.526733

-0.926501 0.526733
-0.926147 0.526998

-0.926147 0.526998
-0.925685 0.527344

-0.925685 0.527344
-0.925537 0.527453

-0.925537 0.527454
-0.924927 0.52791

-0.924927 0.527911
-0.924868 0.527954

-0.924868 0.527954
-0.924316 0.528366

-0.924316 0.528368
-0.92405 0.528564

-0.924052 0.528564
-0.923706 0.528822

-0.923706 0.528823
-0.923235 0.529175

-0.923236 0.529175
-0.923096 0.529278

-0.923096 0.529279
-0.922485 0.529734

-0.922485 0.529734
-0.922416 0.529785

-0.922417 0.529785
-0.921875 0.53019

-0.921875 0.530191
-0.921598 0.530396

-0.9216 0.530396
-0.921265 0.530645

-0.921265 0.530646
-0.920782 0.531006

-0.920782 0.531006
-0.920654 0.5311

-0.920654 0.531101
-0.920044 0.531557

-0.920044 0.531557
-0.919964 0.531616

-0.919965 0.531616
-0.919434 0.532012

-0.919434 0.532013
-0.919145 0.532227

-0.919147 0.532227
-0.918823 0.532467

-0.918823 0.532468
-0.918328 0.532837

-0.918329 0.532837
-0.918213 0.532923

-0.918213 0.532923
-0.917603 0.533378

-0.917603 0.533378
-0.917509 0.533447

-0.91751 0.533447
-0.916992 0.533833

-0.916992 0.533834
-0.91669 0.534058

-0.916692 0.534058
-0.916382 0.534287

-0.916382 0.534288
-0.915872 0.534668

-0.915872 0.534668
-0.915771 0.534742

-0.915771 0.534743
-0.915161 0.535198

-0.915161 0.535198
-0.915052 0.535278

-0.915053 0.535278
-0.914551 0.535652

-0.914551 0.535653
-0.914233 0.535889

-0.914235 0.535889
-0.91394 0.536106

-0.91394 0.536107
-0.913414 0.536499

-0.913415 0.536499
-0.91333 0.536561

-0.91333 0.536562
-0.91272 0.537016

-0.91272 0.537017
-0.912594 0.537109

-0.912594 0.537109
-0.912109 0.53747

-0.912109 0.537471
-0.911775 0.53772

-0.911776 0.53772
-0.911499 0.537924

-0.911499 0.537925
-0.910955 0.53833

-0.910955 0.53833
-0.910889 0.538379

-0.910889 0.53838
-0.910278 0.538834

-0.910278 0.538835
-0.910134 0.53894

-0.910135 0.53894
-0.909668 0.539288

-0.909668 0.539288
-0.909315 0.539551

-0.909317 0.539551
-0.909058 0.539741

-0.909058 0.539742
-0.908495 0.540161

-0.908495 0.540161
-0.908447 0.540196

-0.908447 0.540196
-0.907837 0.54065

-0.907837 0.540651
-0.907672 0.540771

-0.907674 0.540771
-0.907227 0.541104

-0.907227 0.541104
-0.906853 0.541382

-0.906855 0.541382
-0.906616 0.541556

-0.906616 0.541558
-0.906031 0.541992

-0.906032 0.541992
-0.906006 0.542011

-0.906006 0.542011
-0.905396 0.542465

-0.905396 0.542466
-0.905208 0.542603

-0.90521 0.542603
-0.904785 0.542918

-0.904785 0.542918
-0.904389 0.543213

-0.904391 0.543213
-0.904175 0.54337

-0.904175 0.543371
-0.903567 0.543823

-0.903567 0.543823
-0.903564 0.543825

-0.903564 0.543825
-0.902954 0.544278

-0.902954 0.54428
-0.902742 0.544434

-0.902744 0.544434
-0.902344 0.54473

-0.902344 0.544731
-0.901922 0.545044

-0.901924 0.545044
-0.901733 0.545183

-0.901733 0.545184
-0.901123 0.545637

-0.901123 0.545637
-0.9011 0.545654

-0.9011 0.545654
-0.900513 0.54609

-0.900513 0.546092
-0.900276 0.546265

-0.900278 0.546265
-0.899902 0.546543

-0.899902 0.546543
-0.899455 0.546875

-0.899457 0.546875
-0.899292 0.546995

-0.899292 0.546996
-0.898682 0.547449

-0.898682 0.547449
-0.898632 0.547485

-0.898632 0.547485
-0.898071 0.547902

-0.898071 0.547903
-0.897808 0.548096

-0.897809 0.548096
-0.897461 0.548353

-0.897461 0.548354
-0.896986 0.548706

-0.896987 0.548706
-0.896851 0.548806

-0.896851 0.548806
-0.89624 0.549259

-0.89624 0.549259
-0.896162 0.549316

-0.896162 0.549316
-0.89563 0.549711

-0.89563 0.549712
-0.895338 0.549927

-0.895339 0.549927
-0.89502 0.550163

-0.89502 0.550163
-0.894515 0.550537

-0.894516 0.550537
-0.894409 0.550615

-0.894409 0.550615
-0.893799 0.551068

-0.893799 0.551068
-0.89369 0.551147

-0.893691 0.551147
-0.893188 0.55152

-0.893188 0.55152
-0.892866 0.551758

-0.892865 0.551758
-0.892578 0.551969

-0.892578 0.551971
-0.892043 0.552368

-0.892043 0.552368
-0.891968 0.552423

-0.891968 0.552424
-0.891357 0.552876

-0.891357 0.552877
-0.891218 0.552979

-0.891219 0.552979
-0.890747 0.553328

-0.890747 0.553328
-0.890394 0.553589

-0.890396 0.553589
-0.890137 0.553779

-0.890137 0.55378
-0.88957 0.554199

-0.889571 0.554199
-0.889526 0.554232

-0.889526 0.554232
-0.888916 0.554683

-0.888916 0.554685
-0.888744 0.55481

-0.888745 0.55481
-0.888306 0.555135

-0.888306 0.555135
-0.88792 0.55542

-0.887922 0.55542
-0.887695 0.555584

-0.887695 0.555586
-0.887095 0.55603

-0.887095 0.55603
-0.887085 0.556038

-0.887085 0.556038
-0.886475 0.556489

-0.886475 0.55649
-0.886267 0.556641

-0.88627 0.556641
-0.885864 0.556941

-0.885864 0.55694
-0.885444 0.557251

-0.885446 0.557251
-0.885254 0.55739

-0.885254 0.557392
-0.884644 0.557843

-0.884644 0.557842
-0.884617 0.557861

-0.884618 0.557861
-0.884033 0.558293

-0.884033 0.558295
-0.88379 0.558472

-0.883792 0.558472
-0.883423 0.558744

-0.883423 0.558744
-0.882966 0.559082

-0.882965 0.559082
-0.882812 0.559193

-0.882812 0.559195
-0.882202 0.559646

-0.882202 0.559646
-0.882139 0.559692

-0.88214 0.559692
-0.881592 0.560097

-0.881592 0.560098
-0.881312 0.560303

-0.881314 0.560303
-0.880981 0.560547

-0.880981 0.560548
-0.880487 0.560913

-0.880488 0.560913
-0.880371 0.560998

-0.880371 0.560998
-0.879761 0.561449

-0.879761 0.561449
-0.879659 0.561523

-0.87966 0.561523
-0.87915 0.5619

-0.87915 0.5619
-0.878832 0.562134

-0.878834 0.562134
-0.87854 0.562349

-0.87854 0.56235
-0.878005 0.562744

-0.878005 0.562744
-0.87793 0.562799

-0.87793 0.5628
-0.877319 0.56325

-0.877319 0.563251
-0.877177 0.563354

-0.877178 0.563354
-0.876709 0.5637

-0.876709 0.5637
-0.87635 0.563965

-0.876352 0.563965
-0.876099 0.564149

-0.876099 0.56415
-0.875522 0.564575

-0.875522 0.564575
-0.875488 0.5646

-0.875488 0.5646
-0.874878 0.56505

-0.874878 0.565052
-0.874692 0.565186

-0.874694 0.565186
-0.874268 0.5655

-0.874268 0.5655
-0.873866 0.565796

-0.873868 0.565796
-0.873657 0.565948

-0.873657 0.56595
-0.873047 0.5664

-0.873047 0.5664
-0.873038 0.566406

-0.873038 0.566406
-0.872437 0.56685

-0.872437 0.566851
-0.872208 0.567017

-0.87221 0.567017
-0.871826 0.567299

-0.871826 0.567299
-0.871381 0.567627

-0.871383 0.567627
-0.871216 0.567748

-0.871216 0.567749
-0.870605 0.568198

-0.870605 0.568199
-0.870553 0.568237

-0.870553 0.568237
-0.869995 0.568648

-0.869995 0.568649
-0.869723 0.568848

-0.869724 0.568848
-0.869385 0.569097

-0.869385 0.569097
-0.868895 0.569458

-0.868896 0.569458
-0.868774 0.569546

-0.868774 0.569547
-0.868164 0.569996

-0.868164 0.569997
-0.868065 0.570068

-0.868066 0.570068
-0.867554 0.570445

-0.867554 0.570446
-0.867236 0.570679

-0.867238 0.570679
-0.866943 0.570894

-0.866943 0.570895
-0.866407 0.571289

-0.866408 0.571289
-0.866333 0.571343

-0.866333 0.571343
-0.865723 0.571792

-0.865723 0.571793
-0.865576 0.571899

-0.865577 0.571899
-0.865112 0.572242

-0.865112 0.572242
-0.864748 0.57251

-0.864749 0.57251
-0.864502 0.572689

-0.864502 0.57269
-0.863918 0.57312

-0.863918 0.57312
-0.863892 0.573139

-0.863892 0.573139
-0.863281 0.573588

-0.863281 0.573589
-0.863085 0.57373

-0.863088 0.57373
-0.862671 0.574037

-0.862671 0.574037
-0.862258 0.574341

-0.86226 0.574341
-0.862061 0.574484

-0.862061 0.574486
-0.86145 0.574934

-0.86145 0.574934
-0.861426 0.574951

-0.861427 0.574951
-0.86084 0.575383

-0.86084 0.575384
-0.860595 0.575562

-0.860597 0.575562
-0.860229 0.575831

-0.860229 0.575831
-0.859766 0.576172

-0.859766 0.576172
-0.859619 0.576278

-0.859619 0.57628
-0.859009 0.576728

-0.859009 0.576728
-0.858934 0.576782

-0.858935 0.576782
-0.858398 0.577176

-0.858398 0.577177
-0.858103 0.577393

-0.858105 0.577393
-0.857788 0.577624

-0.857788 0.577625
-0.857273 0.578003

-0.857274 0.578003
-0.857178 0.578073

-0.857178 0.578073
-0.856567 0.578521

-0.856567 0.578522
-0.856441 0.578613

-0.856441 0.578613
-0.855957 0.578969

-0.855957 0.57897
-0.855611 0.579224

-0.855612 0.579224
-0.855347 0.579417

-0.855347 0.579418
-0.85478 0.579834

-0.85478 0.579834
-0.854736 0.579865

-0.854736 0.579866
-0.854126 0.580314

-0.854126 0.580316
-0.853947 0.580444

-0.853949 0.580444
-0.853516 0.580762

-0.853516 0.580762
-0.853117 0.581055

-0.85312 0.581055
-0.852905 0.581209

-0.852905 0.58121
-0.852295 0.581658

-0.852295 0.581658
-0.852286 0.581665

-0.852286 0.581665
-0.851685 0.582106

-0.851685 0.582108
-0.851452 0.582275

-0.851454 0.582275
-0.851074 0.582554

-0.851074 0.582554
-0.850622 0.582886

-0.850623 0.582886
-0.850464 0.583001

-0.850464 0.583002
-0.849854 0.583449

-0.849854 0.58345
-0.849789 0.583496

-0.84979 0.583496
-0.849243 0.583897

-0.849243 0.583898
-0.848957 0.584106

-0.848958 0.584106
-0.848633 0.584344

-0.848633 0.584345
-0.848125 0.584717

-0.848126 0.584717
-0.848022 0.584792

-0.848022 0.584792
-0.847412 0.58524

-0.847412 0.58524
-0.847292 0.585327

-0.847293 0.585327
-0.846802 0.585687

-0.846802 0.585687
-0.84646 0.585938

-0.846459 0.585938
-0.846191 0.586132

-0.846191 0.586134
-0.845628 0.586548

-0.845628 0.586548
-0.845581 0.586582

-0.845581 0.586582
-0.844971 0.587029

-0.844971 0.58703
-0.844793 0.587158

-0.844795 0.587158
-0.84436 0.587477

-0.84436 0.587477
-0.843962 0.587769

-0.843964 0.587769
-0.84375 0.587922

-0.84375 0.587924
-0.84314 0.588371

-0.84314 0.58837
-0.843128 0.588379

-0.843129 0.588379
-0.842529 0.588819

-0.842529 0.58882
-0.842294 0.588989

-0.842296 0.588989
-0.841919 0.589266

-0.841919 0.589266
-0.841463 0.5896

-0.841464 0.5896
-0.841309 0.589711

-0.841309 0.589713
-0.840698 0.59016

-0.840698 0.59016
-0.840629 0.59021

-0.84063 0.59021
-0.840088 0.590607

-0.840088 0.590607
-0.839795 0.59082

-0.839797 0.59082
-0.839478 0.591054

-0.839478 0.591054
-0.838963 0.591431

-0.838964 0.591431
-0.838867 0.5915

-0.838867 0.591501
-0.838257 0.591948

-0.838257 0.591949
-0.838128 0.592041

-0.838129 0.592041
-0.837646 0.592395

-0.837646 0.592395
-0.837296 0.592651

-0.837297 0.592651
-0.837036 0.59284

-0.837036 0.592841
-0.836462 0.593262

-0.836461 0.593262
-0.836426 0.593287

-0.836426 0.593288
-0.835815 0.593735

-0.835815 0.593737
-0.835626 0.593872

-0.835629 0.593872
-0.835205 0.594182

-0.835205 0.594182
-0.834795 0.594482

-0.834797 0.594482
-0.834595 0.594627

-0.834595 0.594629
-0.833984 0.595075

-0.833984 0.595075
-0.83396 0.595093

-0.833961 0.595093
-0.833374 0.595522

-0.833374 0.595523
-0.833125 0.595703

-0.833126 0.595703
-0.832764 0.595968

-0.832764 0.595968
-0.832292 0.596313

-0.832293 0.596313
-0.832153 0.596414

-0.832153 0.596415
-0.831543 0.596861

-0.831543 0.596862
-0.831457 0.596924

-0.831458 0.596924
-0.830933 0.597308

-0.830933 0.597308
-0.830622 0.597534

-0.830624 0.597534
-0.830322 0.597754

-0.830322 0.597754
-0.829788 0.598145

-0.829789 0.598145
-0.829712 0.5982

-0.829712 0.5982
-0.829102 0.598646

-0.829102 0.598648
-0.828952 0.598755

-0.828953 0.598755
-0.828491 0.599093

-0.828491 0.599093
-0.828119 0.599365

-0.82812 0.599365
-0.827881 0.599537

-0.827881 0.599539
-0.827284 0.599976

-0.827284 0.599976
-0.827271 0.599985

