-1.72015 0.0
-1.72004 0.00976562

-1.72004 0.00976562
-1.71972 0.0195312

-1.71972 0.0195312
-1.71918 0.0292969

-1.71918 0.0292969
-1.71842 0.0390625

-1.71842 0.0390625
-1.71746 0.0488281

-1.71746 0.0488281
-1.71629 0.0585938

-1.71629 0.0585938
-1.71493 0.0683594

-1.71492 0.0683594
-1.71339 0.078125

-1.71339 0.078125
-1.71289 0.0810074

-1.71289 0.080959
-1.71169 0.0878906

-1.71169 0.0878906
-1.70985 0.0976562

-1.70985 0.0976562
-1.70787 0.107422

-1.70786 0.107422
-1.70577 0.117188

-1.70576 0.117188
-1.70359 0.126953

-1.7036 0.126953
-1.70312 0.129027

-1.70312 0.128941
-1.70134 0.136719

-1.70134 0.136719
-1.69905 0.146484

-1.69904 0.146484
-1.69672 0.15625

-1.69671 0.15625
-1.69438 0.166016

-1.69439 0.166016
-1.69336 0.170322

-1.69336 0.170242
-1.69204 0.175781

-1.69205 0.175781
-1.68973 0.185547

-1.68973 0.185547
-1.68742 0.195312

-1.68743 0.195312
-1.68512 0.205078

-1.68513 0.205078
-1.68359 0.211581

-1.68359 0.211541
-1.68281 0.214844

-1.68283 0.214844
-1.68048 0.224609

-1.6805 0.224609
-1.67806 0.234375

-1.67809 0.234375
-1.67545 0.244141

-1.67548 0.244141
-1.67383 0.249556

-1.67383 0.249622
-1.67252 0.253906

-1.67256 0.253906
-1.66905 0.263672

-1.6692 0.263672
-1.66478 0.273438

-1.66483 0.273438
-1.66406 0.274779

-1.66406 0.274895
-1.659 0.283203

-1.65917 0.283203
-1.6543 0.289259

-1.6543 0.289142
-1.65064 0.292969

-1.65082 0.292969
-1.64453 0.298276

-1.64453 0.298176
-1.63704 0.302734

-1.63741 0.302734
-1.63477 0.304245

-1.63477 0.303918
-1.625 0.307779

-1.625 0.307622
-1.61523 0.310203

-1.61523 0.31011
-1.60547 0.311905

-1.60547 0.311826
-1.60035 0.3125

-1.60604 0.3125
-1.60547 0.312604

-1.60084 0.3125
-1.5957 0.313177

-1.5957 0.313104
-1.58594 0.314064

-1.58594 0.314034
-1.57617 0.31481

-1.57617 0.31479
-1.56641 0.315481

-1.56641 0.315469
-1.55664 0.316141

-1.55664 0.316131
-1.54688 0.316831

-1.54688 0.316821
-1.53711 0.317591

-1.53711 0.317589
-1.52734 0.318456

-1.52734 0.31845
-1.51758 0.319429

-1.51758 0.319421
-1.50781 0.32054

-1.50795 0.322266
-1.50781 0.322281

-1.50781 0.320539
-1.49805 0.321804

-1.49896 0.322266
-1.49805 0.322384

-1.49805 0.321798
-1.49478 0.322266

-1.49492 0.322266
-1.48828 0.323217

-1.48828 0.323204
-1.47852 0.324746

-1.47852 0.324746
-1.46875 0.326446

-1.46875 0.326444
-1.45898 0.328307

-1.45898 0.328305
-1.44922 0.330337

-1.44928 0.332031
-1.44922 0.332045

-1.44922 0.330339
-1.44163 0.332031

-1.44183 0.332031
-1.43945 0.332562

-1.43945 0.332523
-1.42969 0.334832

-1.42969 0.334827
-1.41992 0.337286

-1.41992 0.337284
-1.41016 0.339906

-1.41019 0.341797
-1.41016 0.341806

-1.41016 0.33991
-1.40347 0.341797

-1.40359 0.341797
-1.40039 0.342701

-1.40039 0.342671
-1.39062 0.345542

-1.39062 0.345535
-1.38086 0.348551

-1.38086 0.348559
-1.37155 0.351562

-1.3718 0.351562
-1.37109 0.351791

-1.37109 0.351719
-1.36133 0.354969

-1.36133 0.354954
-1.35156 0.358327

-1.35156 0.358336
-1.3432 0.361328

-1.34333 0.361328
-1.3418 0.361878

-1.3418 0.361836
-1.33203 0.365412

-1.33203 0.365397
-1.32227 0.369086

-1.32227 0.369098
-1.31711 0.371094

-1.31718 0.371094
-1.3125 0.372904

-1.3125 0.372875
-1.30273 0.376729

-1.30273 0.37673
-1.29297 0.380682

-1.2932 0.380859
-1.29297 0.380954

-1.29297 0.380697
-1.29257 0.380859

-1.29258 0.380859
-1.2832 0.384712

-1.2832 0.38469
-1.27344 0.38878

-1.27344 0.388795
-1.26914 0.390625

-1.26919 0.390625
-1.26367 0.392973

-1.26367 0.392942
-1.25391 0.397152

-1.25391 0.397157
-1.24652 0.400391

-1.24661 0.400391
-1.24414 0.40147

-1.24414 0.401438
-1.23438 0.405754

-1.23438 0.405747
-1.22461 0.410122

-1.22461 0.410141
-1.22457 0.410156

-1.22481 0.410156
-1.22461 0.410247

-1.22457 0.410156
-1.21484 0.414552

-1.21484 0.414529
-1.20508 0.418992

-1.20508 0.419014
-1.20311 0.419922

-1.20312 0.419922
-1.19531 0.423525

-1.19531 0.423496
-1.18555 0.428039

-1.18555 0.428055
-1.18207 0.429688

-1.1821 0.429688
-1.17578 0.432656

-1.17578 0.432627
-1.16602 0.437251

-1.16602 0.437261
-1.16143 0.439453

-1.16147 0.439453
-1.15625 0.441947

-1.15625 0.44192
-1.14648 0.446623

-1.14648 0.446626
-1.14115 0.449219

-1.1412 0.449219
-1.13672 0.451394

-1.13672 0.45137
-1.12695 0.456152

-1.12695 0.456151
-1.12122 0.458984

-1.12127 0.458984
-1.11719 0.460998

-1.11719 0.460977
-1.10742 0.465837

-1.10742 0.465833
-1.10161 0.46875

-1.10166 0.46875
-1.09766 0.470756

-1.09766 0.470736
-1.08789 0.475671

-1.08789 0.475667
-1.08229 0.478516

-1.08234 0.478516
-1.07812 0.48066

-1.07812 0.480641
-1.06836 0.485646

-1.06836 0.485643
-1.06324 0.488281

-1.06328 0.488281
-1.05859 0.490699

-1.05859 0.490681
-1.04883 0.495748

-1.04883 0.495748
-1.04442 0.498047

-1.04445 0.498047
-1.03906 0.50086

-1.03906 0.500843
-1.0293 0.505966

-1.0293 0.50597
-1.0258 0.507812

-1.02582 0.507812
-1.01953 0.51113

-1.01953 0.511113
-1.00977 0.516286

-1.00977 0.516295
-1.00735 0.517578

-1.00737 0.517578
-1.0 0.521498

-1.0 0.521481
-0.990234 0.526699

-0.990234 0.526712
-0.989057 0.527344

-0.989062 0.527344
-0.980469 0.531954

-0.980469 0.531939
-0.970867 0.537109

-0.970928 0.537109
-0.970703 0.53723

-0.970703 0.537211
-0.960938 0.542492

-0.960938 0.542477
-0.952831 0.546875

-0.952876 0.546875
-0.951172 0.5478

-0.951172 0.547787
-0.941406 0.553107

-0.941406 0.553095
-0.934919 0.556641

-0.934954 0.556641
-0.931641 0.558451

-0.931641 0.558441
-0.921875 0.5638

-0.921875 0.563794
-0.91713 0.566406

-0.917153 0.566406
-0.912109 0.569183

-0.912109 0.569174
-0.902344 0.574574

-0.902344 0.574575
-0.899465 0.576172

-0.899476 0.576172
-0.892578 0.579998

-0.892578 0.579988
-0.882812 0.585429

-0.882812 0.585439
-0.881918 0.585938

-0.88192 0.585938
-0.873047 0.5909

-0.873047 0.590889
-0.864471 0.595703

-0.864499 0.595703
-0.863281 0.596385

