-1.62696 0.0
-1.62697 0.00244141

-1.62697 0.00244141
-1.62701 0.00488281

-1.62701 0.00488281
-1.62708 0.00732422

-1.62708 0.00732422
-1.62717 0.00976562

-1.62717 0.00976562
-1.62728 0.012207

-1.62729 0.012207
-1.6274 0.0146484

-1.62744 0.0155326
-1.62751 0.0170898

-1.62752 0.0170898
-1.62759 0.0195312

-1.62744 0.0155616
-1.6274 0.0146484

-1.62761 0.0195312
-1.62761 0.0219727

-1.62763 0.0219727
-1.62748 0.0244141

-1.62751 0.0244141
-1.62744 0.0247957

-1.62744 0.0249601
-1.62708 0.0268555

-1.62717 0.0268555
-1.62606 0.0292969

-1.62616 0.0292969
-1.625 0.0307656

-1.625 0.0307113
-1.62374 0.0317383

-1.62377 0.0317383
-1.62256 0.0325228

-1.62256 0.0324026
-1.62012 0.0332272

-1.62012 0.0331415
-1.61768 0.0334936

-1.61768 0.0334591
-1.61523 0.0335792

-1.61523 0.0335609
-1.61279 0.0335546

-1.61279 0.0335444
-1.61035 0.0334688

-1.61035 0.0334617
-1.60791 0.0333513

-1.60791 0.0333473
-1.60547 0.0332243

-1.60547 0.0332221
-1.60303 0.0330989

-1.60303 0.0330977
-1.60059 0.032981

-1.60059 0.0329798
-1.59814 0.0328745

-1.59814 0.032874
-1.5957 0.0327832

-1.5957 0.0327831
-1.59326 0.0327079

-1.59326 0.0327078
-1.59082 0.0326487

-1.59082 0.0326486
-1.58838 0.0326062

-1.58838 0.0326056
-1.58594 0.0325815

-1.58594 0.0325812
-1.5835 0.0325772

-1.5835 0.0325762
-1.58105 0.0325949

-1.58105 0.0325939
-1.57861 0.0326394

-1.57861 0.0326381
-1.57617 0.0327151

-1.57617 0.0327137
-1.57373 0.0328277

-1.57373 0.0328269
-1.57129 0.0329823

-1.57129 0.0329823
-1.56885 0.033181

-1.56885 0.0331801
-1.56641 0.0334238

-1.56641 0.0334258
-1.56396 0.0337121

-1.56396 0.0337122
-1.56152 0.0340369

-1.56152 0.0340364
-1.56054 0.0341797

-1.56058 0.0341797
-1.55908 0.0343987

-1.55908 0.0343927
-1.55664 0.0347795

-1.55664 0.034776
-1.5542 0.0352076

-1.5542 0.0352043
-1.55176 0.0356941

-1.55176 0.0356913
-1.54932 0.0362512

-1.54932 0.0362566
-1.54787 0.0366211

-1.54792 0.0366211
-1.54688 0.0368836

-1.54688 0.0368744
-1.54443 0.0375207

-1.54443 0.0375135
-1.54199 0.0382094

-1.54199 0.0382108
-1.53955 0.0389681

-1.53955 0.038977
-1.53929 0.0390625

-1.53931 0.0390625
-1.53711 0.0397697

-1.53711 0.0397556
-1.53467 0.0405667

-1.53467 0.0405627
-1.53223 0.0414339

-1.53223 0.0414411
-1.53206 0.0415039

-1.53208 0.0415039
-1.52979 0.0423595

-1.52979 0.0423422
-1.52734 0.0432972

-1.52734 0.0433001
-1.52578 0.0439453

-1.52584 0.0439453
-1.5249 0.0443328

-1.5249 0.044319
-1.52246 0.0453611

-1.52246 0.0453523
-1.52014 0.0463867

-1.5202 0.0463867
-1.52002 0.0464691

-1.52002 0.0464532
-1.51758 0.0475755

-1.51758 0.0475605
-1.51514 0.048724

-1.51514 0.0487333
-1.51494 0.0488281

-1.51496 0.0488281
-1.5127 0.0499429

-1.5127 0.0499273
-1.51025 0.0511651

-1.51025 0.0511729
-1.51007 0.0512695

-1.51008 0.0512695
-1.50781 0.0524549

-1.50781 0.0524408
-1.50544 0.0537109

-1.50549 0.0537109
-1.50537 0.0537762

-1.50537 0.05376
-1.50293 0.0551035

-1.50293 0.0550919
-1.50104 0.0561523

-1.50108 0.0561523
-1.50049 0.0564859

-1.50049 0.0564696
-1.49805 0.0578744

-1.49805 0.0578685
-1.49681 0.0585938

-1.49684 0.0585938
-1.49561 0.0593161

-1.49561 0.0593008
-1.49316 0.0607626

-1.49316 0.0607664
-1.49272 0.0610352

-1.49273 0.0610352
-1.49072 0.0622616

-1.49072 0.0622498
-1.48874 0.0634766

-1.48877 0.0634766
-1.48828 0.0637786

-1.48828 0.0637651
-1.48584 0.0653019

-1.48584 0.0652975
-1.48486 0.065918

-1.48489 0.065918
-1.4834 0.066864

-1.4834 0.0668521
-1.48106 0.0683594

-1.48109 0.0683594
-1.48096 0.0684447

-1.48096 0.0684335
-1.47852 0.0700328

-1.47852 0.0700258
-1.47734 0.0708008

-1.47736 0.0708008
-1.47607 0.0716526

-1.47607 0.0716412
-1.47368 0.0732422

-1.47371 0.0732422
-1.47363 0.0732906

-1.47363 0.0732796
-1.47119 0.074937

-1.47119 0.0749314
-1.47009 0.0756836

-1.47011 0.0756836
-1.46875 0.0766157

-1.46875 0.0766065
-1.46656 0.078125

-1.46658 0.078125
-1.46631 0.0783113

-1.46631 0.0783027
-1.46387 0.0800171

-1.46387 0.0800186
-1.46308 0.0805664

-1.4631 0.0805664
-1.46143 0.0817503

-1.46143 0.0817421
-1.45965 0.0830078

-1.45968 0.0830078
-1.45898 0.0834921

-1.45898 0.0834874
-1.45654 0.0852503

-1.45654 0.0852513
-1.45627 0.0854492

-1.45627 0.0854492
-1.4541 0.0870329

-1.4541 0.0870292
-1.45292 0.0878906

-1.45294 0.0878906
-1.45166 0.0888273

-1.45166 0.0888217
-1.44962 0.090332

-1.44963 0.090332
-1.44922 0.0906365

-1.44922 0.0906302
-1.44678 0.0924535

-1.44678 0.0924541
-1.44635 0.0927734

-1.44636 0.0927734
-1.44434 0.0942923

-1.44434 0.0942901
-1.4431 0.0952148

-1.44313 0.0952148
-1.44189 0.0961381

-1.44189 0.0961352
-1.4399 0.0976562

-1.43991 0.0976562
-1.43945 0.0979989

-1.43945 0.0979933
-1.43701 0.0998644

-1.43701 0.0998648
-1.43671 0.100098

-1.43671 0.100098
-1.43457 0.101749

-1.43457 0.101752
-1.43353 0.102539

-1.43356 0.102539
-1.43213 0.10364

-1.43213 0.103638
-1.4304 0.10498

-1.43042 0.10498
-1.42969 0.10554

-1.42969 0.105538
-1.42728 0.107422

-1.42729 0.107422
-1.42725 0.107459

-1.42725 0.107451
-1.4248 0.109372

-1.4248 0.109371
-1.42417 0.109863

-1.42418 0.109863
-1.42236 0.111302

-1.42236 0.111304
-1.42108 0.112305

-1.42111 0.112305
-1.41992 0.113232

-1.41992 0.113234
-1.41802 0.114746

-1.41803 0.114746
-1.41748 0.115182

-1.41748 0.115179
-1.41504 0.117134

-1.41504 0.117134
-1.41497 0.117188

-1.41497 0.117188
-1.4126 0.1191

-1.4126 0.119099
-1.41194 0.119629

-1.41194 0.119629
-1.41016 0.121074

-1.41016 0.121079
-1.40891 0.12207

-1.40894 0.12207
-1.40771 0.123047

-1.40771 0.123052
-1.40592 0.124512

-1.40593 0.124512
-1.40527 0.125043

-1.40527 0.125041
-1.40294 0.126953

-1.40295 0.126953
-1.40283 0.127046

-1.40283 0.12704
-1.40039 0.129046

-1.40039 0.129045
-1.39996 0.129395

-1.39997 0.129395
-1.39795 0.13106

-1.39795 0.131061
-1.397 0.131836

-1.39702 0.131836
-1.39551 0.133076

-1.39551 0.133084
-1.39405 0.134277

-1.39407 0.134277
-1.39307 0.135102

-1.39307 0.135104
-1.39113 0.136719

-1.39114 0.136719
-1.39062 0.137142

-1.39062 0.137139
-1.38821 0.13916

-1.38822 0.13916
-1.38818 0.139188

-1.38818 0.139182
-1.38574 0.141234

-1.38574 0.141233
-1.3853 0.141602

-1.38531 0.141602
-1.3833 0.143293

-1.3833 0.143293
-1.38241 0.144043

-1.38242 0.144043
-1.38086 0.145353

-1.38086 0.145366
-1.37952 0.146484

-1.37954 0.146484
-1.37842 0.147424

-1.37842 0.147429
-1.37665 0.148926

-1.37666 0.148926
-1.37598 0.149506

-1.37598 0.149504
-1.37379 0.151367

-1.3738 0.151367
-1.37354 0.151593

-1.37354 0.151589
-1.37109 0.15368

-1.37109 0.153679
-1.37094 0.153809

-1.37094 0.153809
-1.36865 0.155777

-1.36865 0.155776
-1.3681 0.15625

-1.36811 0.15625
-1.36621 0.157881

-1.36621 0.157883
-1.36527 0.158691

-1.36528 0.158691
-1.36377 0.159984

-1.36377 0.159999
-1.36244 0.161133

-1.36246 0.161133
-1.36133 0.162103

-1.36133 0.162111
-1.35963 0.163574

-1.35965 0.163574
-1.35889 0.164231

-1.35889 0.16423
-1.35684 0.166016

-1.35685 0.166016
-1.35645 0.166366

-1.35645 0.166363
-1.35406 0.168457

-1.35406 0.168457
-1.354 0.168508

-1.354 0.168504
-1.35156 0.170652

-1.35156 0.170652
-1.35128 0.170898

-1.35128 0.170898
-1.34912 0.172807

-1.34912 0.172806
-1.34851 0.17334

-1.34852 0.17334
-1.34668 0.174963

-1.34668 0.174967
-1.34575 0.175781

-1.34577 0.175781
-1.34424 0.177117

-1.34424 0.177133
-1.343 0.178223

-1.34301 0.178223
-1.3418 0.179288

-1.3418 0.179302
-1.34024 0.180664

-1.34026 0.180664
-1.33936 0.181461

-1.33936 0.181464
-1.3375 0.183105

-1.33751 0.183105
-1.33691 0.183636

-1.33691 0.183634
-1.33477 0.185547

-1.33477 0.185547
-1.33447 0.185816

-1.33447 0.185813
-1.33204 0.187988

-1.33204 0.187988
-1.33203 0.187999

-1.33203 0.187996
-1.32959 0.190181

-1.32959 0.19018
-1.32931 0.19043

-1.32931 0.19043
-1.32715 0.19237

-1.32715 0.192369
-1.32659 0.192871

-1.32659 0.192871
-1.32471 0.19456

-1.32471 0.194564
-1.32387 0.195312

-1.32388 0.195312
-1.32227 0.19675

-1.32227 0.196763
-1.32116 0.197754

-1.32117 0.197754
-1.31982 0.198954

-1.31982 0.198966
-1.31845 0.200195

-1.31846 0.200195
-1.31738 0.201163

-1.31738 0.201174
-1.31574 0.202637

-1.31576 0.202637
-1.31494 0.203375

-1.31494 0.203378
-1.31306 0.205078

-1.31307 0.205078
-1.3125 0.20559

-1.3125 0.205589
-1.31037 0.20752

-1.31038 0.20752
-1.31006 0.207807

-1.31006 0.207806
-1.30769 0.209961

-1.30769 0.209961
-1.30762 0.210026

-1.30762 0.210024
-1.30518 0.212242

-1.30518 0.212241
-1.305 0.212402

-1.305 0.212402
-1.30273 0.21446

-1.30273 0.214459
-1.30231 0.214844

-1.30231 0.214844
-1.30029 0.216678

-1.30029 0.216679
-1.29962 0.217285

-1.29963 0.217285
-1.29785 0.218893

-1.29785 0.218902
-1.29694 0.219727

-1.29695 0.219727
-1.29541 0.221111

-1.29541 0.221123
-1.29425 0.222168

-1.29426 0.222168
-1.29297 0.223335

-1.29297 0.223346
-1.29157 0.224609

-1.29158 0.224609
-1.29053 0.22556

-1.29053 0.225572
-1.28888 0.227051

-1.2889 0.227051
-1.28809 0.227785

-1.28809 0.227789
-1.28621 0.229492

-1.28621 0.229492
-1.28564 0.23001

-1.28564 0.230009
-1.28353 0.231934

-1.28353 0.231934
-1.2832 0.232233

-1.2832 0.232232
-1.28085 0.234375

-1.28085 0.234375
-1.28076 0.234455

-1.28076 0.234454
-1.27832 0.236675

-1.27832 0.236674
-1.27816 0.236816

-1.27816 0.236816
-1.27588 0.238895

-1.27588 0.238894
-1.27548 0.239258

-1.27548 0.239258
-1.27344 0.241115

-1.27344 0.241117
-1.2728 0.241699

-1.2728 0.241699
-1.271 0.243332

-1.271 0.24334
-1.27011 0.244141

-1.27012 0.244141
-1.26855 0.245549

-1.26855 0.245562
-1.26742 0.246582

-1.26743 0.246582
-1.26611 0.247772

-1.26611 0.247783
-1.26473 0.249023

-1.26475 0.249023
-1.26367 0.249994

-1.26367 0.250006
-1.26204 0.251465

-1.26206 0.251465
-1.26123 0.252214

-1.26123 0.252219
-1.25936 0.253906

-1.25937 0.253906
-1.25879 0.254433

-1.25879 0.254433
-1.25668 0.256348

-1.25668 0.256348
-1.25635 0.25665

-1.25635 0.25665
-1.25399 0.258789

-1.25399 0.258789
-1.25391 0.258865

-1.25391 0.258864
-1.25146 0.261077

-1.25146 0.261076
-1.25129 0.26123

-1.2513 0.26123
-1.24902 0.263289

-1.24902 0.263288
-1.2486 0.263672

-1.2486 0.263672
-1.24658 0.2655

-1.24658 0.265502
-1.2459 0.266113

-1.24591 0.266113
-1.24414 0.267705

-1.24414 0.267714
-1.24321 0.268555

-1.24322 0.268555
-1.2417 0.269908

-1.2417 0.269922
-1.2405 0.270996

-1.24051 0.270996
-1.23926 0.272116

-1.23926 0.27213
-1.23779 0.273438

-1.2378 0.273438
-1.23682 0.274322

-1.23682 0.274331
-1.23508 0.275879

-1.23509 0.275879
-1.23438 0.276523

-1.23438 0.276525
-1.23238 0.27832

-1.23238 0.27832
-1.23193 0.27872

-1.23193 0.27872
-1.22966 0.280762

-1.22966 0.280762
-1.22949 0.280911

-1.22949 0.280911
-1.22705 0.283099

-1.22705 0.283098
-1.22693 0.283203

-1.22693 0.283203
-1.22461 0.285285

-1.22461 0.285284
-1.22421 0.285645

-1.22421 0.285645
-1.22217 0.287468

-1.22217 0.28747
-1.22148 0.288086

-1.22148 0.288086
-1.21973 0.289645

-1.21973 0.289654
-1.21874 0.290527

-1.21875 0.290527
-1.21729 0.291819

-1.21729 0.291834
-1.216 0.292969

-1.21601 0.292969
-1.21484 0.293999

-1.21484 0.294013
-1.21325 0.29541

-1.21327 0.29541
-1.2124 0.296175

-1.2124 0.296179
-1.21052 0.297852

-1.21052 0.297852
-1.20996 0.298346

-1.20996 0.298347
-1.20776 0.300293

-1.20776 0.300293
-1.20752 0.30051

-1.20752 0.30051
-1.20508 0.30267

-1.20508 0.30267
-1.20501 0.302734

-1.20501 0.302734
-1.20264 0.304829

-1.20264 0.304829
-1.20224 0.305176

-1.20225 0.305176
-1.2002 0.306986

-1.2002 0.306987
-1.19948 0.307617

-1.19948 0.307617
-1.19775 0.309132

-1.19775 0.309142
-1.1967 0.310059

-1.19672 0.310059
-1.19531 0.311274

-1.19531 0.311292
-1.19392 0.3125

-1.19393 0.3125
-1.19287 0.313422

-1.19287 0.313431
-1.19114 0.314941

-1.19114 0.314941
-1.19043 0.315564

-1.19043 0.315566
-1.18835 0.317383

-1.18835 0.317383
-1.18799 0.317699

-1.18799 0.317699
-1.18555 0.319824

-1.18555 0.319824
-1.18555 0.319829

-1.18555 0.319829
-1.18311 0.321957

-1.18311 0.321956
-1.18275 0.322266

-1.18275 0.322266
-1.18066 0.324082

-1.18066 0.324084
-1.17994 0.324707

-1.17995 0.324707
-1.17822 0.326199

-1.17822 0.326208
-1.17713 0.327148

-1.17714 0.327148
-1.17578 0.328309

-1.17578 0.328328
-1.1743 0.32959

-1.17432 0.32959
-1.17334 0.330427

-1.17334 0.330432
-1.17148 0.332031

-1.17149 0.332031
-1.1709 0.332538

-1.1709 0.332539
-1.16865 0.334473

-1.16865 0.334473
-1.16846 0.33464

-1.16846 0.334641
-1.16602 0.33674

-1.16602 0.33674
-1.16581 0.336914

-1.16581 0.336914
-1.16357 0.338836

-1.16357 0.338837
-1.16297 0.339355

-1.16297 0.339355
-1.16113 0.340926

-1.16113 0.340932
-1.16011 0.341797

-1.16013 0.341797
-1.15869 0.343003

-1.15869 0.343022
-1.15724 0.344238

-1.15726 0.344238
-1.15625 0.345091

-1.15625 0.345096
-1.15439 0.34668

-1.15439 0.34668
-1.15381 0.347172

-1.15381 0.347173
-1.15151 0.349121

-1.15151 0.349121
-1.15137 0.349244

-1.15137 0.349245
-1.14893 0.351315

-1.14893 0.351315
-1.14863 0.351562

-1.14863 0.351562
-1.14648 0.353382

-1.14648 0.353384
-1.14575 0.354004

-1.14575 0.354004
-1.14404 0.355442

-1.14404 0.355453
-1.14285 0.356445

-1.14287 0.356445
-1.1416 0.357494

-1.1416 0.357507
-1.13995 0.358887

-1.13996 0.358887
-1.13916 0.359555

-1.13916 0.359558
-1.13705 0.361328

-1.13705 0.361328
-1.13672 0.361605

-1.13672 0.361607
-1.13428 0.363653

-1.13428 0.363653
-1.13414 0.36377

-1.13414 0.36377
-1.13184 0.365696

-1.13184 0.365697
-1.13122 0.366211

-1.13122 0.366211
-1.12939 0.367735

-1.12939 0.367742
-1.12829 0.368652

-1.1283 0.368652
-1.12695 0.369759

-1.12695 0.369772
-1.12536 0.371094

-1.12536 0.371094
-1.12451 0.371795

-1.12451 0.371799
-1.12242 0.373535

-1.12242 0.373535
-1.12207 0.373821

-1.12207 0.373822
-1.11963 0.375844

-1.11963 0.375844
-1.11947 0.375977

-1.11947 0.375977
-1.11719 0.377862

-1.11719 0.377864
-1.11651 0.378418

-1.11651 0.378418
-1.11475 0.379875

-1.11475 0.379884
-1.11354 0.380859

-1.11356 0.380859
-1.1123 0.381874

-1.1123 0.381885
-1.11058 0.383301

-1.11058 0.383301
-1.10986 0.383886

-1.10986 0.383889
-1.1076 0.385742

-1.1076 0.385742
-1.10742 0.385887

-1.10742 0.385889
-1.10498 0.387885

-1.10498 0.387885
-1.10461 0.388184

-1.10461 0.388184
-1.10254 0.389878

-1.10254 0.389883
-1.10162 0.390625

-1.10163 0.390625
-1.1001 0.391863

-1.1001 0.391871
-1.09862 0.393066

-1.09863 0.393066
-1.09766 0.393846

-1.09766 0.393852
-1.09562 0.395508

-1.09562 0.395508
-1.09521 0.395831

-1.09521 0.395833
-1.09277 0.397811

-1.09277 0.397811
-1.0926 0.397949

-1.0926 0.397949
-1.09033 0.399787

-1.09033 0.39979
-1.08958 0.400391

-1.08959 0.400391
-1.08789 0.401758

-1.08789 0.401765
-1.08655 0.402832

-1.08657 0.402832
-1.08545 0.403717

-1.08545 0.403726
-1.08352 0.405273

-1.08353 0.405273
-1.08301 0.405687

-1.08301 0.405689
-1.08057 0.407648

-1.08057 0.407649
-1.08048 0.407715

-1.08048 0.407715
-1.07812 0.409606

-1.07812 0.409608
-1.07743 0.410156

-1.07744 0.410156
-1.07568 0.41156

-1.07568 0.411566
-1.07438 0.412598

-1.0744 0.412598
-1.07324 0.413501

-1.07324 0.413511
-1.07133 0.415039

-1.07133 0.415039
-1.0708 0.415455

-1.0708 0.415457
-1.06836 0.417402

-1.06836 0.417402
-1.06826 0.41748

-1.06826 0.41748
-1.06592 0.419344

-1.06592 0.419347
-1.06519 0.419922

-1.06519 0.419922
-1.06348 0.421282

-1.06348 0.421287
-1.06211 0.422363

-1.06212 0.422363
-1.06104 0.423209

-1.06104 0.423218
-1.05903 0.424805

-1.05903 0.424805
-1.05859 0.425147

-1.05859 0.425149
-1.05615 0.427078

-1.05615 0.427079
-1.05594 0.427246

-1.05594 0.427246
-1.05371 0.429006

-1.05371 0.429011
-1.05284 0.429688

-1.05285 0.429688
-1.05127 0.430928

-1.05127 0.430932
-1.04974 0.432129

-1.04975 0.432129
-1.04883 0.432845

-1.04883 0.432852
-1.04664 0.43457

-1.04664 0.43457
-1.04639 0.434768

-1.04639 0.434771
-1.04395 0.436687

-1.04395 0.436688
-1.04353 0.437012

-1.04353 0.437012
-1.0415 0.438601

-1.0415 0.43861
-1.04041 0.439453

-1.04042 0.439453
-1.03906 0.440508

-1.03906 0.440512
-1.03729 0.441895

-1.0373 0.441895
-1.03662 0.442417

-1.03662 0.442421
-1.03418 0.444328

-1.03418 0.444328
-1.03417 0.444336

-1.03417 0.444336
-1.03174 0.446233

-1.03174 0.446236
-1.03103 0.446777

-1.03104 0.446777
-1.0293 0.448136

-1.0293 0.448139
-1.0279 0.449219

-1.02792 0.449219
-1.02686 0.450027

-1.02686 0.450036
-1.02477 0.45166

-1.02477 0.45166
-1.02441 0.451931

-1.02441 0.451933
-1.02197 0.453829

-1.02197 0.45383
-1.02162 0.454102

-1.02162 0.454102
-1.01953 0.455723

-1.01953 0.455731
-1.01846 0.456543

-1.01848 0.456543
-1.01709 0.457611

-1.01709 0.457614
-1.01532 0.458984

-1.01532 0.458984
-1.01465 0.459499

-1.01465 0.459502
-1.01221 0.46139

-1.01221 0.46139
-1.01216 0.461426

-1.01216 0.461426
-1.00977 0.463276

-1.00977 0.46328
-1.00899 0.463867

-1.009 0.463867
-1.00732 0.465159

-1.00732 0.465161
-1.00583 0.466309

-1.00584 0.466309
-1.00488 0.467033

-1.00488 0.467041
-1.00266 0.46875

-1.00266 0.46875
-1.00244 0.468918

-1.00244 0.468921
-1.0 0.470799

-1.0 0.4708
-0.999485 0.471191

-0.999489 0.471191
-0.997559 0.472675

-0.997559 0.472679
-0.996305 0.473633

-0.996317 0.473633
-0.995117 0.474543

-0.995117 0.474549
-0.993128 0.476074

-0.993129 0.476074
-0.992676 0.476418

-0.992676 0.47642
-0.990234 0.478291

-0.990234 0.478292
-0.989939 0.478516

-0.989941 0.478516
-0.987793 0.48016

-0.987793 0.480167
-0.986741 0.480957

-0.986753 0.480957
-0.985352 0.482024

-0.985352 0.482027
-0.983555 0.483398

-0.98356 0.483398
-0.98291 0.483887

-0.98291 0.483891
-0.980469 0.485754

-0.980469 0.485754
-0.980356 0.48584

-0.980356 0.48584
-0.978027 0.487615

-0.978027 0.487621
-0.977144 0.488281

-0.977152 0.488281
-0.975586 0.489474

-0.975586 0.489474
-0.973945 0.490723

-0.973952 0.490723
-0.973145 0.491326

-0.973145 0.491331
-0.970734 0.493164

-0.970733 0.493164
-0.970703 0.493187

-0.970703 0.493188
-0.968262 0.495043

-0.968262 0.495048
-0.967514 0.495605

-0.967521 0.495605
-0.96582 0.496896

-0.96582 0.496897
-0.964302 0.498047

-0.964311 0.498047
-0.963379 0.498739

-0.963379 0.498747
-0.96108 0.500488

-0.961079 0.500488
-0.960938 0.500595

-0.960938 0.500597
-0.958496 0.502445

-0.958496 0.502448
-0.957849 0.50293

-0.957855 0.50293
-0.956055 0.504291

-0.956055 0.504292
-0.954624 0.505371

-0.954634 0.505371
-0.953613 0.506129

-0.953613 0.506136
-0.951394 0.507812

-0.951392 0.507812
-0.951172 0.507977

-0.951172 0.50798
-0.94873 0.509823

-0.94873 0.509825
-0.948154 0.510254

-0.948159 0.510254
-0.946289 0.511664

-0.946289 0.511665
-0.944917 0.512695

-0.944926 0.512695
-0.943848 0.513497

-0.943848 0.513502
-0.941677 0.515137

-0.941676 0.515137
-0.941406 0.515337

-0.941406 0.51534
-0.938965 0.517177

-0.938965 0.517179
-0.938426 0.517578

-0.938431 0.517578
-0.936523 0.519012

-0.936523 0.519013
-0.935179 0.52002

-0.935188 0.52002
-0.934082 0.52084

-0.934082 0.520845
-0.93193 0.522461

-0.931929 0.522461
-0.931641 0.522675

-0.931641 0.522678
-0.929199 0.524509

-0.929199 0.524511
-0.92867 0.524902

-0.928675 0.524902
-0.926758 0.526339

-0.926758 0.526341
-0.925414 0.527344

-0.925422 0.527344
-0.924316 0.528162

-0.924316 0.528167
-0.922153 0.529785

-0.922152 0.529785
-0.921875 0.52999

-0.921875 0.529993
-0.919434 0.531818

-0.919434 0.531821
-0.918882 0.532227

-0.918887 0.532227
-0.916992 0.533642

-0.916992 0.533643
-0.915616 0.534668

-0.915624 0.534668
-0.914551 0.535459

-0.914551 0.535464
-0.912345 0.537109

-0.912344 0.537109
-0.912109 0.537282

-0.912109 0.537285
-0.909668 0.539105

-0.909668 0.539108
-0.909064 0.539551

-0.90907 0.539551
-0.907227 0.540924

-0.907227 0.540924
-0.90579 0.541992

-0.905798 0.541992
-0.904785 0.542735

-0.904785 0.54274
-0.902508 0.544434

-0.902507 0.544434
-0.902344 0.544554

-0.902344 0.544556
-0.899902 0.546371

-0.899902 0.546375
-0.899217 0.546875

-0.899223 0.546875
-0.897461 0.548184

-0.897461 0.548184
-0.895935 0.549316

-0.895943 0.549316
-0.89502 0.549989

-0.89502 0.549996
-0.892644 0.551758

-0.892642 0.551758
-0.892578 0.551805

-0.892578 0.551807
-0.890137 0.553618

-0.890137 0.553623
-0.889343 0.554199

-0.889352 0.554199
-0.887695 0.555427

-0.887695 0.555427
-0.886056 0.556641

-0.886064 0.556641
-0.885254 0.557228

-0.885254 0.557234
-0.882812 0.559041

-0.882812 0.559041
-0.882757 0.559082

-0.882757 0.559082
-0.880371 0.560847

-0.880371 0.560853
-0.879447 0.561523

-0.879455 0.561523
-0.87793 0.56265

-0.87793 0.562651
-0.87615 0.563965

-0.876156 0.563965
-0.875488 0.564448

-0.875488 0.564453
-0.873047 0.566255

-0.873047 0.566256
-0.872841 0.566406

-0.872842 0.566406
-0.870605 0.568056

-0.870605 0.56806
-0.869526 0.568848

-0.869533 0.568848
-0.868164 0.569855

-0.868164 0.569856
-0.866219 0.571289

-0.866222 0.571289
-0.865723 0.571651

-0.865723 0.571655
-0.863281 0.573453

-0.863281 0.573454
-0.862901 0.57373

-0.862904 0.57373
-0.86084 0.57525

-0.86084 0.575252
-0.859584 0.576172

-0.85959 0.576172
-0.858398 0.577044

-0.858398 0.577046
-0.856268 0.578613

-0.856267 0.578613
-0.855957 0.578839

-0.855957 0.578842
-0.853516 0.580637

-0.853516 0.58064
-0.852941 0.581055

-0.852947 0.581055
-0.851074 0.582431

-0.851074 0.582431
-0.849623 0.583496

-0.84963 0.583496
-0.848633 0.584218

-0.848633 0.584223
-0.846298 0.585938

-0.846296 0.585938
-0.846191 0.586014

-0.846191 0.586016
-0.84375 0.587808

-0.84375 0.587814
-0.842962 0.588379

-0.842971 0.588379
-0.841309 0.589598

-0.841309 0.589599
-0.839643 0.59082

-0.839651 0.59082
-0.838867 0.591382

-0.838867 0.591389
-0.836426 0.593179

-0.836426 0.593179
-0.836312 0.593262

-0.836313 0.593262
-0.833984 0.594968

-0.833984 0.594972
-0.832974 0.595703

-0.83298 0.595703
-0.831543 0.596755

-0.831543 0.596756
-0.829646 0.598145

-0.82965 0.598145
-0.829102 0.598539

