-1.65485 0.0
-1.65486 0.00488281

-1.65486 0.00488281
-1.65489 0.00976562

-1.65489 0.00976562
-1.65494 0.0146484

-1.65494 0.0146484
-1.65501 0.0195312

-1.65501 0.0195312
-1.6551 0.0244141

-1.6551 0.0244141
-1.65521 0.0292969

-1.65521 0.0292969
-1.65534 0.0341797

-1.65534 0.0341797
-1.65549 0.0390625

-1.65549 0.0390625
-1.65566 0.0439453

-1.65566 0.0439453
-1.65585 0.0488281

-1.65585 0.0488281
-1.65606 0.0537109

-1.65606 0.0537109
-1.65629 0.0585938

-1.65629 0.0585938
-1.65654 0.0634766

-1.65654 0.0634766
-1.6568 0.0683594

-1.6568 0.0683594
-1.65707 0.0732422

-1.65707 0.0732422
-1.65735 0.078125

-1.65735 0.078125
-1.65763 0.0830078

-1.65763 0.0830078
-1.65791 0.0878906

-1.65791 0.0878906
-1.65817 0.0927734

-1.65818 0.0927734
-1.65839 0.0976562

-1.6584 0.0976562
-1.65856 0.102539

-1.65857 0.102539
-1.65862 0.107422

-1.65864 0.107422
-1.65853 0.112305

-1.65856 0.112305
-1.65821 0.117188

-1.65825 0.117188
-1.65755 0.12207

-1.6576 0.12207
-1.65635 0.126953

-1.65644 0.126953
-1.65435 0.131836

-1.65435 0.131836
-1.6543 0.131927

-1.6543 0.132165
-1.65105 0.136719

-1.65104 0.136719
-1.64941 0.138432

-1.64941 0.138446
-1.64552 0.141602

-1.64539 0.141602
-1.64453 0.142167

-1.64453 0.142148
-1.63965 0.144684

-1.63965 0.144592
-1.63477 0.146344

-1.63477 0.146282
-1.63398 0.146484

-1.63401 0.146484
-1.62988 0.147553

-1.62988 0.147517
-1.625 0.148471

-1.625 0.148453
-1.62012 0.149203

-1.62012 0.149188
-1.61523 0.149803

-1.61523 0.149793
-1.61035 0.150322

-1.61035 0.150313
-1.60547 0.150794

-1.60547 0.15079
-1.60059 0.15125

-1.60059 0.151245
-1.59929 0.151367

-1.59928 0.151367
-1.5957 0.151705

-1.5957 0.1517
-1.59082 0.152181

-1.59082 0.152178
-1.58594 0.152695

-1.58594 0.152693
-1.58105 0.153255

-1.58105 0.153255
-1.57617 0.153868

-1.57617 0.153868
-1.57129 0.154533

-1.57129 0.154531
-1.56641 0.155253

-1.56641 0.155253
-1.56152 0.156037

-1.56152 0.15604
-1.56031 0.15625

-1.56029 0.15625
-1.55664 0.156883

-1.55664 0.156881
-1.55176 0.157796

-1.55176 0.157797
-1.54688 0.158782

-1.54688 0.158782
-1.54199 0.159834

-1.54199 0.159834
-1.53711 0.160951

-1.53711 0.160955
-1.53638 0.161133

-1.53636 0.161133
-1.53223 0.162134

-1.53223 0.162133
-1.52734 0.163385

-1.52734 0.163386
-1.52246 0.164705

-1.52246 0.164706
-1.51783 0.166016

-1.51787 0.166016
-1.51758 0.166099

-1.51758 0.166088
-1.5127 0.167533

-1.5127 0.167534
-1.50781 0.169043

-1.50781 0.169043
-1.50293 0.170613

-1.50293 0.170617
-1.50209 0.170898

-1.50208 0.170898
-1.49805 0.172244

-1.49805 0.172244
-1.49316 0.173932

-1.49316 0.173933
-1.48828 0.17568

-1.48828 0.175684
-1.48802 0.175781

-1.48801 0.175781
-1.4834 0.177483

-1.4834 0.177482
-1.47852 0.179341

-1.47852 0.179341
-1.47514 0.180664

-1.47516 0.180664
-1.47363 0.181261

-1.47363 0.181255
-1.46875 0.18322

-1.46875 0.183221
-1.46387 0.185242

-1.46387 0.185245
-1.46316 0.185547

-1.46315 0.185547
-1.45898 0.187316

-1.45898 0.187315
-1.4541 0.189441

-1.4541 0.189441
-1.45188 0.19043

-1.45189 0.19043
-1.44922 0.191622

-1.44922 0.191619
-1.44434 0.193849

-1.44434 0.193848
-1.4412 0.195312

-1.44122 0.195312
-1.43945 0.196136

-1.43945 0.196131
-1.43457 0.198463

-1.43457 0.198462
-1.43102 0.200195

-1.43104 0.200195
-1.42969 0.200853

-1.42969 0.200847
-1.4248 0.20328

-1.4248 0.203279
-1.42127 0.205078

-1.42128 0.205078
-1.41992 0.20577

-1.41992 0.205764
-1.41504 0.208295

-1.41504 0.208294
-1.41188 0.209961

-1.41189 0.209961
-1.41016 0.210879

-1.41016 0.210874
-1.40527 0.213499

-1.40527 0.213499
-1.40281 0.214844

-1.40282 0.214844
-1.40039 0.216173

-1.40039 0.21617
-1.39551 0.218884

-1.39551 0.218885
-1.39402 0.219727

-1.39402 0.219727
-1.39062 0.221643

-1.39062 0.221642
-1.38574 0.22444

-1.38574 0.224445
-1.38546 0.224609

-1.38545 0.224609
-1.38086 0.227281

-1.38086 0.227278
-1.3771 0.229492

-1.37711 0.229492
-1.37598 0.230162

-1.37598 0.230157
-1.37109 0.233071

-1.37109 0.23307
-1.36893 0.234375

-1.36894 0.234375
-1.36621 0.236022

-1.36621 0.23602
-1.36133 0.239004

-1.36133 0.23901
-1.36092 0.239258

-1.36092 0.239258
-1.35645 0.242024

-1.35645 0.242022
-1.35305 0.244141

-1.35306 0.244141
-1.35156 0.245075

-1.35156 0.245072
-1.34668 0.248151

-1.34668 0.248154
-1.3453 0.249023

-1.34531 0.249023
-1.3418 0.251261

-1.3418 0.251259
-1.33768 0.253906

-1.33769 0.253906
-1.33691 0.254397

-1.33691 0.254397
-1.33203 0.25756

-1.33203 0.257561
-1.33015 0.258789

-1.33015 0.258789
-1.32715 0.26075

-1.32715 0.260748
-1.3227 0.263672

-1.32272 0.263672
-1.32227 0.263964

-1.32227 0.263962
-1.31738 0.267197

-1.31738 0.267198
-1.31534 0.268555

-1.31535 0.268555
-1.3125 0.270455

-1.3125 0.270454
-1.30805 0.273438

-1.30807 0.273438
-1.30762 0.273733

-1.30762 0.273732
-1.30273 0.277028

-1.30273 0.277031
-1.30082 0.27832

-1.30083 0.27832
-1.29785 0.280343

-1.29785 0.280342
-1.29366 0.283203

-1.29367 0.283203
-1.29297 0.283672

-1.29297 0.283673
-1.28809 0.28702

-1.28809 0.287026
-1.28652 0.288086

-1.28654 0.288086
-1.2832 0.290381

-1.2832 0.290379
-1.27945 0.292969

-1.27948 0.292969
-1.27832 0.293747

-1.27832 0.293754
-1.27344 0.29714

-1.27344 0.297148
-1.2724 0.297852

-1.27242 0.297852
-1.26855 0.300538

-1.26855 0.300536
-1.2654 0.302734

-1.26542 0.302734
-1.26367 0.30394

-1.26367 0.303944
-1.25879 0.30736

-1.25879 0.307363
-1.25842 0.307617

-1.25842 0.307617
-1.25391 0.310786

-1.25391 0.310785
-1.25146 0.3125

-1.25147 0.3125
-1.24902 0.314216

-1.24902 0.314216
-1.24453 0.317383

-1.24453 0.317383
-1.24414 0.317654

-1.24414 0.317654
-1.23926 0.321098

-1.23926 0.321106
-1.23759 0.322266

-1.23761 0.322266
-1.23438 0.324546

-1.23438 0.324545
-1.23069 0.327148

-1.23071 0.327148
-1.22949 0.327989

-1.22949 0.327997
-1.22461 0.331452

-1.22461 0.331457
-1.22378 0.332031

-1.22379 0.332031
-1.21973 0.33491

-1.21973 0.334908
-1.21689 0.336914

-1.21691 0.336914
-1.21484 0.338364

-1.21484 0.338368
-1.21 0.341797

-1.21001 0.341797
-1.20996 0.341828

-1.20996 0.341828
-1.20508 0.345288

-1.20508 0.345293
-1.2031 0.34668

-1.20311 0.34668
-1.2002 0.348748

-1.2002 0.348747
-1.19622 0.351562

-1.19623 0.351562
-1.19531 0.352201

-1.19531 0.352207
-1.19043 0.355665

-1.19043 0.355673
-1.18931 0.356445

-1.18933 0.356445
-1.18555 0.359122

-1.18555 0.359121
-1.18243 0.361328

-1.18244 0.361328
-1.18066 0.362569

-1.18066 0.362575
-1.17578 0.366027

-1.17578 0.366029
-1.17552 0.366211

-1.17552 0.366211
-1.1709 0.369477

-1.1709 0.369479
-1.1686 0.371094

-1.16861 0.371094
-1.16602 0.372923

-1.16602 0.372923
-1.16168 0.375977

-1.16169 0.375977
-1.16113 0.376362

-1.16113 0.376365
-1.15625 0.379804

-1.15625 0.379812
-1.15473 0.380859

-1.15475 0.380859
-1.15137 0.383239

-1.15137 0.383238
-1.1478 0.385742

-1.14782 0.385742
-1.14648 0.386658

-1.14648 0.386668
-1.1416 0.390095

-1.1416 0.390099
-1.14084 0.390625

-1.14085 0.390625
-1.13672 0.393518

-1.13672 0.393517
-1.13387 0.395508

-1.13388 0.395508
-1.13184 0.396932

-1.13184 0.396935
-1.12695 0.40035

-1.12695 0.40035
-1.12689 0.400391

-1.1269 0.400391
-1.12207 0.403761

-1.12207 0.403762
-1.1199 0.405273

-1.1199 0.405273
-1.11719 0.407167

-1.11719 0.407166
-1.1129 0.410156

-1.1129 0.410156
-1.1123 0.410565

-1.1123 0.410569
-1.10742 0.413967

-1.10742 0.413974
-1.10587 0.415039

-1.10588 0.415039
-1.10254 0.417362

-1.10254 0.417362
-1.09885 0.419922

-1.09887 0.419922
-1.09766 0.420743

-1.09766 0.420753
-1.09277 0.424141

-1.09277 0.424148
-1.0918 0.424805

-1.09182 0.424805
-1.08789 0.427526

-1.08789 0.427525
-1.08477 0.429688

-1.08478 0.429688
-1.08301 0.430902

-1.08301 0.430907
-1.07812 0.434286

-1.07812 0.434289
-1.07771 0.43457

-1.07772 0.43457
-1.07324 0.437664

-1.07324 0.437663
-1.07065 0.439453

-1.07065 0.439453
-1.06836 0.441036

-1.06836 0.441036
-1.06358 0.444336

-1.06358 0.444336
-1.06348 0.444406

-1.06348 0.444408
-1.05859 0.447778

-1.05859 0.44778
-1.0565 0.449219

-1.0565 0.449219
-1.05371 0.451145

-1.05371 0.451144
-1.04942 0.454102

-1.04943 0.454102
-1.04883 0.454505

-1.04883 0.45451
-1.04395 0.457873

-1.04395 0.457879
-1.04232 0.458984

-1.04233 0.458984
-1.03906 0.461235

-1.03906 0.461235
-1.03524 0.463867

-1.03525 0.463867
-1.03418 0.464586

-1.03418 0.464595
-1.0293 0.467954

-1.0293 0.467962
-1.02812 0.46875

-1.02814 0.46875
-1.02441 0.471311

-1.02441 0.471311
-1.02103 0.473633

-1.02105 0.473633
-1.01953 0.47466

-1.01953 0.474666
-1.01465 0.478021

-1.01465 0.478026
-1.01392 0.478516

-1.01393 0.478516
-1.00977 0.481375

-1.00977 0.481374
-1.00682 0.483398

-1.00682 0.483398
-1.00488 0.484723

-1.00488 0.484725
-1.0 0.488076

-1.0 0.488078
-0.999698 0.488281

-0.999702 0.488281
-0.995117 0.491426

-0.995117 0.491425
-0.99258 0.493164

-0.992583 0.493164
-0.990234 0.494772

-0.990234 0.494772
-0.985456 0.498047

-0.985455 0.498047
-0.985352 0.498116

-0.985352 0.498119
-0.980469 0.501464

-0.980469 0.501465
-0.978324 0.50293

-0.978328 0.50293
-0.975586 0.504807

-0.975586 0.504807
-0.971194 0.507812

-0.971198 0.507812
-0.970703 0.508144

-0.970703 0.508149
-0.96582 0.511489

-0.96582 0.511493
-0.964048 0.512695

-0.964056 0.512695
-0.960938 0.514828

-0.960938 0.514827
-0.956912 0.517578

-0.956923 0.517578
-0.956055 0.518157

-0.956055 0.518164
-0.951172 0.5215

-0.951172 0.521506
-0.949752 0.522461

-0.949764 0.522461
-0.946289 0.524834

-0.946289 0.524833
-0.942611 0.527344

-0.942624 0.527344
-0.941406 0.528157

-0.941406 0.528166
-0.936523 0.531496

-0.936523 0.531504
-0.935438 0.532227

-0.935452 0.532227
-0.931641 0.534825

-0.931641 0.534825
-0.928288 0.537109

-0.928298 0.537109
-0.926758 0.538146

-0.926758 0.538152
-0.921875 0.541478

-0.921875 0.541483
-0.92111 0.541992

-0.92112 0.541992
-0.916992 0.544803

-0.916992 0.544802
-0.913946 0.546875

-0.913952 0.546875
-0.912109 0.548122

-0.912109 0.548125
-0.907227 0.551446

-0.907227 0.551449
-0.906763 0.551758

-0.906769 0.551758
-0.902344 0.554767

-0.902344 0.554766
-0.899586 0.556641

-0.899589 0.556641
-0.897461 0.558084

-0.897461 0.558085
-0.892578 0.561403

-0.892578 0.561404
-0.892399 0.561523

-0.892401 0.561523
-0.887695 0.56472

-0.887695 0.56472
-0.885212 0.566406

-0.885213 0.566406
-0.882812 0.568035

-0.882812 0.568035
-0.87802 0.571289

-0.878018 0.571289
-0.87793 0.571348

-0.87793 0.571351
-0.873047 0.574665

-0.873047 0.574666
-0.870825 0.576172

-0.870827 0.576172
-0.868164 0.577979

-0.868164 0.577979
-0.863632 0.581055

-0.863632 0.581055
-0.863281 0.581288

-0.863281 0.581293
-0.858398 0.584606

-0.858398 0.584608
-0.856432 0.585938

-0.856436 0.585938
-0.853516 0.587919

-0.853516 0.587919
-0.84924 0.59082

-0.849246 0.59082
-0.848633 0.591227

-0.848633 0.591233
-0.84375 0.594546

-0.84375 0.594551
-0.842038 0.595703

-0.842046 0.595703
-0.838867 0.597861

