-1.75088 0.0
-1.7508 0.00976562

-1.7508 0.00976562
-1.75058 0.0195312

-1.75058 0.0195312
-1.7502 0.0292969

-1.7502 0.0292969
-1.74966 0.0390625

-1.74966 0.0390625
-1.74897 0.0488281

-1.74897 0.0488281
-1.74812 0.0585938

-1.74812 0.0585938
-1.7471 0.0683594

-1.7471 0.0683594
-1.74591 0.078125

-1.74591 0.078125
-1.74454 0.0878906

-1.74454 0.0878906
-1.743 0.0976562

-1.743 0.0976562
-1.74219 0.102275

-1.74219 0.10227
-1.74128 0.107422

-1.74128 0.107422
-1.73938 0.117188

-1.73938 0.117188
-1.73729 0.126953

-1.73729 0.126953
-1.73501 0.136719

-1.73501 0.136719
-1.73257 0.146484

-1.73258 0.146484
-1.73242 0.147065

-1.73242 0.147022
-1.72994 0.15625

-1.72994 0.15625
-1.72715 0.166016

-1.72714 0.166016
-1.7242 0.175781

-1.72421 0.175781
-1.72266 0.180682

-1.72266 0.18064
-1.72111 0.185547

-1.72111 0.185547
-1.71789 0.195312

-1.71788 0.195312
-1.71456 0.205078

-1.71456 0.205078
-1.71289 0.209862

-1.71289 0.209813
-1.71113 0.214844

-1.71113 0.214844
-1.70764 0.224609

-1.70763 0.224609
-1.70409 0.234375

-1.70411 0.234375
-1.70312 0.237046

-1.70312 0.236972
-1.70049 0.244141

-1.7005 0.244141
-1.69689 0.253906

-1.69688 0.253906
-1.69336 0.263408

-1.69336 0.263385
-1.69325 0.263672

-1.69326 0.263672
-1.68963 0.273438

-1.68963 0.273438
-1.68599 0.283203

-1.68599 0.283203
-1.68359 0.289591

-1.68359 0.289574
-1.68232 0.292969

-1.68234 0.292969
-1.67862 0.302734

-1.67863 0.302734
-1.6748 0.3125

-1.67481 0.3125
-1.67383 0.314895

-1.67383 0.31495
-1.67084 0.322266

-1.67087 0.322266
-1.66661 0.332031

-1.66664 0.332031
-1.66406 0.337378

-1.66406 0.337439
-1.66196 0.341797

-1.66202 0.341797
-1.65662 0.351562

-1.65669 0.351562
-1.6543 0.355248

-1.6543 0.355262
-1.65026 0.361328

-1.65039 0.361328
-1.64453 0.36844

-1.64453 0.36844
-1.64212 0.371094

-1.64225 0.371094
-1.63477 0.377994

-1.63477 0.377988
-1.63069 0.380859

-1.63087 0.380859
-1.625 0.384899

-1.625 0.384739
-1.61523 0.389603

-1.61523 0.389449
-1.61188 0.390625

-1.61207 0.390625
-1.60547 0.392939

-1.60547 0.392821
-1.5957 0.395225

-1.5957 0.395167
-1.58594 0.396855

-1.58594 0.396814
-1.57617 0.397983

-1.57617 0.397947
-1.56641 0.398749

-1.56646 0.400391
-1.56641 0.400395

-1.56641 0.398726
-1.55664 0.399276

-1.55718 0.400391
-1.55664 0.400421

-1.55664 0.399247
-1.54688 0.399638

-1.54856 0.400391
-1.54688 0.400458

-1.54688 0.399621
-1.53711 0.399927

-1.53962 0.400391
-1.53711 0.400469

-1.53711 0.399912
-1.52734 0.400183

-1.53041 0.400391
-1.52734 0.400476

-1.52734 0.400172
-1.51957 0.400391

-1.52141 0.400391
-1.51758 0.400498

-1.51758 0.400455
-1.50781 0.400765

-1.50781 0.400759
-1.49805 0.401131

-1.49805 0.401127
-1.48828 0.401583

-1.48828 0.40158
-1.47852 0.402131

-1.47852 0.402129
-1.46875 0.402785

-1.46875 0.402784
-1.45898 0.403552

-1.45898 0.403551
-1.44922 0.404437

-1.44922 0.404437
-1.43945 0.405443

-1.43945 0.405442
-1.42969 0.406569

-1.42969 0.406568
-1.41992 0.407822

-1.41992 0.407822
-1.41016 0.409204

-1.41039 0.410156
-1.41016 0.410189

-1.41016 0.409201
-1.40393 0.410156

-1.40408 0.410156
-1.40039 0.410722

-1.40039 0.410706
-1.39062 0.412313

-1.39062 0.412311
-1.38086 0.414035

-1.38086 0.414036
-1.37109 0.415879

-1.37109 0.415879
-1.36133 0.417841

-1.36133 0.417843
-1.35156 0.419913

-1.35212 0.419922
-1.35156 0.420039

-1.35156 0.419922
-1.3418 0.422079

-1.3418 0.422072
-1.33203 0.424321

-1.33203 0.424321
-1.32227 0.426674

-1.32227 0.426677
-1.3125 0.429127

-1.3127 0.429688
-1.3125 0.429736

-1.3125 0.42913
-1.31034 0.429688

-1.31038 0.429688
-1.30273 0.431662

-1.30273 0.431651
-1.29297 0.434243

-1.29297 0.434241
-1.2832 0.436925

-1.2832 0.436931
-1.27429 0.439453

-1.27442 0.439453
-1.27344 0.439731

-1.27344 0.439702
-1.26367 0.442521

-1.26367 0.442512
-1.25391 0.445399

-1.25391 0.4454
-1.24414 0.448374

-1.24414 0.448381
-1.24144 0.449219

-1.24417 0.449219
-1.24414 0.449228

-1.24147 0.449219
-1.23438 0.451422

-1.23438 0.451408
-1.22461 0.454492

-1.22461 0.454486
-1.21484 0.457656

-1.21484 0.457667
-1.21086 0.458984

-1.21089 0.458984
-1.20508 0.460908

-1.20508 0.460894
-1.19531 0.464173

-1.19531 0.464165
-1.18555 0.467527

-1.18555 0.46754
-1.1821 0.46875

-1.18212 0.46875
-1.17578 0.470973

-1.17578 0.470959
-1.16602 0.474431

-1.16602 0.474425
-1.15625 0.477977

-1.15629 0.478516
-1.15625 0.478531

-1.15625 0.477989
-1.15482 0.478516

-1.15484 0.478516
-1.14648 0.481603

-1.14648 0.481588
-1.13672 0.485247

-1.13672 0.485247
-1.12877 0.488281

-1.12884 0.488281
-1.12695 0.489001

-1.12695 0.488989
-1.11719 0.492763

-1.11719 0.492748
-1.10742 0.49658

-1.10742 0.496591
-1.10376 0.498047

-1.10379 0.498047
-1.09766 0.500489

-1.09766 0.500478
-1.08789 0.504404

-1.08789 0.504398
-1.07952 0.507812

-1.07958 0.507812
-1.07812 0.508408

-1.07812 0.508397
-1.06836 0.512419

-1.06836 0.512404
-1.05859 0.516472

-1.05859 0.516484
-1.056 0.517578

-1.05601 0.517578
-1.04883 0.520604

-1.04883 0.520592
-1.03906 0.524739

-1.03906 0.524736
-1.03299 0.527344

-1.03303 0.527344
-1.0293 0.528945

-1.0293 0.528939
-1.01953 0.533163

-1.01953 0.533153
-1.01047 0.537109

-1.01053 0.537109
-1.00977 0.537443

-1.00977 0.537433
-1.0 0.541732

-1.0 0.541718
-0.990234 0.546054

-0.990234 0.546064
-0.988424 0.546875

-0.988431 0.546875
-0.980469 0.55044

-0.980469 0.55043
-0.970703 0.554832

-0.970703 0.554834
-0.966729 0.556641

-0.966748 0.556641
-0.960938 0.559282

-0.960938 0.559276
-0.951172 0.563746

-0.951172 0.563741
-0.945397 0.566406

-0.945423 0.566406
-0.941406 0.56826

-0.941406 0.568255
-0.931641 0.572792

-0.931641 0.572785
-0.924407 0.576172

-0.924437 0.576172
-0.921875 0.577372

-0.921875 0.577367
-0.912109 0.581971

-0.912109 0.581962
-0.90374 0.585938

-0.903771 0.585938
-0.902344 0.586615

-0.902344 0.586611
-0.892578 0.591281

-0.892578 0.591272
-0.883378 0.595703

-0.883408 0.595703
-0.882812 0.59599

