-1.66937 0.0
-1.66937 0.00488281

-1.66937 0.00488281
-1.66934 0.00976562

-1.66934 0.00976562
-1.66931 0.0146484

-1.66931 0.0146484
-1.66926 0.0195312

-1.66926 0.0195312
-1.66919 0.0244141

-1.66919 0.0244141
-1.66912 0.0292969

-1.66912 0.0292969
-1.66903 0.0341797

-1.66903 0.0341797
-1.66895 0.0384324

-1.66895 0.0383281
-1.66893 0.0390625

-1.66893 0.0390625
-1.66882 0.0439453

-1.66882 0.0439453
-1.66871 0.0488281

-1.66871 0.0488281
-1.66859 0.0537109

-1.66859 0.0537109
-1.66846 0.0585938

-1.66846 0.0585938
-1.66833 0.0634766

-1.66833 0.0634766
-1.6682 0.0683594

-1.6682 0.0683594
-1.66807 0.0732422

-1.66807 0.0732422
-1.66794 0.078125

-1.66794 0.078125
-1.66781 0.0830078

-1.66781 0.0830078
-1.66769 0.0878906

-1.66769 0.0878906
-1.66757 0.0927734

-1.66757 0.0927734
-1.66745 0.0976562

-1.66745 0.0976562
-1.66734 0.102539

-1.66734 0.102539
-1.66723 0.107422

-1.66723 0.107422
-1.66711 0.112305

-1.66711 0.112305
-1.66698 0.117188

-1.66698 0.117188
-1.66684 0.12207

-1.66684 0.12207
-1.66666 0.126953

-1.66667 0.126953
-1.66644 0.131836

-1.66645 0.131836
-1.66616 0.136719

-1.66617 0.136719
-1.66578 0.141602

-1.66579 0.141602
-1.66526 0.146484

-1.66528 0.146484
-1.66454 0.151367

-1.66456 0.151367
-1.66406 0.153718

-1.66406 0.15381
-1.66355 0.15625

-1.66356 0.15625
-1.66212 0.161133

-1.66218 0.161133
-1.66018 0.166016

-1.66025 0.166016
-1.65918 0.167881

-1.65918 0.167877
-1.6574 0.170898

-1.65748 0.170898
-1.6543 0.174742

-1.6543 0.174691
-1.65325 0.175781

-1.6533 0.175781
-1.64941 0.179145

-1.64941 0.179054
-1.64686 0.180664

-1.64694 0.180664
-1.64453 0.182155

-1.64453 0.182048
-1.63965 0.184281

-1.63965 0.184227
-1.63581 0.185547

-1.63595 0.185547
-1.63477 0.185953

-1.63477 0.185878
-1.62988 0.187161

-1.62988 0.187134
-1.625 0.18815

-1.625 0.188138
-1.62012 0.188963

-1.62012 0.188944
-1.61523 0.18964

-1.61523 0.189634
-1.61035 0.190244

-1.61082 0.19043
-1.61035 0.190488

-1.61035 0.19023
-1.60857 0.19043

-1.6087 0.19043
-1.60547 0.190792

-1.60547 0.190779
-1.60059 0.19129

-1.60059 0.191285
-1.5957 0.191782

-1.5957 0.191779
-1.59082 0.192278

-1.59082 0.192275
-1.58594 0.192789

-1.58594 0.192788
-1.58105 0.193326

-1.58105 0.193325
-1.57617 0.193893

-1.57617 0.193888
-1.57129 0.194498

-1.57129 0.194499
-1.56641 0.195152

-1.56641 0.195147
-1.56524 0.195312

-1.57132 0.195312
-1.57129 0.195317

-1.56687 0.195312
-1.56641 0.195374

-1.5653 0.195312
-1.56152 0.195846

-1.56152 0.19584
-1.55664 0.196575

-1.55664 0.196575
-1.55176 0.197361

-1.55176 0.19736
-1.54688 0.198199

-1.54688 0.198199
-1.54199 0.199093

-1.54199 0.199093
-1.53711 0.20004

-1.53742 0.200195
-1.53711 0.200255

-1.53711 0.200039
-1.53634 0.200195

-1.53637 0.200195
-1.53223 0.201037

-1.53223 0.201032
-1.52734 0.202069

-1.52734 0.202069
-1.52246 0.203162

-1.52246 0.20316
-1.51758 0.204312

-1.51758 0.204315
-1.51447 0.205078

-1.51453 0.205078
-1.5127 0.205529

-1.5127 0.205515
-1.50781 0.206757

-1.50781 0.206755
-1.50293 0.208052

-1.50293 0.208051
-1.49805 0.209408

-1.49809 0.209961
-1.49805 0.209974

-1.49805 0.20941
-1.49613 0.209961

-1.49616 0.209961
-1.49316 0.210822

-1.49316 0.210812
-1.48828 0.21226

-1.48828 0.212258
-1.4834 0.213767

-1.4834 0.213769
-1.48004 0.214844

-1.48009 0.214844
-1.47852 0.215348

-1.47852 0.215333
-1.47363 0.216939

-1.47363 0.216935
-1.46875 0.218601

-1.46875 0.218602
-1.46556 0.219727

-1.4656 0.219727
-1.46387 0.220338

-1.46387 0.220323
-1.45898 0.222086

-1.45898 0.222082
-1.4541 0.223906

-1.4541 0.22391
-1.45228 0.224609

-1.4523 0.224609
-1.44922 0.225792

-1.44922 0.225779
-1.44434 0.227699

-1.44434 0.227701
-1.43991 0.229492

-1.43998 0.229492
-1.43945 0.229706

-1.43945 0.229681
-1.43457 0.231699

-1.43457 0.231692
-1.42969 0.233763

-1.42969 0.233769
-1.42829 0.234375

-1.42831 0.234375
-1.4248 0.235893

-1.4248 0.23588
-1.41992 0.238041

-1.41992 0.238043
-1.41723 0.239258

-1.41727 0.239258
-1.41504 0.240266

-1.41504 0.24025
-1.41016 0.2425

-1.41016 0.242501
-1.40667 0.244141

-1.40671 0.244141
-1.40527 0.244815

-1.40527 0.244797
-1.40039 0.247131

-1.40039 0.247129
-1.3965 0.249023

-1.39655 0.249023
-1.39551 0.249528

-1.39551 0.249508
-1.39062 0.251922

-1.39062 0.251919
-1.38667 0.253906

-1.38672 0.253906
-1.38574 0.254396

-1.38574 0.254376
-1.38086 0.256866

-1.38086 0.256863
-1.37714 0.258789

-1.37718 0.258789
-1.37598 0.259412

-1.37598 0.259392
-1.37109 0.261955

-1.37109 0.261953
-1.36786 0.263672

-1.3679 0.263672
-1.36621 0.264568

-1.36621 0.26455
-1.36133 0.26718

-1.36133 0.267181
-1.35881 0.268555

-1.35883 0.268555
-1.35645 0.269857

-1.35645 0.269842
-1.35156 0.272534

-1.35156 0.272536
-1.34995 0.273438

-1.34996 0.273438
-1.34668 0.275269

-1.34668 0.275258
-1.3418 0.278009

-1.34183 0.27832
-1.3418 0.278337

-1.3418 0.278014
-1.34126 0.27832

-1.34126 0.27832
-1.33691 0.280798

-1.33691 0.280791
-1.33271 0.283203

-1.33276 0.283203
-1.33203 0.283619

-1.33203 0.283598
-1.32715 0.28643

-1.32715 0.286427
-1.32431 0.288086

-1.32434 0.288086
-1.32227 0.289298

-1.32227 0.289282
-1.31738 0.292161

-1.31738 0.292162
-1.31602 0.292969

-1.31604 0.292969
-1.3125 0.295072

-1.3125 0.295063
-1.30784 0.297852

-1.30789 0.297852
-1.30762 0.298011

-1.30762 0.297987
-1.30273 0.300931

-1.30273 0.300926
-1.29975 0.302734

-1.29978 0.302734
-1.29785 0.303902

-1.29785 0.303886
-1.29297 0.306865

-1.29297 0.306867
-1.29174 0.307617

-1.29176 0.307617
-1.28809 0.309869

-1.28809 0.309861
-1.2838 0.3125

-1.28385 0.3125
-1.2832 0.312891

-1.2832 0.312873
-1.27832 0.315901

-1.27832 0.315899
-1.27594 0.317383

-1.27596 0.317383
-1.27344 0.318951

-1.27344 0.318939
-1.26855 0.321992

-1.26855 0.321999
-1.26812 0.322266

-1.26857 0.322266
-1.26855 0.322277

-1.26813 0.322266
-1.26367 0.325065

-1.26367 0.325059
-1.26035 0.327148

-1.26038 0.327148
-1.25879 0.328151

-1.25879 0.328136
-1.25391 0.331224

-1.25391 0.331228
-1.25263 0.332031

-1.25265 0.332031
-1.24902 0.334331

-1.24902 0.334323
-1.24495 0.336914

-1.24499 0.336914
-1.24414 0.337442

-1.24414 0.337429
-1.23926 0.340545

-1.23926 0.340544
-1.2373 0.341797

-1.23731 0.341797
-1.23438 0.343675

-1.23438 0.343666
-1.22967 0.34668

-1.2297 0.34668
-1.22949 0.346812

-1.22949 0.346796
-1.22461 0.349933

-1.22461 0.349929
-1.22207 0.351562

-1.22209 0.351562
-1.21973 0.35308

-1.21973 0.353068
-1.21484 0.356213

-1.21486 0.356445
-1.21484 0.356455

-1.21484 0.356219
-1.21448 0.356445

-1.21449 0.356445
-1.20996 0.359368

-1.20996 0.359363
-1.20691 0.361328

-1.20694 0.361328
-1.20508 0.362527

-1.20508 0.362514
-1.2002 0.36567

-1.2002 0.365677
-1.19935 0.366211

-1.19937 0.366211
-1.19531 0.368835

-1.19531 0.368829
-1.19181 0.371094

-1.19184 0.371094
-1.19043 0.371999

-1.19043 0.371987
-1.18555 0.37515

-1.18555 0.375156
-1.18427 0.375977

-1.18428 0.375977
-1.18066 0.378321

-1.18066 0.378313
-1.17673 0.380859

-1.17677 0.380859
-1.17578 0.381486

-1.17578 0.381477
-1.1709 0.384643

-1.1709 0.384645
-1.1692 0.385742

-1.16921 0.385742
-1.16602 0.387815

-1.16602 0.387807
-1.16167 0.390625

-1.1617 0.390625
-1.16113 0.39098

-1.16113 0.390973
-1.15625 0.394141

-1.15625 0.394139
-1.15414 0.395508

-1.15415 0.395508
-1.15137 0.397312

-1.15137 0.397304
-1.1466 0.400391

-1.14663 0.400391
-1.14648 0.40048

-1.14648 0.400471
-1.1416 0.403639

-1.1416 0.403635
-1.13907 0.405273

-1.13909 0.405273
-1.13672 0.406808

-1.13672 0.406799
-1.13184 0.409963

-1.13184 0.409969
-1.13154 0.410156

-1.13185 0.410156
-1.13184 0.410162

-1.13154 0.410156
-1.12695 0.413134

-1.12695 0.413128
-1.124 0.415039

-1.12402 0.415039
-1.12207 0.416301

-1.12207 0.416292
-1.11719 0.419456

-1.11719 0.419464
-1.11646 0.419922

-1.11648 0.419922
-1.1123 0.422626

-1.1123 0.42262
-1.10893 0.424805

-1.10895 0.424805
-1.10742 0.425791

-1.10742 0.425784
-1.10254 0.428949

-1.10254 0.428954
-1.10139 0.429688

-1.10141 0.429688
-1.09766 0.432118

-1.09766 0.432111
-1.09386 0.43457

-1.09389 0.43457
-1.09277 0.435281

-1.09277 0.435276
-1.08789 0.438443

-1.08789 0.438444
-1.08633 0.439453

-1.08634 0.439453
-1.08301 0.441612

-1.08301 0.441606
-1.0788 0.444336

-1.07882 0.444336
-1.07812 0.444775

-1.07812 0.444773
-1.07324 0.447941

-1.07324 0.447939
-1.07127 0.449219

-1.07128 0.449219
-1.06836 0.451112

-1.06836 0.451106
-1.06374 0.454102

-1.06375 0.454102
-1.06348 0.454278

-1.06348 0.454276
-1.05859 0.457447

-1.05859 0.457443
-1.05622 0.458984

-1.05623 0.458984
-1.05371 0.460619

-1.05371 0.460613
-1.04883 0.463784

-1.04884 0.463867
-1.04883 0.463876

-1.04883 0.463788
-1.0487 0.463867

-1.0487 0.463867
-1.04395 0.466961

-1.04395 0.466956
-1.04118 0.46875

-1.0412 0.46875
-1.03906 0.470136

-1.03906 0.470129
-1.03418 0.473304

-1.03418 0.47331
-1.03367 0.473633

-1.03368 0.473633
-1.0293 0.476483

-1.0293 0.476478
-1.02616 0.478516

-1.02618 0.478516
-1.02441 0.47966

-1.02441 0.479655
-1.01953 0.482833

-1.01953 0.482839
-1.01865 0.483398

-1.01867 0.483398
-1.01465 0.486014

-1.01465 0.486009
-1.01116 0.488281

-1.01118 0.488281
-1.00977 0.489192

-1.00977 0.489189
-1.00488 0.49237

-1.00488 0.492374
-1.00365 0.493164

-1.00367 0.493164
-1.0 0.495553

-1.0 0.495548
-0.996163 0.498047

-0.996184 0.498047
-0.995117 0.498731

-0.995117 0.49873
-0.990234 0.501913

-0.990234 0.501913
-0.988666 0.50293

-0.988677 0.50293
-0.985352 0.505096

-0.985352 0.505092
-0.981177 0.507812

-0.981195 0.507812
-0.980469 0.508273

-0.980469 0.508276
-0.975586 0.511459

-0.975586 0.511457
-0.973683 0.512695

-0.973693 0.512695
-0.970703 0.514643

-0.970703 0.514639
-0.966194 0.517578

-0.966202 0.517578
-0.96582 0.517821

-0.96582 0.517824
-0.960938 0.521007

-0.960938 0.521004
-0.958701 0.522461

-0.95871 0.522461
-0.956055 0.524191

-0.956055 0.524187
-0.951212 0.527344

-0.951215 0.527344
-0.951172 0.527371

-0.951172 0.527372
-0.946289 0.530555

-0.946289 0.530551
-0.943717 0.532227

-0.943728 0.532227
-0.941406 0.533739

-0.941406 0.533734
-0.936523 0.536917

-0.936523 0.536921
-0.936228 0.537109

-0.936232 0.537109
-0.931641 0.540102

-0.931641 0.540098
-0.928733 0.541992

-0.928745 0.541992
-0.926758 0.543286

-0.926758 0.543281
-0.921875 0.546464

-0.921875 0.54647
-0.921236 0.546875

-0.921248 0.546875
-0.916992 0.549649

-0.916992 0.549645
-0.913749 0.551758

-0.913763 0.551758
-0.912109 0.552831

-0.912109 0.552829
-0.907227 0.556012

-0.907227 0.556016
-0.906251 0.556641

-0.906264 0.556641
-0.902344 0.559196

-0.902344 0.559193
-0.898768 0.561523

-0.898783 0.561523
-0.897461 0.562377

-0.897461 0.562377
-0.892578 0.565561

-0.892578 0.565563
-0.891272 0.566406

-0.891284 0.566406
-0.887695 0.568746

-0.887695 0.568743
-0.883792 0.571289

-0.883805 0.571289
-0.882812 0.571925

-0.882812 0.571929
-0.87793 0.575115

-0.87793 0.575115
-0.876302 0.576172

-0.876312 0.576172
-0.873047 0.578302

-0.873047 0.578299
-0.868826 0.581055

-0.868834 0.581055
-0.868164 0.58148

-0.868164 0.581487
-0.863281 0.584676

-0.863281 0.584674
-0.861344 0.585938

-0.861352 0.585938
-0.858398 0.587866

-0.858398 0.587864
-0.853874 0.59082

-0.853873 0.59082
-0.853516 0.591048

-0.853516 0.591056
-0.848633 0.594248

-0.848633 0.594246
-0.846404 0.595703

-0.846411 0.595703
-0.84375 0.597443

