-1.65461 0.0
-1.65462 0.00488281

-1.65462 0.00488281
-1.65465 0.00976562

-1.65465 0.00976562
-1.6547 0.0146484

-1.6547 0.0146484
-1.65478 0.0195312

-1.65478 0.0195312
-1.65487 0.0244141

-1.65487 0.0244141
-1.65499 0.0292969

-1.65499 0.0292969
-1.65512 0.0341797

-1.65512 0.0341797
-1.65528 0.0390625

-1.65528 0.0390625
-1.65545 0.0439453

-1.65545 0.0439453
-1.65565 0.0488281

-1.65565 0.0488281
-1.65587 0.0537109

-1.65587 0.0537109
-1.6561 0.0585938

-1.6561 0.0585938
-1.65635 0.0634766

-1.65635 0.0634766
-1.65662 0.0683594

-1.65662 0.0683594
-1.6569 0.0732422

-1.6569 0.0732422
-1.65718 0.078125

-1.65719 0.078125
-1.65748 0.0830078

-1.65748 0.0830078
-1.65776 0.0878906

-1.65776 0.0878906
-1.65802 0.0927734

-1.65803 0.0927734
-1.65825 0.0976562

-1.65826 0.0976562
-1.65841 0.102539

-1.65842 0.102539
-1.65847 0.107422

-1.65849 0.107422
-1.65836 0.112305

-1.65839 0.112305
-1.65801 0.117188

-1.65805 0.117188
-1.6573 0.12207

-1.65736 0.12207
-1.65602 0.126953

-1.65613 0.126953
-1.6543 0.130941

-1.6543 0.130934
-1.65388 0.131836

-1.65407 0.131836
-1.65034 0.136719

-1.65034 0.136719
-1.64941 0.137666

-1.64941 0.137646
-1.64456 0.141602

-1.64453 0.141394
-1.64413 0.141602

-1.64415 0.141602
-1.63965 0.143952

-1.63965 0.143858
-1.63477 0.145617

-1.63477 0.145565
-1.63122 0.146484

-1.63116 0.146484
-1.62988 0.146817

-1.62988 0.146792
-1.625 0.147745

-1.625 0.147725
-1.62012 0.148476

-1.62012 0.148462
-1.61523 0.149078

-1.61523 0.149067
-1.61035 0.149595

-1.61035 0.149586
-1.60547 0.150065

-1.60547 0.150059
-1.60059 0.150519

-1.60059 0.150514
-1.5957 0.150977

-1.5957 0.150973
-1.59172 0.151367

-1.59174 0.151367
-1.59082 0.151458

-1.59082 0.151453
-1.58594 0.151969

-1.58594 0.151966
-1.58105 0.152527

-1.58105 0.152527
-1.57617 0.15314

-1.57617 0.153139
-1.57129 0.153806

-1.57129 0.153805
-1.56641 0.154528

-1.56641 0.154526
-1.56152 0.155311

-1.56152 0.155311
-1.55664 0.156162

-1.55664 0.156166
-1.55619 0.15625

-1.55666 0.15625
-1.55664 0.156253

-1.55617 0.15625
-1.55176 0.157078

-1.55176 0.157077
-1.54688 0.158063

-1.54688 0.158065
-1.54199 0.159118

-1.54199 0.159117
-1.53711 0.160238

-1.53711 0.160238
-1.53343 0.161133

-1.53346 0.161133
-1.53223 0.161432

-1.53223 0.161426
-1.52734 0.16268

-1.52734 0.162682
-1.52246 0.164003

-1.52246 0.164002
-1.51758 0.16539

-1.51758 0.165391
-1.51547 0.166016

-1.51548 0.166016
-1.5127 0.166843

-1.5127 0.166841
-1.50781 0.168353

-1.50781 0.168354
-1.50293 0.16993

-1.50293 0.16993
-1.50004 0.170898

-1.50005 0.170898
-1.49805 0.171569

-1.49805 0.171565
-1.49316 0.173258

-1.49316 0.173259
-1.48828 0.175012

-1.48828 0.175012
-1.4862 0.175781

-1.48621 0.175781
-1.4834 0.176823

-1.4834 0.176821
-1.47852 0.178684

-1.47852 0.178685
-1.47363 0.180604

-1.47363 0.180609
-1.4735 0.180664

-1.47349 0.180664
-1.46875 0.182577

-1.46875 0.182576
-1.46387 0.184603

-1.46387 0.184603
-1.46165 0.185547

-1.46166 0.185547
-1.45898 0.186685

-1.45898 0.186683
-1.4541 0.188814

-1.4541 0.188813
-1.45049 0.19043

-1.45051 0.19043
-1.44922 0.191006

-1.44922 0.190999
-1.44434 0.193235

-1.44434 0.193234
-1.4399 0.195312

-1.43992 0.195312
-1.43945 0.195533

-1.43945 0.195523
-1.43457 0.197861

-1.43457 0.197861
-1.4298 0.200195

-1.42983 0.200195
-1.42969 0.200263

-1.42969 0.200251
-1.4248 0.202691

-1.4248 0.20269
-1.42012 0.205078

-1.42014 0.205078
-1.41992 0.205191

-1.41992 0.20518
-1.41504 0.207718

-1.41504 0.207716
-1.4108 0.209961

-1.41082 0.209961
-1.41016 0.210311

-1.41016 0.210303
-1.40527 0.212935

-1.40527 0.212933
-1.40179 0.214844

-1.4018 0.214844
-1.40039 0.215616

-1.40039 0.215611
-1.39551 0.218331

-1.39551 0.218331
-1.39304 0.219727

-1.39305 0.219727
-1.39062 0.221098

-1.39062 0.221095
-1.38574 0.2239

-1.38574 0.223902
-1.38453 0.224609

-1.38453 0.224609
-1.38086 0.226747

-1.38086 0.226746
-1.37621 0.229492

-1.37623 0.229492
-1.37598 0.229638

-1.37598 0.22963
-1.37109 0.232551

-1.37109 0.232549
-1.36808 0.234375

-1.36809 0.234375
-1.36621 0.23551

-1.36621 0.235506
-1.36133 0.238498

-1.36133 0.238501
-1.3601 0.239258

-1.3601 0.239258
-1.35645 0.241524

-1.35645 0.241522
-1.35226 0.244141

-1.35228 0.244141
-1.35156 0.244582

-1.35156 0.244578
-1.34668 0.247664

-1.34668 0.247663
-1.34455 0.249023

-1.34455 0.249023
-1.3418 0.250781

-1.3418 0.250779
-1.33694 0.253906

-1.33695 0.253906
-1.33691 0.25393

-1.33691 0.253924
-1.33203 0.257094

-1.33203 0.257092
-1.32944 0.258789

-1.32944 0.258789
-1.32715 0.26029

-1.32715 0.260288
-1.32227 0.263507

-1.32227 0.263511
-1.32202 0.263672

-1.32202 0.263672
-1.31738 0.266751

-1.31738 0.266749
-1.31468 0.268555

-1.31469 0.268555
-1.3125 0.270015

-1.3125 0.270013
-1.30762 0.273297

-1.30762 0.2733
-1.30741 0.273438

-1.30741 0.273438
-1.30273 0.276602

-1.30273 0.2766
-1.3002 0.27832

-1.30021 0.27832
-1.29785 0.279923

-1.29785 0.279921
-1.29305 0.283203

-1.29306 0.283203
-1.29297 0.283262

-1.29297 0.28326
-1.28809 0.286613

-1.28809 0.286614
-1.28594 0.288086

-1.28595 0.288086
-1.2832 0.28998

-1.2832 0.289979
-1.27888 0.292969

-1.27889 0.292969
-1.27832 0.293359

-1.27832 0.29336
-1.27344 0.296752

-1.27344 0.29676
-1.27185 0.297852

-1.27186 0.297852
-1.26855 0.300156

-1.26855 0.300155
-1.26486 0.302734

-1.26488 0.302734
-1.26367 0.303561

-1.26367 0.303568
-1.25879 0.306991

-1.25879 0.306998
-1.25789 0.307617

-1.2579 0.307617
-1.25391 0.310423

-1.25391 0.310421
-1.25095 0.3125

-1.25097 0.3125
-1.24902 0.313856

-1.24902 0.313859
-1.24414 0.317303

-1.24414 0.317304
-1.24403 0.317383

-1.24403 0.317383
-1.23926 0.320754

-1.23926 0.320757
-1.23711 0.322266

-1.23712 0.322266
-1.23438 0.324207

-1.23438 0.324206
-1.23022 0.327148

-1.23023 0.327148
-1.22949 0.327661

-1.22949 0.327664
-1.22461 0.331125

-1.22461 0.331135
-1.22332 0.332031

-1.22333 0.332031
-1.21973 0.334589

-1.21973 0.334587
-1.21645 0.336914

-1.21646 0.336914
-1.21484 0.338044

-1.21484 0.338052
-1.20996 0.341517

-1.20996 0.34152
-1.20956 0.341797

-1.20957 0.341797
-1.20508 0.344984

-1.20508 0.344985
-1.20268 0.34668

-1.20269 0.34668
-1.2002 0.348448

-1.2002 0.348449
-1.19581 0.351562

-1.19581 0.351562
-1.19531 0.351911

-1.19531 0.351914
-1.19043 0.355377

-1.19043 0.355387
-1.18891 0.356445

-1.18892 0.356445
-1.18555 0.35884

-1.18555 0.358839
-1.18203 0.361328

-1.18205 0.361328
-1.18066 0.362288

-1.18066 0.362298
-1.17578 0.365755

-1.17578 0.365759
-1.17513 0.366211

-1.17514 0.366211
-1.1709 0.369211

-1.1709 0.36921
-1.16823 0.371094

-1.16824 0.371094
-1.16602 0.372658

-1.16602 0.37266
-1.16132 0.375977

-1.16132 0.375977
-1.16113 0.376106

-1.16113 0.376108
-1.15625 0.379552

-1.15625 0.379558
-1.15438 0.380859

-1.15439 0.380859
-1.15137 0.382992

-1.15137 0.382991
-1.14746 0.385742

-1.14747 0.385742
-1.14648 0.386419

-1.14648 0.386426
-1.1416 0.389857

-1.1416 0.389866
-1.14049 0.390625

-1.14051 0.390625
-1.13672 0.393285

-1.13672 0.393284
-1.13355 0.395508

-1.13356 0.395508
-1.13184 0.396701

-1.13184 0.396707
-1.12695 0.400126

-1.12695 0.400128
-1.12657 0.400391

-1.12658 0.400391
-1.12207 0.403541

-1.12207 0.403541
-1.11959 0.405273

-1.11959 0.405273
-1.11719 0.40695

-1.11719 0.406951
-1.11259 0.410156

-1.11259 0.410156
-1.1123 0.410355

-1.1123 0.410358
-1.10742 0.413761

-1.10742 0.413765
-1.10558 0.415039

-1.10559 0.415039
-1.10254 0.41716

-1.10254 0.417159
-1.09857 0.419922

-1.09858 0.419922
-1.09766 0.420548

-1.09766 0.420554
-1.09277 0.423947

-1.09277 0.423956
-1.09152 0.424805

-1.09154 0.424805
-1.08789 0.427336

-1.08789 0.427335
-1.0845 0.429688

-1.08451 0.429688
-1.08301 0.430713

-1.08301 0.43072
-1.07812 0.434104

-1.07812 0.434108
-1.07744 0.43457

-1.07745 0.43457
-1.07324 0.437484

-1.07324 0.437483
-1.07039 0.439453

-1.0704 0.439453
-1.06836 0.440858

-1.06836 0.440861
-1.06348 0.444236

-1.06348 0.444237
-1.06333 0.444336

-1.06333 0.444336
-1.05859 0.44761

-1.05859 0.44761
-1.05626 0.449219

-1.05626 0.449219
-1.05371 0.45098

-1.05371 0.450979
-1.04919 0.454102

-1.04919 0.454102
-1.04883 0.454345

-1.04883 0.454348
-1.04395 0.457715

-1.04395 0.457719
-1.0421 0.458984

-1.0421 0.458984
-1.03906 0.46108

-1.03906 0.46108
-1.03502 0.463867

-1.03503 0.463867
-1.03418 0.464437

-1.03418 0.464444
-1.0293 0.467806

-1.0293 0.467813
-1.02791 0.46875

-1.02792 0.46875
-1.02441 0.471166

-1.02441 0.471166
-1.02083 0.473633

-1.02084 0.473633
-1.01953 0.474516

-1.01953 0.474525
-1.01465 0.477882

-1.01465 0.477889
-1.01371 0.478516

-1.01373 0.478516
-1.00977 0.481239

-1.00977 0.481238
-1.00662 0.483398

-1.00663 0.483398
-1.00488 0.484588

-1.00488 0.484593
-1.0 0.487946

-1.0 0.487949
-0.999507 0.488281

-0.999513 0.488281
-0.995117 0.491299

-0.995117 0.491298
-0.992398 0.493164

-0.992402 0.493164
-0.990234 0.494647

-0.990234 0.494648
-0.985352 0.497998

-0.985352 0.497998
-0.98528 0.498047

-0.985281 0.498047
-0.980469 0.501346

-0.980469 0.501346
-0.978155 0.50293

-0.978157 0.50293
-0.975586 0.504692

-0.975586 0.504691
-0.971029 0.507812

-0.97103 0.507812
-0.970703 0.508032

-0.970703 0.508036
-0.96582 0.511379

-0.96582 0.511382
-0.963891 0.512695

-0.963897 0.512695
-0.960938 0.51472

-0.960938 0.51472
-0.956759 0.517578

-0.956766 0.517578
-0.956055 0.518054

-0.956055 0.51806
-0.951172 0.521398

-0.951172 0.521404
-0.949606 0.522461

-0.949616 0.522461
-0.946289 0.524734

-0.946289 0.524734
-0.942468 0.527344

-0.942482 0.527344
-0.941406 0.52806

-0.941406 0.528069
-0.936523 0.531402

-0.936523 0.53141
-0.935301 0.532227

-0.935315 0.532227
-0.931641 0.534734

-0.931641 0.534733
-0.928157 0.537109

-0.928168 0.537109
-0.926758 0.538056

-0.926758 0.538063
-0.921875 0.541392

-0.921875 0.541398
-0.920981 0.541992

-0.920994 0.541992
-0.916992 0.544718

-0.916992 0.544718
-0.913825 0.546875

-0.913833 0.546875
-0.912109 0.548039

-0.912109 0.548043
-0.907227 0.551367

-0.907227 0.551371
-0.906645 0.551758

-0.906653 0.551758
-0.902344 0.55469

-0.902344 0.554689
-0.899475 0.556641

-0.89948 0.556641
-0.897461 0.558009

-0.897461 0.558011
-0.892578 0.561331

-0.892578 0.561332
-0.892292 0.561523

-0.892295 0.561523
-0.887695 0.56465

-0.887695 0.56465
-0.88511 0.566406

-0.885112 0.566406
-0.882812 0.567968

-0.882812 0.567968
-0.87793 0.571285

-0.877925 0.571289
-0.873047 0.574602

-0.873047 0.574603
-0.870734 0.576172

-0.870735 0.576172
-0.868164 0.577918

-0.868164 0.577918
-0.863545 0.581055

-0.863544 0.581055
-0.863281 0.58123

-0.863281 0.581234
-0.858398 0.58455

-0.858398 0.584551
-0.856351 0.585938

-0.856354 0.585938
-0.853516 0.587865

-0.853516 0.587865
-0.849163 0.59082

-0.849167 0.59082
-0.848633 0.591175

-0.848633 0.59118
-0.84375 0.594496

-0.84375 0.5945
-0.841966 0.595703

-0.841973 0.595703
-0.838867 0.597812

