-1.63477 0.00886179
-1.63479 0.00976562

-1.6348 0.00976562
-1.6349 0.012207

-1.6349 0.012207
-1.63502 0.0146484

-1.63501 0.0146484
-1.63516 0.0170898

-1.63515 0.0170898
-1.63532 0.0195312

-1.63462 0.0
-1.63463 0.00244141

-1.63463 0.00244141
-1.63466 0.00488281

-1.63466 0.00488281
-1.63472 0.00732422

-1.63477 0.00885184
-1.63472 0.00732422

-1.63532 0.0195312
-1.63551 0.0219727

-1.63551 0.0219727
-1.63571 0.0244141

-1.63571 0.0244141
-1.63592 0.0268555

-1.63592 0.0268555
-1.63617 0.0292969

-1.63618 0.0292969
-1.63644 0.0317383

-1.63644 0.0317383
-1.6367 0.0341797

-1.63721 0.0387363
-1.63725 0.0390625

-1.63669 0.0341797
-1.63696 0.0366211

-1.63721 0.0386579
-1.63695 0.0366211

-1.63728 0.0390625
-1.63758 0.0415039

-1.63758 0.0415039
-1.63783 0.0439453

-1.6378 0.0439453
-1.63804 0.0463867

-1.63803 0.0463867
-1.63832 0.0488281

-1.63839 0.0488281
-1.63862 0.0512695

-1.63862 0.0512695
-1.63864 0.0537109

-1.63858 0.0537109
-1.63853 0.0561523

-1.63849 0.0561523
-1.63859 0.0585938

-1.63886 0.0585938
-1.63868 0.0610352

-1.63863 0.0610352
-1.63773 0.0634766

-1.63771 0.0634766
-1.63721 0.0643879

-1.63721 0.0642137
-1.63626 0.065918

-1.63628 0.065918
-1.63477 0.068177

-1.63581 0.0683594
-1.63477 0.0696132

-1.63477 0.0681869
-1.63463 0.0683594

-1.63468 0.0683594
-1.63232 0.0706324

-1.63232 0.0705686
-1.63205 0.0708008

-1.63211 0.0708008
-1.62988 0.0725668

-1.62988 0.0726702
-1.62887 0.0732422

-1.6288 0.0732422
-1.62744 0.0740038

-1.62744 0.0741099
-1.625 0.0745699

-1.625 0.0742246
-1.62256 0.0742859

-1.62256 0.0743352
-1.62012 0.0745899

-1.62012 0.0746693
-1.61768 0.0748598

-1.61768 0.074868
-1.61523 0.0748191

-1.61523 0.0747267
-1.61279 0.0746066

-1.61279 0.074621
-1.61035 0.0745857

-1.61035 0.0746053
-1.60791 0.074587

-1.60791 0.0745865
-1.60547 0.074547

-1.60547 0.0745336
-1.60303 0.0745008

-1.60303 0.0745026
-1.60059 0.0744997

-1.60059 0.0745035
-1.59814 0.0745189

-1.59814 0.0745195
-1.5957 0.0745445

-1.5957 0.0745394
-1.59326 0.0745833

-1.59326 0.0745841
-1.59082 0.0746556

-1.59082 0.0746571
-1.58838 0.0747519

-1.58838 0.0747525
-1.58594 0.0748666

-1.58594 0.0748632
-1.5835 0.0750022

-1.5835 0.0750024
-1.58105 0.0751728

-1.58105 0.0751748
-1.57861 0.0753722

-1.57861 0.0753709
-1.57617 0.0755932

-1.57629 0.0756836
-1.57617 0.0756941

-1.57617 0.0755902
-1.57525 0.0756836

-1.57531 0.0756836
-1.57373 0.0758445

-1.57373 0.0758418
-1.57129 0.076118

-1.57129 0.076118
-1.56885 0.0764228

-1.56885 0.0764241
-1.56641 0.0767547

-1.56641 0.0767496
-1.56396 0.0771134

-1.56396 0.0771131
-1.56152 0.077521

-1.56152 0.0775255
-1.55908 0.0779692

-1.55908 0.077975
-1.55827 0.078125

-1.5583 0.078125
-1.55664 0.0784321

-1.55664 0.0784149
-1.5542 0.0788902

-1.5542 0.0788929
-1.55176 0.0794171

-1.55176 0.079418
-1.54932 0.0799839

-1.54932 0.0799814
-1.54697 0.0805664

-1.547 0.0805664
-1.54688 0.0805983

-1.54688 0.080597
-1.54443 0.0812447

-1.54443 0.0812439
-1.54199 0.0819202

-1.54199 0.0819149
-1.53955 0.0826321

-1.53955 0.0826401
-1.53834 0.0830078

-1.53838 0.0830078
-1.53711 0.0833926

-1.53711 0.0833757
-1.53467 0.0841288

-1.53467 0.0841301
-1.53223 0.0849153

-1.53223 0.0849089
-1.53062 0.0854492

-1.53065 0.0854492
-1.52979 0.0857406

-1.52979 0.0857369
-1.52734 0.0865844

-1.52734 0.0865753
-1.5249 0.0874603

-1.5249 0.0874678
-1.52377 0.0878906

-1.52381 0.0878906
-1.52246 0.0883921

-1.52246 0.0883759
-1.52002 0.089293

-1.52002 0.0892937
-1.51758 0.0902361

-1.51758 0.0902302
-1.51732 0.090332

-1.51733 0.090332
-1.51514 0.091205

-1.51514 0.0912015
-1.5127 0.0922117

-1.5127 0.0922153
-1.51138 0.0927734

-1.51141 0.0927734
-1.51025 0.0932643

-1.51025 0.0932625
-1.50781 0.0942953

-1.50781 0.0942743
-1.50564 0.0952148

-1.50568 0.0952148
-1.50537 0.0953496

-1.50537 0.0953394
-1.50293 0.0964477

-1.50293 0.0964518
-1.50049 0.0975914

-1.50049 0.0975977
-1.50036 0.0976562

-1.50039 0.0976562
-1.49805 0.0987352

-1.49805 0.0987057
-1.49561 0.0998336

-1.49561 0.0998385
-1.49506 0.100098

-1.49508 0.100098
-1.49316 0.101015

-1.49316 0.101007
-1.49072 0.102213

-1.49072 0.102221
-1.49008 0.102539

-1.49011 0.102539
-1.48828 0.103452

-1.48828 0.103429
-1.48584 0.104662

-1.48584 0.104665
-1.48523 0.10498

-1.48524 0.10498
-1.4834 0.105941

-1.4834 0.105938
-1.48096 0.107243

-1.48096 0.107262
-1.48065 0.107422

-1.48067 0.107422
-1.47852 0.108558

-1.47852 0.108523
-1.47607 0.109807

-1.47607 0.109806
-1.47597 0.109863

-1.47599 0.109863
-1.47363 0.111143

-1.47363 0.111137
-1.47153 0.112305

-1.47157 0.112305
-1.47119 0.112513

-1.47119 0.112508
-1.46875 0.113868

-1.46875 0.113847
-1.46715 0.114746

-1.46718 0.114746
-1.46631 0.115234

-1.46631 0.115227
-1.46387 0.116644

-1.46387 0.116652
-1.46295 0.117188

-1.46297 0.117188
-1.46143 0.118093

-1.46143 0.118093
-1.45898 0.119509

-1.45898 0.119493
-1.45875 0.119629

-1.45875 0.119629
-1.45654 0.120921

-1.45654 0.120924
-1.45463 0.12207

-1.45468 0.12207
-1.4541 0.122419

-1.4541 0.122397
-1.45166 0.123877

-1.45166 0.123877
-1.45062 0.124512

-1.45063 0.124512
-1.44922 0.12537

-1.44922 0.125358
-1.44678 0.12687

-1.44678 0.126878
-1.44665 0.126953

-1.44667 0.126953
-1.44434 0.128411

-1.44434 0.128396
-1.44274 0.129395

-1.44275 0.129395
-1.44189 0.129927

-1.44189 0.129926
-1.43945 0.131463

-1.43945 0.131455
-1.43885 0.131836

-1.43886 0.131836
-1.43701 0.13301

-1.43701 0.133011
-1.43505 0.134277

-1.43505 0.134277
-1.43457 0.134582

-1.43457 0.134579
-1.43213 0.136181

-1.43213 0.136185
-1.43131 0.136719

-1.43136 0.136719
-1.42969 0.137808

-1.42969 0.137768
-1.42754 0.13916

-1.42756 0.13916
-1.42725 0.13936

-1.42725 0.139359
-1.4248 0.140976

-1.4248 0.140975
-1.42386 0.141602

-1.42388 0.141602
-1.42236 0.142616

-1.42236 0.142616
-1.42023 0.144043

-1.42024 0.144043
-1.41992 0.144249

-1.41992 0.144236
-1.41748 0.145889

-1.41748 0.145895
-1.41661 0.146484

-1.41665 0.146484
-1.41504 0.147583

-1.41504 0.147567
-1.41305 0.148926

-1.41306 0.148926
-1.4126 0.149236

-1.4126 0.14924
-1.41016 0.150915

-1.41016 0.150909
-1.40948 0.151367

-1.40949 0.151367
-1.40771 0.152595

-1.40771 0.152597
-1.40598 0.153809

-1.40599 0.153809
-1.40527 0.154299

-1.40527 0.154298
-1.40283 0.156032

-1.40283 0.156046
-1.40254 0.15625

-1.40256 0.15625
-1.40039 0.157781

-1.40039 0.157747
-1.39904 0.158691

-1.39906 0.158691
-1.39795 0.159468

-1.39795 0.159469
-1.39562 0.161133

-1.39565 0.161133
-1.39551 0.161233

-1.39551 0.161219
-1.39307 0.162978

-1.39307 0.162984
-1.39223 0.163574

-1.39224 0.163574
-1.39062 0.164745

-1.39062 0.164736
-1.38887 0.166016

-1.38889 0.166016
-1.38818 0.166524

-1.38818 0.166525
-1.38574 0.168315

-1.38574 0.168312
-1.38554 0.168457

-1.38555 0.168457
-1.3833 0.170109

-1.3833 0.170114
-1.38223 0.170898

-1.38224 0.170898
-1.38086 0.171916

-1.38086 0.171906
-1.37893 0.17334

-1.37894 0.17334
-1.37842 0.173724

-1.37842 0.173721
-1.37598 0.175561

-1.37598 0.17557
-1.37569 0.175781

-1.3757 0.175781
-1.37354 0.177419

-1.37354 0.177423
-1.37246 0.178223

-1.37247 0.178223
-1.37109 0.179256

-1.37109 0.179239
-1.36921 0.180664

-1.36923 0.180664
-1.36865 0.181098

-1.36865 0.181096
-1.36621 0.182964

-1.36621 0.18296
-1.36602 0.183105

-1.36602 0.183105
-1.36377 0.184845

-1.36377 0.184848
-1.36285 0.185547

-1.36289 0.185547
-1.36133 0.186749

-1.36133 0.186723
-1.35968 0.187988

-1.3597 0.187988
-1.35889 0.188601

-1.35889 0.188605
-1.35654 0.19043

-1.35656 0.19043
-1.35645 0.190519

-1.35645 0.190507
-1.354 0.192416

-1.354 0.192418
-1.35342 0.192871

-1.35342 0.192871
-1.35156 0.194331

-1.35156 0.194331
-1.3503 0.195312

-1.35033 0.195312
-1.34912 0.196252

-1.34912 0.196257
-1.34723 0.197754

-1.34723 0.197754
-1.34668 0.198184

-1.34668 0.198184
-1.34424 0.20012

-1.34424 0.200122
-1.34415 0.200195

-1.34415 0.200195
-1.3418 0.202063

-1.3418 0.202058
-1.34106 0.202637

-1.34107 0.202637
-1.33936 0.204006

-1.33936 0.204012
-1.33801 0.205078

-1.33805 0.205078
-1.33691 0.205976

-1.33691 0.205973
-1.33499 0.20752

-1.33499 0.20752
-1.33447 0.207933

-1.33447 0.207935
-1.33203 0.209897

-1.33203 0.209894
-1.33195 0.209961

-1.33195 0.209961
-1.32959 0.21186

-1.32959 0.211865
-1.32892 0.212402

-1.32892 0.212402
-1.32715 0.213841

-1.32715 0.213841
-1.3259 0.214844

-1.32594 0.214844
-1.32471 0.215833

-1.32471 0.21584
-1.32293 0.217285

-1.32293 0.217285
-1.32227 0.21782

-1.32227 0.21781
-1.31991 0.219727

-1.31993 0.219727
-1.31982 0.219816

-1.31982 0.219799
-1.31738 0.221798

-1.31738 0.2218
-1.31693 0.222168

-1.31693 0.222168
-1.31494 0.223803

-1.31494 0.223804
-1.31395 0.224609

-1.31399 0.224609
-1.3125 0.225821

-1.3125 0.225812
-1.31098 0.227051

-1.31099 0.227051
-1.31006 0.227809

-1.31006 0.227814
-1.30802 0.229492

-1.30803 0.229492
-1.30762 0.229834

-1.30762 0.229828
-1.30518 0.231845

-1.30518 0.231844
-1.30507 0.231934

-1.30507 0.231934
-1.30273 0.233866

-1.30273 0.233866
-1.30212 0.234375

-1.30212 0.234375
-1.30029 0.235891

-1.30029 0.235898
-1.29917 0.236816

-1.29919 0.236816
-1.29785 0.237907

-1.29785 0.237916
-1.29623 0.239258

-1.29624 0.239258
-1.29541 0.239943

-1.29541 0.239944
-1.29329 0.241699

-1.29329 0.241699
-1.29297 0.241968

-1.29297 0.241965
-1.29053 0.243997

-1.29053 0.243994
-1.29035 0.244141

-1.29036 0.244141
-1.28809 0.24604

-1.28809 0.24604
-1.28743 0.246582

-1.28743 0.246582
-1.28564 0.24807

-1.28564 0.248076
-1.28449 0.249023

-1.28452 0.249023
-1.2832 0.250096

-1.2832 0.250102
-1.28156 0.251465

-1.28157 0.251465
-1.28076 0.252133

-1.28076 0.252135
-1.27864 0.253906

-1.27868 0.253906
-1.27832 0.254209

-1.27832 0.25418
-1.27588 0.256219

-1.27588 0.256219
-1.27572 0.256348

-1.27573 0.256348
-1.27344 0.258259

-1.27344 0.258258
-1.2728 0.258789

-1.2728 0.258789
-1.271 0.260297

-1.271 0.260306
-1.26987 0.26123

-1.26989 0.26123
-1.26855 0.262329

-1.26855 0.262328
-1.26694 0.263672

-1.26698 0.263672
-1.26611 0.264392

-1.26611 0.264388
-1.26405 0.266113

-1.26405 0.266113
-1.26367 0.266428

-1.26367 0.266426
-1.26123 0.268465

-1.26123 0.268466
-1.26112 0.268555

-1.26113 0.268555
-1.25879 0.270513

-1.25879 0.270517
-1.25821 0.270996

-1.25821 0.270996
-1.25635 0.272561

-1.25635 0.272562
-1.25529 0.273438

-1.25533 0.273438
-1.25391 0.274613

-1.25391 0.274614
-1.25238 0.275879

-1.25239 0.275879
-1.25146 0.276649

-1.25146 0.276653
-1.24948 0.27832

-1.24948 0.27832
-1.24902 0.278704

-1.24902 0.278701
-1.24658 0.28075

-1.24658 0.280749
-1.24657 0.280762

-1.24657 0.280762
-1.24414 0.282799

-1.24414 0.282799
-1.24366 0.283203

-1.24366 0.283203
-1.2417 0.28485

-1.2417 0.284854
-1.24075 0.285645

-1.24076 0.285645
-1.23926 0.286891

-1.23926 0.286902
-1.23783 0.288086

-1.23785 0.288086
-1.23682 0.28894

-1.23682 0.288944
-1.23492 0.290527

-1.23493 0.290527
-1.23438 0.290986

-1.23438 0.290985
-1.23201 0.292969

-1.23203 0.292969
-1.23193 0.293052

-1.23193 0.293032
-1.22949 0.295076

-1.22949 0.295081
-1.2291 0.29541

-1.22909 0.29541
-1.22705 0.297117

-1.22705 0.297115
-1.22616 0.297852

-1.22618 0.297852
-1.22461 0.299151

-1.22461 0.299157
-1.22323 0.300293

-1.22324 0.300293
-1.22217 0.301177

-1.22217 0.301184
-1.22031 0.302734

-1.22034 0.302734
-1.21973 0.303242

-1.21973 0.303221
-1.21738 0.305176

-1.21738 0.305176
-1.21729 0.305252

-1.21729 0.305252
-1.21484 0.307281

-1.21484 0.307281
-1.21444 0.307617

-1.21444 0.307617
-1.2124 0.309309

-1.2124 0.309314
-1.21149 0.310059

-1.21151 0.310059
-1.20996 0.311328

-1.20996 0.311325
-1.20853 0.3125

-1.20856 0.3125
-1.20752 0.313357

-1.20752 0.313358
-1.20561 0.314941

-1.20561 0.314941
-1.20508 0.315379

-1.20508 0.31538
-1.20265 0.317383

-1.20267 0.317383
-1.20264 0.317413

-1.20264 0.317395
-1.2002 0.319412

-1.2002 0.319417
-1.1997 0.319824

-1.1997 0.319824
-1.19775 0.321432

-1.19775 0.321433
-1.19673 0.322266

-1.19676 0.322266
-1.19531 0.323451

-1.19531 0.323452
-1.19378 0.324707

-1.19379 0.324707
-1.19287 0.325452

-1.19287 0.325458
-1.19082 0.327148

-1.19082 0.327148
-1.19043 0.327466

-1.19043 0.327467
-1.18799 0.329474

-1.18799 0.329473
-1.18785 0.32959

-1.18785 0.32959
-1.18555 0.331477

-1.18555 0.331478
-1.18487 0.332031

-1.18487 0.332031
-1.18311 0.333477

-1.18311 0.333487
-1.18188 0.334473

-1.1819 0.334473
-1.18066 0.335466

-1.18066 0.335473
-1.1789 0.336914

-1.17891 0.336914
-1.17822 0.337472

-1.17822 0.337471
-1.17591 0.339355

-1.17591 0.339355
-1.17578 0.339459

-1.17578 0.339459
-1.17334 0.341447

-1.17334 0.341439
-1.1729 0.341797

-1.17291 0.341797
-1.1709 0.343439

-1.1709 0.343443
-1.16991 0.344238

-1.16992 0.344238
-1.16846 0.345416

-1.16846 0.345424
-1.1669 0.34668

-1.16692 0.34668
-1.16602 0.347399

-1.16602 0.347399
-1.16389 0.349121

-1.16389 0.349121
-1.16357 0.349374

-1.16357 0.349374
-1.16113 0.351351

-1.16113 0.351352
-1.16087 0.351562

-1.16087 0.351562
-1.15869 0.353327

-1.15869 0.35333
-1.15785 0.354004

-1.15785 0.354004
-1.15625 0.355295

-1.15625 0.355301
-1.15482 0.356445

-1.15483 0.356445
-1.15381 0.357254

-1.15381 0.357261
-1.15179 0.358887

-1.15179 0.358887
-1.15137 0.359226

-1.15137 0.359225
-1.14893 0.36119

-1.14893 0.361182
-1.14874 0.361328

-1.14876 0.361328
-1.14648 0.363155

-1.14648 0.363154
-1.14571 0.36377

-1.14571 0.36377
-1.14404 0.365103

-1.14404 0.365109
-1.14265 0.366211

-1.14267 0.366211
-1.1416 0.367046

-1.1416 0.367056
-1.1396 0.368652

-1.1396 0.368652
-1.13916 0.369002

-1.13916 0.369004
-1.13672 0.370949

-1.13672 0.370949
-1.13654 0.371094

-1.13654 0.371094
-1.13428 0.37289

-1.13428 0.372894
-1.13346 0.373535

-1.13347 0.373535
-1.13184 0.374829

-1.13184 0.37483
-1.13038 0.375977

-1.1304 0.375977
-1.12939 0.37676

-1.12939 0.376767
-1.12731 0.378418

-1.12731 0.378418
-1.12695 0.378699

-1.12695 0.378696
-1.12451 0.380626

-1.12451 0.380619
-1.12421 0.380859

-1.12422 0.380859
-1.12207 0.382558

-1.12207 0.382563
-1.12112 0.383301

-1.12113 0.383301
-1.11963 0.384479

-1.11963 0.384482
-1.11802 0.385742

-1.11804 0.385742
-1.11719 0.386398

-1.11719 0.386398
-1.11491 0.388184

-1.11491 0.388184
-1.11475 0.388313

-1.11475 0.388314
-1.1123 0.390229

-1.1123 0.390223
-1.11179 0.390625

-1.1118 0.390625
-1.10986 0.392144

-1.10986 0.39215
-1.10868 0.393066

-1.10869 0.393066
-1.10742 0.394049

-1.10742 0.394054
-1.10556 0.395508

-1.10556 0.395508
-1.10498 0.395957

-1.10498 0.395958
-1.10254 0.397861

-1.10254 0.397863
-1.10243 0.397949

-1.10243 0.397949
-1.1001 0.399765

-1.1001 0.399766
-1.09928 0.400391

-1.0993 0.400391
-1.09766 0.401668

-1.09766 0.401662
-1.09614 0.402832

-1.09615 0.402832
-1.09521 0.403546

-1.09521 0.403553
-1.093 0.405273

-1.093 0.405273
-1.09277 0.405445

-1.09277 0.405446
-1.09033 0.407337

-1.09033 0.407339
-1.08984 0.407715

-1.08984 0.407715
-1.08789 0.409226

-1.08789 0.40923
-1.08668 0.410156

-1.08669 0.410156
-1.08545 0.411107

-1.08545 0.411112
-1.08352 0.412598

-1.08353 0.412598
-1.08301 0.412993

-1.08301 0.412994
-1.08057 0.414873

-1.08057 0.414869
-1.08034 0.415039

-1.08036 0.415039
-1.07812 0.416751

-1.07812 0.416754
-1.07716 0.41748

-1.07717 0.41748
-1.07568 0.418617

-1.07568 0.418618
-1.07398 0.419922

-1.074 0.419922
-1.07324 0.420492

-1.07324 0.420493
-1.0708 0.422362

-1.0708 0.422363
-1.06836 0.424227

-1.06836 0.424231
-1.06759 0.424805

-1.0676 0.424805
-1.06592 0.426088

-1.06592 0.42609
-1.0644 0.427246

-1.06441 0.427246
-1.06348 0.427944

-1.06348 0.427949
-1.0612 0.429688

-1.06121 0.429688
-1.06104 0.429819

-1.06104 0.429815
-1.05859 0.431672

-1.05859 0.431671
-1.05798 0.432129

-1.05799 0.432129
-1.05615 0.433522

-1.05615 0.433524
-1.05477 0.43457

-1.05478 0.43457
-1.05371 0.43537

-1.05371 0.435377
-1.05156 0.437012

-1.05156 0.437012
-1.05127 0.437229

-1.05127 0.43723
-1.04883 0.439083

-1.04883 0.439086
-1.04834 0.439453

-1.04834 0.439453
-1.04639 0.440935

-1.04639 0.440938
-1.04511 0.441895

-1.04513 0.441895
-1.04395 0.442779

-1.04395 0.442781
-1.04189 0.444336

-1.0419 0.444336
-1.0415 0.444629

-1.0415 0.444629
-1.03906 0.446471

-1.03906 0.446469
-1.03865 0.446777

-1.03865 0.446777
-1.03662 0.448307

-1.03662 0.448311
-1.03541 0.449219

-1.03542 0.449219
-1.03418 0.450148

-1.03418 0.45015
-1.03218 0.45166

-1.03218 0.45166
-1.03174 0.451986

-1.03174 0.451989
-1.0293 0.453824

-1.0293 0.453824
-1.02892 0.454102

-1.02893 0.454102
-1.02686 0.455656

-1.02686 0.45566
-1.02567 0.456543

-1.02568 0.456543
-1.02441 0.457487

-1.02441 0.457488
-1.02242 0.458984

-1.02243 0.458984
-1.02197 0.459323

-1.02197 0.459325
-1.01953 0.461154

-1.01953 0.461153
-1.01916 0.461426

-1.01917 0.461426
-1.01709 0.462978

-1.01709 0.462982
-1.0159 0.463867

-1.01591 0.463867
-1.01465 0.464803

-1.01465 0.464806
-1.01264 0.466309

-1.01264 0.466309
-1.01221 0.46663

-1.01221 0.466632
-1.00977 0.468458

-1.00977 0.468461
-1.00937 0.46875

-1.00938 0.46875
-1.00732 0.470284

-1.00732 0.470287
-1.0061 0.471191

-1.00611 0.471191
-1.00488 0.472103

-1.00488 0.472104
-1.00283 0.473633

-1.00284 0.473633
-1.00244 0.473926

-1.00244 0.473927
-1.0 0.475744

-1.0 0.475742
-0.999547 0.476074

-0.999551 0.476074
-0.997559 0.477555

-0.997559 0.477558
-0.996267 0.478516

-0.996278 0.478516
-0.995117 0.479372

-0.995117 0.479375
-0.99299 0.480957

-0.992991 0.480957
-0.992676 0.481189

-0.992676 0.481191
-0.990234 0.483004

-0.990234 0.483007
-0.989699 0.483398

-0.989703 0.483398
-0.987793 0.484816

-0.987793 0.484817
-0.986411 0.48584

-0.986419 0.48584
-0.985352 0.486622

-0.985352 0.486625
-0.983118 0.488281

-0.983126 0.488281
-0.98291 0.488439

-0.98291 0.488438
-0.980469 0.490246

-0.980469 0.490248
-0.979815 0.490723

-0.979821 0.490723
-0.978027 0.492049

-0.978027 0.492049
-0.97652 0.493164

-0.976527 0.493164
-0.975586 0.493847

-0.975586 0.493855
-0.973217 0.495605

-0.973217 0.495605
-0.973145 0.495659

-0.973145 0.495659
-0.970703 0.497463

-0.970703 0.497469
-0.969903 0.498047

-0.969913 0.498047
-0.968262 0.499267

-0.968262 0.499267
-0.966605 0.500488

-0.966614 0.500488
-0.96582 0.501061

-0.96582 0.501066
-0.963379 0.502864

-0.963379 0.502863
-0.963287 0.50293

-0.963294 0.50293
-0.960938 0.504662

-0.960938 0.504664
-0.959961 0.505371

-0.959969 0.505371
-0.958496 0.506453

-0.958496 0.506453
-0.956648 0.507812

-0.956657 0.507812
-0.956055 0.508248

-0.956055 0.50825
-0.953613 0.510045

-0.953613 0.510046
-0.953327 0.510254

-0.953329 0.510254
-0.951172 0.511839

-0.951172 0.511842
-0.950001 0.512695

-0.950006 0.512695
-0.94873 0.513629

-0.94873 0.513631
-0.946678 0.515137

-0.946681 0.515137
-0.946289 0.51542

-0.946289 0.515421
-0.943848 0.517212

-0.943848 0.517214
-0.943343 0.517578

-0.943352 0.517578
-0.941406 0.519004

-0.941406 0.519002
-0.940014 0.52002

-0.94002 0.52002
-0.938965 0.520784

-0.938965 0.520788
-0.936679 0.522461

-0.936679 0.522461
-0.936523 0.522573

-0.936523 0.522575
-0.934082 0.524361

-0.934082 0.524366
-0.933332 0.524902

-0.933341 0.524902
-0.931641 0.526144

-0.931641 0.526142
-0.929996 0.527344

-0.930007 0.527344
-0.929199 0.527921

-0.929199 0.527927
-0.926758 0.52971

-0.926758 0.52971
-0.926654 0.529785

-0.926654 0.529785
-0.924316 0.531491

-0.924316 0.531495
-0.9233 0.532227

-0.923308 0.532227
-0.921875 0.53327

-0.921875 0.533268
-0.919953 0.534668

-0.919957 0.534668
-0.919434 0.535043

-0.919434 0.535046
-0.916992 0.536825

-0.916992 0.536824
-0.916595 0.537109

-0.916604 0.537109
-0.914551 0.538605

-0.914551 0.538606
-0.913249 0.539551

-0.913255 0.539551
-0.912109 0.540379

-0.912109 0.54038
-0.909891 0.541992

-0.909894 0.541992
-0.909668 0.542154

-0.909668 0.542154
-0.907227 0.543928

-0.907227 0.543934
-0.906524 0.544434

-0.906531 0.544434
-0.904785 0.545702

-0.904785 0.545702
-0.903169 0.546875

-0.903176 0.546875
-0.902344 0.547467

-0.902344 0.547474
-0.899902 0.549246

-0.899902 0.549246
-0.899804 0.549316

-0.899805 0.549316
-0.897461 0.551016

-0.897461 0.551018
-0.89643 0.551758

-0.896438 0.551758
-0.89502 0.552785

-0.89502 0.552785
-0.893065 0.554199

-0.89307 0.554199
-0.892578 0.554548

-0.892578 0.554548
-0.890137 0.556314

-0.890137 0.556316
-0.889682 0.556641

-0.889689 0.556641
-0.887695 0.558084

-0.887695 0.558083
-0.886313 0.559082

-0.886318 0.559082
-0.885254 0.559845

-0.885254 0.559849
-0.882936 0.561523

-0.882937 0.561523
-0.882812 0.561612

-0.882812 0.561612
-0.880371 0.563375

-0.880371 0.563381
-0.879546 0.563965

-0.879555 0.563965
-0.87793 0.565138

-0.87793 0.565137
-0.876172 0.566406

-0.876181 0.566406
-0.875488 0.566895

-0.875488 0.566901
-0.873047 0.568661

-0.873047 0.568662
-0.872785 0.568848

-0.872787 0.568848
-0.870605 0.57042

-0.870605 0.570422
-0.869398 0.571289

-0.869401 0.571289
-0.868164 0.572178

-0.868164 0.57218
-0.866012 0.57373

-0.866014 0.57373
-0.865723 0.573937

-0.865723 0.573939
-0.863281 0.575698

-0.863281 0.575702
-0.862614 0.576172

-0.862623 0.576172
-0.86084 0.577456

-0.86084 0.577456
-0.859232 0.578613

-0.85924 0.578613
-0.858398 0.579208

-0.858398 0.579213
-0.855957 0.580969

-0.855957 0.580968
-0.855836 0.581055

-0.85584 0.581055
-0.853516 0.582726

-0.853516 0.582727
-0.852438 0.583496

-0.852443 0.583496
-0.851074 0.584479

-0.851074 0.584479
-0.849046 0.585938

-0.849051 0.585938
-0.848633 0.586233

-0.848633 0.586235
-0.846191 0.58799

-0.846191 0.587993
-0.845644 0.588379

-0.84565 0.588379
-0.84375 0.589744

-0.84375 0.589743
-0.84225 0.59082

-0.842256 0.59082
-0.841309 0.591492

-0.841309 0.591496
-0.838867 0.593249

-0.838867 0.59325
-0.83885 0.593262

-0.838851 0.593262
-0.836426 0.595002

-0.836426 0.595005
-0.835443 0.595703

-0.835446 0.595703
-0.833984 0.596752

-0.833984 0.596753
-0.832045 0.598145

-0.83205 0.598145
-0.831543 0.598501

