-1.6543 0.0183104
-1.65432 0.0195312

-1.65414 0.0
-1.65415 0.00488281

-1.65415 0.00488281
-1.65418 0.00976562

-1.65418 0.00976562
-1.65424 0.0146484

-1.6543 0.0183652
-1.65424 0.0146484

-1.65432 0.0195312
-1.65442 0.0244141

-1.65442 0.0244141
-1.65454 0.0292969

-1.65454 0.0292969
-1.65468 0.0341797

-1.65468 0.0341797
-1.65485 0.0390625

-1.65485 0.0390625
-1.65503 0.0439453

-1.65503 0.0439453
-1.65524 0.0488281

-1.65524 0.0488281
-1.65547 0.0537109

-1.65547 0.0537109
-1.65572 0.0585938

-1.65572 0.0585938
-1.65598 0.0634766

-1.65598 0.0634766
-1.65626 0.0683594

-1.65626 0.0683594
-1.65656 0.0732422

-1.65656 0.0732422
-1.65686 0.078125

-1.65686 0.078125
-1.65716 0.0830078

-1.65716 0.0830078
-1.65746 0.0878906

-1.65746 0.0878906
-1.65773 0.0927734

-1.65773 0.0927734
-1.65796 0.0976562

-1.65797 0.0976562
-1.65811 0.102539

-1.65813 0.102539
-1.65815 0.107422

-1.65817 0.107422
-1.65801 0.112305

-1.65804 0.112305
-1.6576 0.117188

-1.65765 0.117188
-1.65677 0.12207

-1.65684 0.12207
-1.65531 0.126953

-1.65541 0.126953
-1.6543 0.129093

-1.6543 0.129188
-1.6529 0.131836

-1.65302 0.131836
-1.64941 0.136126

-1.64941 0.136013
-1.64867 0.136719

-1.64872 0.136719
-1.64453 0.14006

-1.64453 0.139939
-1.64139 0.141602

-1.64127 0.141602
-1.63965 0.14245

-1.63965 0.142383
-1.63477 0.144145

-1.63477 0.144094
-1.62988 0.145368

-1.62988 0.145333
-1.625 0.14629

-1.625 0.146269
-1.6236 0.146484

-1.62361 0.146484
-1.62012 0.14702

-1.62012 0.147004
-1.61523 0.147616

-1.61523 0.147606
-1.61035 0.148134

-1.61035 0.148125
-1.60547 0.148603

-1.60547 0.148598
-1.60059 0.149056

-1.60059 0.149051
-1.5957 0.149511

-1.5957 0.149506
-1.59082 0.149989

-1.59082 0.149987
-1.58594 0.150507

-1.58594 0.150506
-1.58105 0.15107

-1.58105 0.15107
-1.57868 0.151367

-1.57868 0.151367
-1.57617 0.151682

-1.57617 0.15168
-1.57129 0.152346

-1.57129 0.152345
-1.56641 0.15307

-1.56641 0.153069
-1.56152 0.153857

-1.56152 0.153856
-1.55664 0.15471

-1.55664 0.154709
-1.55176 0.155633

-1.55176 0.155634
-1.54872 0.15625

-1.54874 0.15625
-1.54688 0.156629

-1.54688 0.156624
-1.54199 0.157681

-1.54199 0.157681
-1.53711 0.158807

-1.53711 0.158806
-1.53223 0.160002

-1.53223 0.160002
-1.52786 0.161133

-1.52789 0.161133
-1.52734 0.161275

-1.52734 0.161266
-1.52246 0.162594

-1.52246 0.162594
-1.51758 0.163988

-1.51758 0.163987
-1.5127 0.165448

-1.5127 0.16545
-1.51088 0.166016

-1.51088 0.166016
-1.50781 0.166974

-1.50781 0.166972
-1.50293 0.168555

-1.50293 0.168555
-1.49805 0.170202

-1.49805 0.170203
-1.49606 0.170898

-1.49606 0.170898
-1.49316 0.17191

-1.49316 0.171907
-1.48828 0.173669

-1.48828 0.173669
-1.4834 0.17549

-1.4834 0.175494
-1.48265 0.175781

-1.48264 0.175781
-1.47852 0.177367

-1.47852 0.177366
-1.47363 0.179297

-1.47363 0.179297
-1.47027 0.180664

-1.47029 0.180664
-1.46875 0.181289

-1.46875 0.181283
-1.46387 0.18332

-1.46387 0.18332
-1.45898 0.185412

-1.45898 0.185417
-1.45869 0.185547

-1.45868 0.185547
-1.4541 0.187557

-1.4541 0.187556
-1.44922 0.189752

-1.44922 0.189754
-1.44775 0.19043

-1.44775 0.19043
-1.44434 0.192003

-1.44434 0.192001
-1.43945 0.1943

-1.43945 0.194301
-1.43735 0.195312

-1.43736 0.195312
-1.43457 0.196654

-1.43457 0.196651
-1.42969 0.199053

-1.42969 0.199053
-1.42741 0.200195

-1.42742 0.200195
-1.4248 0.201508

-1.4248 0.201505
-1.41992 0.204006

-1.41992 0.204006
-1.41787 0.205078

-1.41788 0.205078
-1.41504 0.206559

-1.41504 0.206556
-1.41016 0.209154

-1.41016 0.209155
-1.40867 0.209961

-1.40867 0.209961
-1.40527 0.2118

-1.40527 0.211798
-1.40039 0.214487

-1.40039 0.214491
-1.39976 0.214844

-1.39976 0.214844
-1.39551 0.217223

-1.39551 0.217221
-1.3911 0.219727

-1.39112 0.219727
-1.39062 0.220007

-1.39062 0.219999
-1.38574 0.222817

-1.38574 0.222816
-1.38268 0.224609

-1.38269 0.224609
-1.38086 0.225679

-1.38086 0.225675
-1.37598 0.228571

-1.37598 0.228572
-1.37445 0.229492

-1.37445 0.229492
-1.37109 0.231508

-1.37109 0.231506
-1.36638 0.234375

-1.36639 0.234375
-1.36621 0.234484

-1.36621 0.234477
-1.36133 0.237481

-1.36133 0.237479
-1.35847 0.239258

-1.35848 0.239258
-1.35645 0.240521

-1.35645 0.240518
-1.35156 0.243587

-1.35156 0.243593
-1.35069 0.244141

-1.35069 0.244141
-1.34668 0.246688

-1.34668 0.246686
-1.34303 0.249023

-1.34305 0.249023
-1.3418 0.249817

-1.3418 0.249816
-1.33691 0.252973

-1.33691 0.252977
-1.33548 0.253906

-1.33548 0.253906
-1.33203 0.256158

-1.33203 0.256156
-1.32802 0.258789

-1.32804 0.258789
-1.32715 0.259364

-1.32715 0.259365
-1.32227 0.262598

-1.32227 0.262602
-1.32065 0.263672

-1.32066 0.263672
-1.31738 0.265855

-1.31738 0.265853
-1.31336 0.268555

-1.31338 0.268555
-1.3125 0.269128

-1.3125 0.269131
-1.30762 0.272428

-1.30762 0.272434
-1.30612 0.273438

-1.30613 0.273438
-1.30273 0.275745

-1.30273 0.275744
-1.29896 0.27832

-1.29898 0.27832
-1.29785 0.279073

-1.29785 0.279078
-1.29297 0.282428

-1.29297 0.282439
-1.29183 0.283203

-1.29185 0.283203
-1.28809 0.285796

-1.28809 0.285794
-1.28477 0.288086

-1.28479 0.288086
-1.2832 0.28917

-1.2832 0.289174
-1.27832 0.292568

-1.27832 0.292572
-1.27774 0.292969

-1.27775 0.292969
-1.27344 0.295975

-1.27344 0.295973
-1.27075 0.297852

-1.27076 0.297852
-1.26855 0.299389

-1.26855 0.299389
-1.26379 0.302734

-1.26379 0.302734
-1.26367 0.302817

-1.26367 0.302816
-1.25879 0.306251

-1.25879 0.306256
-1.25684 0.307617

-1.25685 0.307617
-1.25391 0.309695

-1.25391 0.309694
-1.24993 0.3125

-1.24995 0.3125
-1.24902 0.31314

-1.24902 0.313144
-1.24414 0.3166

-1.24414 0.316609
-1.24302 0.317383

-1.24304 0.317383
-1.23926 0.320063

-1.23926 0.320061
-1.23615 0.322266

-1.23617 0.322266
-1.23438 0.323521

-1.23438 0.323527
-1.22949 0.326996

-1.22949 0.326998
-1.22928 0.327148

-1.22928 0.327148
-1.22461 0.33047

-1.22461 0.330473
-1.22241 0.332031

-1.22242 0.332031
-1.21973 0.333944

-1.21973 0.333944
-1.21555 0.336914

-1.21556 0.336914
-1.21484 0.337417

-1.21484 0.33742
-1.20996 0.340897

-1.20996 0.340906
-1.20868 0.341797

-1.2087 0.341797
-1.20508 0.344375

-1.20508 0.344373
-1.20184 0.34668

-1.20186 0.34668
-1.2002 0.347842

-1.2002 0.347849
-1.19531 0.351325

-1.19531 0.351327
-1.19498 0.351562

-1.19498 0.351562
-1.19043 0.354801

-1.19043 0.354803
-1.18811 0.356445

-1.18812 0.356445
-1.18555 0.358272

-1.18555 0.358273
-1.18125 0.361328

-1.18125 0.361328
-1.18066 0.36174

-1.18066 0.361743
-1.17578 0.365211

-1.17578 0.365221
-1.17435 0.366211

-1.17437 0.366211
-1.1709 0.368676

-1.1709 0.368675
-1.16749 0.371094

-1.1675 0.371094
-1.16602 0.372126

-1.16602 0.372136
-1.16113 0.375593

-1.16113 0.375596
-1.16059 0.375977

-1.16059 0.375977
-1.15625 0.379048

-1.15625 0.379047
-1.15368 0.380859

-1.15369 0.380859
-1.15137 0.382494

-1.15137 0.382496
-1.14677 0.385742

-1.14677 0.385742
-1.14648 0.385938

-1.14648 0.385941
-1.1416 0.389382

-1.1416 0.389388
-1.13982 0.390625

-1.13984 0.390625
-1.13672 0.392818

-1.13672 0.392818
-1.13289 0.395508

-1.1329 0.395508
-1.13184 0.396242

-1.13184 0.396249
-1.12695 0.399677

-1.12695 0.399685
-1.12592 0.400391

-1.12594 0.400391
-1.12207 0.403102

-1.12207 0.4031
-1.11897 0.405273

-1.11898 0.405273
-1.11719 0.406514

-1.11719 0.406519
-1.1123 0.409935

-1.1123 0.409937
-1.11199 0.410156

-1.11199 0.410156
-1.10742 0.413347

-1.10742 0.413347
-1.10499 0.415039

-1.105 0.415039
-1.10254 0.416753

-1.10254 0.416753
-1.09799 0.419922

-1.09799 0.419922
-1.09766 0.420154

-1.09766 0.420157
-1.09277 0.423557

-1.09277 0.423562
-1.09097 0.424805

-1.09098 0.424805
-1.08789 0.426954

-1.08789 0.426953
-1.08396 0.429688

-1.08397 0.429688
-1.08301 0.43034

-1.08301 0.430347
-1.07812 0.433737

-1.07812 0.433747
-1.07691 0.43457

-1.07692 0.43457
-1.07324 0.437125

-1.07324 0.437124
-1.06988 0.439453

-1.0699 0.439453
-1.06836 0.440502

-1.06836 0.440509
-1.06348 0.443892

-1.06348 0.443896
-1.06283 0.444336

-1.06284 0.444336
-1.05859 0.447272

-1.05859 0.447271
-1.05578 0.449219

-1.05578 0.449219
-1.05371 0.450647

-1.05371 0.450649
-1.04883 0.454025

-1.04883 0.454025
-1.04872 0.454102

-1.04872 0.454102
-1.04395 0.457399

-1.04395 0.4574
-1.04165 0.458984

-1.04165 0.458984
-1.03906 0.46077

-1.03906 0.46077
-1.03458 0.463867

-1.03458 0.463867
-1.03418 0.464136

-1.03418 0.464141
-1.0293 0.467509

-1.0293 0.467513
-1.02749 0.46875

-1.0275 0.46875
-1.02441 0.470876

-1.02441 0.470875
-1.02041 0.473633

-1.02042 0.473633
-1.01953 0.474233

-1.01953 0.474241
-1.01465 0.477604

-1.01465 0.477612
-1.01331 0.478516

-1.01333 0.478516
-1.00977 0.480967

-1.00977 0.480966
-1.00623 0.483398

-1.00625 0.483398
-1.00488 0.484319

-1.00488 0.484327
-1.0 0.487687

-1.0 0.487693
-0.999124 0.488281

-0.999136 0.488281
-0.995117 0.491045

-0.995117 0.491044
-0.992033 0.493164

-0.992041 0.493164
-0.990234 0.494396

-0.990234 0.4944
-0.985352 0.497755

-0.985352 0.497758
-0.984923 0.498047

-0.984928 0.498047
-0.980469 0.501109

-0.980469 0.501109
-0.977815 0.50293

-0.977819 0.50293
-0.975586 0.504459

-0.975586 0.50446
-0.970703 0.50781

-0.9707 0.507812
-0.96582 0.511159

-0.96582 0.51116
-0.963576 0.512695

-0.963579 0.512695
-0.960938 0.514506

-0.960938 0.514505
-0.956452 0.517578

-0.956453 0.517578
-0.956055 0.517846

-0.956055 0.517851
-0.951172 0.521194

-0.951172 0.521198
-0.949314 0.522461

-0.949321 0.522461
-0.946289 0.524536

-0.946289 0.524536
-0.942184 0.527344

-0.942192 0.527344
-0.941406 0.527869

-0.941406 0.527876
-0.936523 0.531214

-0.936523 0.53122
-0.93503 0.532227

-0.935042 0.532227
-0.931641 0.53455

-0.931641 0.53455
-0.927894 0.537109

-0.927907 0.537109
-0.926758 0.537876

-0.926758 0.537885
-0.921875 0.541218

-0.921875 0.541227
-0.920727 0.541992

-0.920741 0.541992
-0.916992 0.54455

-0.916992 0.54455
-0.913583 0.546875

-0.913593 0.546875
-0.912109 0.547873

-0.912109 0.54788
-0.907227 0.551209

-0.907227 0.551214
-0.90641 0.551758

-0.906421 0.551758
-0.902344 0.554536

-0.902344 0.554536
-0.899253 0.556641

-0.89926 0.556641
-0.897461 0.557858

-0.897461 0.557862
-0.892578 0.561186

-0.892578 0.561189
-0.892077 0.561523

-0.892083 0.561523
-0.887695 0.56451

-0.887695 0.56451
-0.884908 0.566406

-0.884912 0.566406
-0.882812 0.567831

-0.882812 0.567832
-0.87793 0.571154

-0.87793 0.571155
-0.87773 0.571289

-0.877732 0.571289
-0.873047 0.574476

-0.873047 0.574475
-0.870552 0.576172

-0.870553 0.576172
-0.868164 0.577796

-0.868164 0.577796
-0.863371 0.581055

-0.863369 0.581055
-0.863281 0.581113

-0.863281 0.581116
-0.858398 0.584436

-0.858398 0.584437
-0.856188 0.585938

-0.85619 0.585938
-0.853516 0.587755

-0.853516 0.587755
-0.849008 0.59082

-0.849008 0.59082
-0.848633 0.591071

-0.848633 0.591075
-0.84375 0.594395

-0.84375 0.594398
-0.841822 0.595703

-0.841826 0.595703
-0.838867 0.597715

