-1.68146 0.0
-1.68144 0.00488281

-1.68144 0.00488281
-1.68138 0.00976562

-1.68138 0.00976562
-1.68129 0.0146484

-1.68129 0.0146484
-1.68117 0.0195312

-1.68117 0.0195312
-1.68101 0.0244141

-1.68101 0.0244141
-1.68081 0.0292969

-1.68081 0.0292969
-1.68059 0.0341797

-1.68059 0.0341797
-1.68033 0.0390625

-1.68033 0.0390625
-1.68005 0.0439453

-1.68005 0.0439453
-1.67974 0.0488281

-1.67974 0.0488281
-1.67941 0.0537109

-1.67941 0.0537109
-1.67906 0.0585938

-1.67906 0.0585938
-1.67871 0.063181

-1.67871 0.0631407
-1.67869 0.0634766

-1.67869 0.0634766
-1.6783 0.0683594

-1.6783 0.0683594
-1.67791 0.0732422

-1.67791 0.0732422
-1.6775 0.078125

-1.6775 0.078125
-1.67709 0.0830078

-1.67709 0.0830078
-1.67667 0.0878906

-1.67667 0.0878906
-1.67625 0.0927734

-1.67625 0.0927734
-1.67583 0.0976562

-1.67583 0.0976562
-1.67541 0.102539

-1.67541 0.102539
-1.67499 0.107422

-1.67499 0.107422
-1.67458 0.112305

-1.67458 0.112305
-1.67418 0.117188

-1.67418 0.117188
-1.67383 0.121416

-1.67383 0.121379
-1.67377 0.12207

-1.67377 0.12207
-1.67337 0.126953

-1.67337 0.126953
-1.67297 0.131836

-1.67297 0.131836
-1.67257 0.136719

-1.67257 0.136719
-1.67215 0.141602

-1.67216 0.141602
-1.67173 0.146484

-1.67173 0.146484
-1.67127 0.151367

-1.67128 0.151367
-1.67078 0.15625

-1.67078 0.15625
-1.67022 0.161133

-1.67023 0.161133
-1.66958 0.166016

-1.6696 0.166016
-1.66895 0.170108

-1.66895 0.170148
-1.66883 0.170898

-1.66883 0.170898
-1.66788 0.175781

-1.6679 0.175781
-1.66672 0.180664

-1.66675 0.180664
-1.66526 0.185547

-1.66531 0.185547
-1.66406 0.188675

-1.66406 0.188704
-1.66338 0.19043

-1.6634 0.19043
-1.66085 0.195312

-1.66093 0.195312
-1.65918 0.19788

-1.65918 0.197846
-1.65752 0.200195

-1.65751 0.200195
-1.6543 0.203711

-1.6543 0.203647
-1.65271 0.205078

-1.65276 0.205078
-1.64941 0.207778

-1.64941 0.207713
-1.64579 0.209961

-1.64589 0.209961
-1.64453 0.210772

-1.64453 0.21068
-1.63965 0.212961

-1.63965 0.212917
-1.63477 0.214686

-1.63477 0.214657
-1.63411 0.214844

-1.63413 0.214844
-1.62988 0.216059

-1.62988 0.216032
-1.625 0.217159

-1.625 0.217146
-1.62012 0.218079

-1.62012 0.218069
-1.61523 0.218854

-1.61523 0.218843
-1.61035 0.219523

-1.61055 0.219727
-1.61035 0.219754

-1.61035 0.219511
-1.6086 0.219727

-1.60872 0.219727
-1.60547 0.220127

-1.60547 0.220114
-1.60059 0.220662

-1.60059 0.220657
-1.5957 0.221176

-1.5957 0.221172
-1.59082 0.221678

-1.59082 0.221677
-1.58594 0.222183

-1.58594 0.22218
-1.58105 0.222692

-1.58105 0.222689
-1.57617 0.223218

-1.57617 0.223219
-1.57129 0.223772

-1.57129 0.223769
-1.56641 0.224348

-1.56669 0.224609
-1.56641 0.224643

-1.56641 0.224344
-1.56426 0.224609

-1.56436 0.224609
-1.56152 0.224961

-1.56152 0.224953
-1.55664 0.225585

-1.55664 0.225584
-1.55176 0.226251

-1.55176 0.226251
-1.54688 0.226957

-1.54688 0.226957
-1.54199 0.227705

-1.54199 0.227705
-1.53711 0.228496

-1.53711 0.228495
-1.53223 0.22933

-1.53245 0.229492
-1.53223 0.22953

-1.53223 0.229327
-1.5313 0.229492

-1.53135 0.229492
-1.52734 0.230208

-1.52734 0.230203
-1.52246 0.231116

-1.52246 0.231116
-1.51758 0.232079

-1.51758 0.232078
-1.5127 0.233093

-1.5127 0.233094
-1.50781 0.234162

-1.50781 0.234159
-1.50686 0.234375

-1.50794 0.234375
-1.50781 0.234403

-1.5069 0.234375
-1.50293 0.235278

-1.50293 0.235272
-1.49805 0.23643

-1.49805 0.23643
-1.49316 0.237644

-1.49316 0.237645
-1.48828 0.238915

-1.48832 0.239258
-1.48828 0.239269

-1.48828 0.238913
-1.487 0.239258

-1.48703 0.239258
-1.4834 0.240237

-1.4834 0.240231
-1.47852 0.241594

-1.47852 0.241593
-1.47363 0.243016

-1.47363 0.243017
-1.46991 0.244141

-1.46996 0.244141
-1.46875 0.244506

-1.46875 0.244492
-1.46387 0.246008

-1.46387 0.246004
-1.45898 0.247573

-1.45898 0.247575
-1.45462 0.249023

-1.45469 0.249023
-1.4541 0.24922

-1.4541 0.2492
-1.44922 0.250863

-1.44922 0.250857
-1.44434 0.252571

-1.44434 0.252573
-1.44064 0.253906

-1.44069 0.253906
-1.43945 0.254352

-1.43945 0.254338
-1.43457 0.256139

-1.43457 0.256135
-1.42969 0.257985

-1.42969 0.257987
-1.42762 0.258789

-1.42765 0.258789
-1.4248 0.259891

-1.4248 0.25988
-1.41992 0.261813

-1.41992 0.261814
-1.41534 0.263672

-1.41541 0.263672
-1.41504 0.26382

-1.41504 0.263798
-1.41016 0.265815

-1.41016 0.265809
-1.40527 0.267869

-1.40527 0.267871
-1.40368 0.268555

-1.40371 0.268555
-1.40039 0.26998

-1.40039 0.269969
-1.39551 0.272106

-1.39551 0.272107
-1.39252 0.273438

-1.39256 0.273438
-1.39062 0.274299

-1.39062 0.274285
-1.38574 0.276497

-1.38574 0.276496
-1.38178 0.27832

-1.38183 0.27832
-1.38086 0.278766

-1.38086 0.278749
-1.37598 0.281032

-1.37598 0.281029
-1.3714 0.283203

-1.37145 0.283203
-1.37109 0.283374

-1.37109 0.283353
-1.36621 0.285703

-1.36621 0.285699
-1.36133 0.288083

-1.36141 0.288086
-1.36133 0.288124

-1.36133 0.28808
-1.36132 0.288086

-1.36133 0.288088
-1.35645 0.290503

-1.35645 0.290497
-1.35156 0.292942

-1.35161 0.292969
-1.35156 0.292993

-1.35156 0.292939
-1.3515 0.292969

-1.35152 0.292969
-1.34668 0.295421

-1.34668 0.295416
-1.34192 0.297852

-1.34198 0.297852
-1.3418 0.297947

-1.3418 0.297922
-1.33691 0.300451

-1.33691 0.300446
-1.33254 0.302734

-1.33259 0.302734
-1.33203 0.303024

-1.33203 0.303005
-1.32715 0.305586

-1.32715 0.305582
-1.32333 0.307617

-1.32337 0.307617
-1.32227 0.308205

-1.32227 0.308188
-1.31738 0.310816

-1.31738 0.310814
-1.31428 0.3125

-1.3143 0.3125
-1.3125 0.313479

-1.3125 0.313465
-1.30762 0.316136

-1.30762 0.316136
-1.30535 0.317383

-1.30538 0.317383
-1.30273 0.318838

-1.30273 0.318826
-1.29785 0.321538

-1.29785 0.32154
-1.29655 0.322266

-1.29657 0.322266
-1.29297 0.324277

-1.29297 0.324269
-1.28809 0.327015

-1.28811 0.327148
-1.28809 0.327163

-1.28809 0.327016
-1.28785 0.327148

-1.28786 0.327148
-1.2832 0.329786

-1.2832 0.32978
-1.27925 0.332031

-1.27928 0.332031
-1.27832 0.332578

-1.27832 0.332561
-1.27344 0.335358

-1.27344 0.335356
-1.27073 0.336914

-1.27075 0.336914
-1.26855 0.338177

-1.26855 0.338164
-1.26367 0.340987

-1.26367 0.34099
-1.26228 0.341797

-1.26229 0.341797
-1.25879 0.343832

-1.25879 0.343824
-1.25391 0.346671

-1.25396 0.34668
-1.25391 0.34671

-1.25391 0.346669
-1.25389 0.34668

-1.2539 0.34668
-1.24902 0.349535

-1.24902 0.34953
-1.24556 0.351562

-1.24559 0.351562
-1.24414 0.352413

-1.24414 0.352399
-1.23926 0.355278

-1.23926 0.355278
-1.23728 0.356445

-1.2373 0.356445
-1.23438 0.358174

-1.23438 0.358164
-1.22949 0.361059

-1.22949 0.361063
-1.22904 0.361328

-1.22951 0.361328
-1.22949 0.361336

-1.22905 0.361328
-1.22461 0.36397

-1.22461 0.363963
-1.22084 0.366211

-1.22087 0.366211
-1.21973 0.366888

-1.21973 0.366874
-1.21484 0.369793

-1.21484 0.369792
-1.21267 0.371094

-1.21268 0.371094
-1.20996 0.372723

-1.20996 0.372713
-1.20508 0.375641

-1.20508 0.375646
-1.20452 0.375977

-1.20453 0.375977
-1.2002 0.378582

-1.2002 0.378575
-1.1964 0.380859

-1.19643 0.380859
-1.19531 0.381527

-1.19531 0.381514
-1.19043 0.384458

-1.19043 0.384457
-1.1883 0.385742

-1.18831 0.385742
-1.18555 0.387411

-1.18555 0.387402
-1.18066 0.390351

-1.18066 0.390356
-1.18021 0.390625

-1.18022 0.390625
-1.17578 0.393311

-1.17578 0.393305
-1.17214 0.395508

-1.17217 0.395508
-1.1709 0.396273

-1.1709 0.396261
-1.16602 0.399222

-1.16602 0.399221
-1.16409 0.400391

-1.1641 0.400391
-1.16113 0.40219

-1.16113 0.402182
-1.15625 0.405146

-1.15627 0.405273
-1.15625 0.405285

-1.15625 0.40515
-1.15604 0.405273

-1.15605 0.405273
-1.15137 0.408119

-1.15137 0.408113
-1.14801 0.410156

-1.14803 0.410156
-1.14648 0.411093

-1.14648 0.411083
-1.1416 0.414056

-1.1416 0.414057
-1.13999 0.415039

-1.14 0.415039
-1.13672 0.417036

-1.13672 0.417029
-1.13197 0.419922

-1.132 0.419922
-1.13184 0.420017

-1.13184 0.420009
-1.12695 0.42299

-1.12695 0.422985
-1.12397 0.424805

-1.12399 0.424805
-1.12207 0.425975

-1.12207 0.425966
-1.11719 0.428951

-1.11719 0.428953
-1.11598 0.429688

-1.11599 0.429688
-1.1123 0.431943

-1.1123 0.431937
-1.108 0.43457

-1.10803 0.43457
-1.10742 0.434934

-1.10742 0.434928
-1.10254 0.437921

-1.10254 0.437918
-1.10003 0.439453

-1.10005 0.439453
-1.09766 0.440919

-1.09766 0.440911
-1.09277 0.443909

-1.09277 0.443915
-1.09208 0.444336

-1.09209 0.444336
-1.08789 0.446915

-1.08789 0.446909
-1.08413 0.449219

-1.08415 0.449219
-1.08301 0.44992

-1.08301 0.449913
-1.07812 0.45292

-1.07812 0.452919
-1.0762 0.454102

-1.07621 0.454102
-1.07324 0.455932

-1.07324 0.455926
-1.06836 0.458938

-1.06838 0.458984
-1.06836 0.458996

-1.06836 0.458941
-1.06829 0.458984

-1.06829 0.458984
-1.06348 0.461957

-1.06348 0.461952
-1.06038 0.463867

-1.06039 0.463867
-1.05859 0.464978

-1.05859 0.464971
-1.05371 0.467993

-1.05371 0.467995
-1.05249 0.46875

-1.05249 0.46875
-1.04883 0.47102

-1.04883 0.471015
-1.0446 0.473633

-1.04462 0.473633
-1.04395 0.474047

-1.04395 0.474044
-1.03906 0.477074

-1.03906 0.477071
-1.03674 0.478516

-1.03675 0.478516
-1.03418 0.480109

-1.03418 0.480103
-1.0293 0.483138

-1.0293 0.483143
-1.02888 0.483398

-1.02888 0.483398
-1.02441 0.48618

-1.02441 0.486175
-1.02103 0.488281

-1.02105 0.488281
-1.01953 0.489222

-1.01953 0.489216
-1.01465 0.492259

-1.01465 0.492259
-1.01319 0.493164

-1.0132 0.493164
-1.00977 0.495306

-1.00977 0.495302
-1.00537 0.498047

-1.00538 0.498047
-1.00488 0.498352

-1.00488 0.49835
-1.0 0.5014

-1.0 0.501396
-0.997544 0.50293

-0.997555 0.50293
-0.995117 0.504452

-0.995117 0.504447
-0.990234 0.507499

-0.990234 0.507505
-0.989731 0.507812

-0.989739 0.507812
-0.985352 0.510557

-0.985352 0.510552
-0.981925 0.512695

-0.981941 0.512695
-0.980469 0.513614

-0.980469 0.513609
-0.975586 0.516667

-0.975586 0.516667
-0.974126 0.517578

-0.974135 0.517578
-0.970703 0.519727

-0.970703 0.519723
-0.966333 0.522461

-0.966348 0.522461
-0.96582 0.522784

-0.96582 0.522785
-0.960938 0.525846

-0.960938 0.525843
-0.958543 0.527344

-0.958552 0.527344
-0.956055 0.528909

-0.956055 0.528905
-0.951172 0.531968

-0.951172 0.531973
-0.950757 0.532227

-0.950765 0.532227
-0.946289 0.535036

-0.946289 0.535031
-0.942978 0.537109

-0.942991 0.537109
-0.941406 0.538102

-0.941406 0.538098
-0.936523 0.541165

-0.936523 0.541166
-0.935202 0.541992

-0.93521 0.541992
-0.931641 0.544234

-0.931641 0.544231
-0.927433 0.546875

-0.927447 0.546875
-0.926758 0.5473

-0.926758 0.547301
-0.921875 0.550371

-0.921875 0.550369
-0.919665 0.551758

-0.919673 0.551758
-0.916992 0.553443

-0.916992 0.55344
-0.912109 0.556512

-0.912109 0.556515
-0.911904 0.556641

-0.911908 0.556641
-0.907227 0.559588

-0.907227 0.559584
-0.904146 0.561523

-0.904156 0.561523
-0.902344 0.562664

-0.902344 0.56266
-0.897461 0.565737

-0.897461 0.565739
-0.896392 0.566406

-0.896401 0.566406
-0.892578 0.568816

-0.892578 0.568813
-0.888652 0.571289

-0.888664 0.571289
-0.887695 0.571893

-0.887695 0.571894
-0.882812 0.574975

-0.882812 0.574973
-0.880913 0.576172

-0.88092 0.576172
-0.87793 0.578059

-0.87793 0.578056
-0.873184 0.581055

-0.873187 0.581055
-0.873047 0.581141

-0.873047 0.581143
-0.868164 0.58423

-0.868164 0.584227
-0.86546 0.585938

-0.865468 0.585938
-0.863281 0.58732

-0.863281 0.587317
-0.858398 0.590409

-0.858398 0.590413
-0.857742 0.59082

-0.857752 0.59082
-0.853516 0.593505

-0.853516 0.593502
-0.850044 0.595703

-0.850054 0.595703
-0.848633 0.5966

-0.848633 0.5966
-0.84375 0.599699

