-1.66536 0.0
-1.66535 0.00488281

-1.66535 0.00488281
-1.66534 0.00976562

-1.66534 0.00976562
-1.66533 0.0146484

-1.66533 0.0146484
-1.66531 0.0195312

-1.66531 0.0195312
-1.66528 0.0244141

-1.66528 0.0244141
-1.66525 0.0292969

-1.66525 0.0292969
-1.66522 0.0341797

-1.66522 0.0341797
-1.66518 0.0390625

-1.66518 0.0390625
-1.66515 0.0439453

-1.66515 0.0439453
-1.66511 0.0488281

-1.66511 0.0488281
-1.66507 0.0537109

-1.66507 0.0537109
-1.66503 0.0585938

-1.66503 0.0585938
-1.665 0.0634766

-1.665 0.0634766
-1.66496 0.0683594

-1.66496 0.0683594
-1.66494 0.0732422

-1.66494 0.0732422
-1.66491 0.078125

-1.66491 0.078125
-1.66489 0.0830078

-1.66489 0.0830078
-1.66488 0.0878906

-1.66488 0.0878906
-1.66487 0.0927734

-1.66487 0.0927734
-1.66486 0.0976562

-1.66486 0.0976562
-1.66485 0.102539

-1.66485 0.102539
-1.66483 0.107422

-1.66484 0.107422
-1.6648 0.112305

-1.6648 0.112305
-1.66474 0.117188

-1.66475 0.117188
-1.66465 0.12207

-1.66465 0.12207
-1.66449 0.126953

-1.6645 0.126953
-1.66424 0.131836

-1.66425 0.131836
-1.66406 0.13413

-1.66406 0.134219
-1.66386 0.136719

-1.66387 0.136719
-1.66327 0.141602

-1.66329 0.141602
-1.6624 0.146484

-1.66243 0.146484
-1.66114 0.151367

-1.66121 0.151367
-1.65934 0.15625

-1.65938 0.15625
-1.65918 0.156635

-1.65918 0.156669
-1.65666 0.161133

-1.65674 0.161133
-1.6543 0.164238

-1.6543 0.164179
-1.65263 0.166016

-1.65267 0.166016
-1.64941 0.168849

-1.64941 0.1688
-1.64619 0.170898

-1.6463 0.170898
-1.64453 0.17199

-1.64453 0.171881
-1.63965 0.174125

-1.63965 0.174064
-1.63477 0.175718

-1.63477 0.175695
-1.63443 0.175781

-1.6348 0.175781
-1.63477 0.175792

-1.63438 0.175781
-1.62988 0.176939

-1.62988 0.17691
-1.625 0.177894

-1.625 0.177882
-1.62012 0.178681

-1.62012 0.178664
-1.61523 0.179335

-1.61523 0.179329
-1.61035 0.179914

-1.61035 0.179904
-1.60547 0.180435

-1.60578 0.180664
-1.60547 0.180698

-1.60547 0.180424
-1.60311 0.180664

-1.60328 0.180664
-1.60059 0.180939

-1.60059 0.180924
-1.5957 0.181411

-1.5957 0.181409
-1.59082 0.181903

-1.59082 0.181901
-1.58594 0.182414

-1.58594 0.182411
-1.58105 0.182954

-1.58105 0.182954
-1.57617 0.183534

-1.57617 0.18353
-1.57129 0.184156

-1.57129 0.184159
-1.56641 0.184833

-1.56641 0.184829
-1.56155 0.185547

-1.56195 0.185547
-1.56152 0.18561

-1.56152 0.185556
-1.55664 0.186324

-1.55664 0.18632
-1.55176 0.187137

-1.55176 0.187137
-1.54688 0.188012

-1.54688 0.188011
-1.54199 0.188949

-1.54199 0.18895
-1.53711 0.189947

-1.53711 0.189943
-1.53484 0.19043

-1.5349 0.19043
-1.53223 0.191003

-1.53223 0.190994
-1.52734 0.192089

-1.52734 0.192088
-1.52246 0.193241

-1.52246 0.193241
-1.51758 0.194456

-1.51758 0.194456
-1.51427 0.195312

-1.51434 0.195312
-1.5127 0.195738

-1.5127 0.195724
-1.50781 0.197035

-1.50781 0.197032
-1.50293 0.1984

-1.50293 0.198401
-1.49805 0.199829

-1.49805 0.199827
-1.49683 0.200195

-1.49686 0.200195
-1.49316 0.201312

-1.49316 0.201303
-1.48828 0.202826

-1.48828 0.202826
-1.4834 0.20441

-1.4834 0.204409
-1.4814 0.205078

-1.48143 0.205078
-1.47852 0.206054

-1.47852 0.206042
-1.47363 0.207722

-1.47363 0.207722
-1.46875 0.209463

-1.46875 0.209462
-1.46739 0.209961

-1.46742 0.209961
-1.46387 0.211262

-1.46387 0.211251
-1.45898 0.213091

-1.45898 0.213092
-1.45448 0.214844

-1.45455 0.214844
-1.4541 0.21502

-1.4541 0.214995
-1.44922 0.216939

-1.44922 0.216932
-1.44434 0.218931

-1.44434 0.218933
-1.44245 0.219727

-1.44248 0.219727
-1.43945 0.220995

-1.43945 0.220982
-1.43457 0.223079

-1.43457 0.22308
-1.4311 0.224609

-1.43114 0.224609
-1.42969 0.22525

-1.42969 0.225232
-1.4248 0.227426

-1.4248 0.227426
-1.42031 0.229492

-1.42037 0.229492
-1.41992 0.2297

-1.41992 0.229675
-1.41504 0.231962

-1.41504 0.231958
-1.41016 0.234293

-1.41016 0.234291
-1.40998 0.234375

-1.41017 0.234375
-1.41016 0.234383

-1.41 0.234375
-1.40527 0.236676

-1.40527 0.23667
-1.40039 0.23909

-1.40039 0.239089
-1.40006 0.239258

-1.40007 0.239258
-1.39551 0.241558

-1.39551 0.241552
-1.39062 0.244053

-1.39062 0.244052
-1.39045 0.244141

-1.39047 0.244141
-1.38574 0.246601

-1.38574 0.246594
-1.38114 0.249023

-1.3812 0.249023
-1.38086 0.249204

-1.38086 0.249177
-1.37598 0.251793

-1.37598 0.251788
-1.37207 0.253906

-1.37212 0.253906
-1.37109 0.254463

-1.37109 0.254441
-1.36621 0.257128

-1.36621 0.257125
-1.36322 0.258789

-1.36326 0.258789
-1.36133 0.259862

-1.36133 0.259844
-1.35645 0.262596

-1.35645 0.262596
-1.35456 0.263672

-1.35458 0.263672
-1.35156 0.265392

-1.35156 0.26538
-1.34668 0.268192

-1.34668 0.268194
-1.34606 0.268555

-1.34607 0.268555
-1.3418 0.271043

-1.3418 0.271036
-1.33771 0.273438

-1.33775 0.273438
-1.33691 0.273928

-1.33691 0.273906
-1.33203 0.276804

-1.33203 0.276802
-1.32949 0.27832

-1.32952 0.27832
-1.32715 0.279738

-1.32715 0.279723
-1.32227 0.282669

-1.32227 0.282672
-1.32138 0.283203

-1.3214 0.283203
-1.31738 0.285648

-1.31738 0.28564
-1.31339 0.288086

-1.31343 0.288086
-1.3125 0.288651

-1.3125 0.288631
-1.30762 0.291645

-1.30762 0.291642
-1.30548 0.292969

-1.3055 0.292969
-1.30273 0.294687

-1.30273 0.294676
-1.29785 0.297725

-1.29785 0.297726
-1.29765 0.297852

-1.29766 0.297852
-1.29297 0.3008

-1.29297 0.300794
-1.28989 0.302734

-1.28992 0.302734
-1.28809 0.303894

-1.28809 0.303878
-1.2832 0.306979

-1.2832 0.306984
-1.2822 0.307617

-1.28221 0.307617
-1.27832 0.310103

-1.27832 0.310095
-1.27456 0.3125

-1.2746 0.3125
-1.27344 0.313238

-1.27344 0.313223
-1.26855 0.316365

-1.26855 0.316367
-1.26697 0.317383

-1.26699 0.317383
-1.26367 0.319527

-1.26367 0.319519
-1.25943 0.322266

-1.25947 0.322266
-1.25879 0.322696

-1.25879 0.322682
-1.25391 0.325858

-1.25391 0.325857
-1.25192 0.327148

-1.25194 0.327148
-1.24902 0.32905

-1.24902 0.32904
-1.24444 0.332031

-1.24448 0.332031
-1.24414 0.332247

-1.24414 0.332232
-1.23926 0.335433

-1.23926 0.33543
-1.237 0.336914

-1.23701 0.336914
-1.23438 0.338646

-1.23438 0.338636
-1.22957 0.341797

-1.2296 0.341797
-1.22949 0.341867

-1.22949 0.341849
-1.22461 0.345069

-1.22461 0.345065
-1.22216 0.34668

-1.22218 0.34668
-1.21973 0.348297

-1.21973 0.348287
-1.21484 0.351511

-1.21484 0.351512
-1.21477 0.351562

-1.21487 0.351562
-1.21484 0.351579

-1.21477 0.351562
-1.20996 0.354746

-1.20996 0.354741
-1.20739 0.356445

-1.2074 0.356445
-1.20508 0.357984

-1.20508 0.357973
-1.2002 0.361206

-1.2002 0.361208
-1.20001 0.361328

-1.20021 0.361328
-1.2002 0.36134

-1.20002 0.361328
-1.19531 0.364448

-1.19531 0.364443
-1.19264 0.366211

-1.19266 0.366211
-1.19043 0.367691

-1.19043 0.36768
-1.18555 0.370917

-1.18555 0.37092
-1.18528 0.371094

-1.18556 0.371094
-1.18555 0.371103

-1.18529 0.371094
-1.18066 0.374162

-1.18066 0.374157
-1.17792 0.375977

-1.17794 0.375977
-1.17578 0.377406

-1.17578 0.377395
-1.1709 0.380633

-1.1709 0.380637
-1.17056 0.380859

-1.17056 0.380859
-1.16602 0.383877

-1.16602 0.383872
-1.16319 0.385742

-1.16321 0.385742
-1.16113 0.387119

-1.16113 0.387108
-1.15625 0.390345

-1.15625 0.39035
-1.15582 0.390625

-1.15583 0.390625
-1.15137 0.393587

-1.15137 0.393581
-1.14846 0.395508

-1.14848 0.395508
-1.14648 0.396824

-1.14648 0.396814
-1.1416 0.400048

-1.1416 0.400054
-1.14108 0.400391

-1.14109 0.400391
-1.13672 0.403287

-1.13672 0.403281
-1.1337 0.405273

-1.13373 0.405273
-1.13184 0.40652

-1.13184 0.40651
-1.12695 0.409741

-1.12695 0.409748
-1.12632 0.410156

-1.12633 0.410156
-1.12207 0.412975

-1.12207 0.412969
-1.11894 0.415039

-1.11896 0.415039
-1.11719 0.416204

-1.11719 0.416195
-1.1123 0.419422

-1.1123 0.419431
-1.11154 0.419922

-1.11156 0.419922
-1.10742 0.422654

-1.10742 0.422647
-1.10415 0.424805

-1.10418 0.424805
-1.10254 0.425878

-1.10254 0.425871
-1.09766 0.429096

-1.09766 0.429104
-1.09675 0.429688

-1.09677 0.429688
-1.09277 0.432324

-1.09277 0.432317
-1.08936 0.43457

-1.08938 0.43457
-1.08789 0.435545

-1.08789 0.43554
-1.08301 0.438763

-1.08301 0.43877
-1.08195 0.439453

-1.08197 0.439453
-1.07812 0.44199

-1.07812 0.441983
-1.07456 0.444336

-1.07458 0.444336
-1.07324 0.445209

-1.07324 0.445205
-1.06836 0.448428

-1.06836 0.448434
-1.06715 0.449219

-1.06717 0.449219
-1.06348 0.451654

-1.06348 0.451648
-1.05976 0.454102

-1.05978 0.454102
-1.05859 0.454872

-1.05859 0.45487
-1.05371 0.458094

-1.05371 0.458098
-1.05235 0.458984

-1.05237 0.458984
-1.04883 0.461319

-1.04883 0.461314
-1.04496 0.463867

-1.04498 0.463867
-1.04395 0.464537

-1.04395 0.464537
-1.03906 0.467762

-1.03906 0.467764
-1.03756 0.46875

-1.03757 0.46875
-1.03418 0.470988

-1.03418 0.470982
-1.03016 0.473633

-1.03019 0.473633
-1.0293 0.474206

-1.0293 0.474207
-1.02441 0.477433

-1.02441 0.477434
-1.02277 0.478516

-1.02278 0.478516
-1.01953 0.48066

-1.01953 0.480654
-1.01538 0.483398

-1.0154 0.483398
-1.01465 0.483878

-1.01465 0.483881
-1.00977 0.487107

-1.00977 0.487106
-1.00798 0.488281

-1.00799 0.488281
-1.00488 0.490334

-1.00488 0.49033
-1.00059 0.493164

-1.00061 0.493164
-1.0 0.493554

-1.0 0.493557
-0.995117 0.496783

-0.995117 0.496781
-0.993197 0.498047

-0.993208 0.498047
-0.990234 0.50001

-0.990234 0.500006
-0.985808 0.50293

-0.985818 0.50293
-0.985352 0.50323

-0.985352 0.503233
-0.980469 0.50646

-0.980469 0.506457
-0.978413 0.507812

-0.978424 0.507812
-0.975586 0.509686

-0.975586 0.509682
-0.971023 0.512695

-0.971029 0.512695
-0.970703 0.512906

-0.970703 0.512909
-0.96582 0.516134

-0.96582 0.516131
-0.963627 0.517578

-0.963637 0.517578
-0.960938 0.51936

-0.960938 0.519355
-0.956234 0.522461

-0.956238 0.522461
-0.956055 0.522579

-0.956055 0.522582
-0.951172 0.525806

-0.951172 0.525802
-0.948835 0.527344

-0.948845 0.527344
-0.946289 0.52903

-0.946289 0.529025
-0.941439 0.532227

-0.941445 0.532227
-0.941406 0.532252

-0.941406 0.53225
-0.936523 0.535473

-0.936523 0.535469
-0.934036 0.537109

-0.934046 0.537109
-0.931641 0.538696

-0.931641 0.538691
-0.926758 0.541912

-0.926758 0.541915
-0.926638 0.541992

-0.92664 0.541992
-0.921875 0.545136

-0.921875 0.545132
-0.919231 0.546875

-0.919241 0.546875
-0.916992 0.548357

-0.916992 0.548353
-0.912109 0.551573

-0.912109 0.551576
-0.911828 0.551758

-0.911832 0.551758
-0.907227 0.554795

-0.907227 0.554791
-0.904421 0.556641

-0.904432 0.556641
-0.902344 0.558016

-0.902344 0.558012
-0.897461 0.561232

-0.897461 0.561236
-0.897014 0.561523

-0.897021 0.561523
-0.892578 0.564453

-0.892578 0.56445
-0.889609 0.566406

-0.889621 0.566406
-0.887695 0.567673

-0.887695 0.56767
-0.882812 0.57089

-0.882812 0.570895
-0.882199 0.571289

-0.88221 0.571289
-0.87793 0.574112

-0.87793 0.574109
-0.874801 0.576172

-0.874813 0.576172
-0.873047 0.577332

-0.873047 0.57733
-0.868164 0.580552

-0.868164 0.580557
-0.867389 0.581055

-0.867404 0.581055
-0.863281 0.583775

-0.863281 0.583772
-0.859999 0.585938

-0.860012 0.585938
-0.858398 0.586995

-0.858398 0.586996
-0.853516 0.59022

-0.853516 0.590225
-0.852593 0.59082

-0.852608 0.59082
-0.848633 0.593445

-0.848633 0.593443
-0.845212 0.595703

-0.845223 0.595703
-0.84375 0.596668

-0.84375 0.59667
-0.838867 0.599898

