-1.70051 0.0
-1.70049 0.00488281

-1.70049 0.00488281
-1.7004 0.00976562

-1.7004 0.00976562
-1.70027 0.0146484

-1.70027 0.0146484
-1.70007 0.0195312

-1.70007 0.0195312
-1.69983 0.0244141

-1.69983 0.0244141
-1.69953 0.0292969

-1.69953 0.0292969
-1.69918 0.0341797

-1.69918 0.0341797
-1.69878 0.0390625

-1.69878 0.0390625
-1.69833 0.0439453

-1.69833 0.0439453
-1.69824 0.0448647

-1.69824 0.0448402
-1.69784 0.0488281

-1.69784 0.0488281
-1.69731 0.0537109

-1.69731 0.0537109
-1.69674 0.0585938

-1.69674 0.0585938
-1.69614 0.0634766

-1.69614 0.0634766
-1.6955 0.0683594

-1.69549 0.0683594
-1.69482 0.0732422

-1.69482 0.0732422
-1.69412 0.078125

-1.69412 0.078125
-1.69339 0.0830078

-1.6934 0.0830078
-1.69336 0.0832444

-1.69336 0.0832125
-1.69264 0.0878906

-1.69264 0.0878906
-1.69188 0.0927734

-1.69188 0.0927734
-1.6911 0.0976562

-1.6911 0.0976562
-1.6903 0.102539

-1.6903 0.102539
-1.6895 0.107422

-1.6895 0.107422
-1.68869 0.112305

-1.68869 0.112305
-1.68848 0.113605

-1.68848 0.113575
-1.68788 0.117188

-1.68788 0.117188
-1.68707 0.12207

-1.68707 0.12207
-1.68625 0.126953

-1.68625 0.126953
-1.68544 0.131836

-1.68544 0.131836
-1.68463 0.136719

-1.68463 0.136719
-1.68383 0.141602

-1.68383 0.141602
-1.68359 0.143079

-1.68359 0.143048
-1.68303 0.146484

-1.68304 0.146484
-1.68225 0.151367

-1.68225 0.151367
-1.68147 0.15625

-1.68147 0.15625
-1.68069 0.161133

-1.68069 0.161133
-1.67991 0.166016

-1.67991 0.166016
-1.67914 0.170898

-1.67914 0.170898
-1.67871 0.173575

-1.67871 0.173559
-1.67835 0.175781

-1.67836 0.175781
-1.67757 0.180664

-1.67757 0.180664
-1.67676 0.185547

-1.67676 0.185547
-1.67592 0.19043

-1.67592 0.19043
-1.67504 0.195312

-1.67504 0.195312
-1.67409 0.200195

-1.67409 0.200195
-1.67383 0.201461

-1.67383 0.20149
-1.67307 0.205078

-1.67308 0.205078
-1.67194 0.209961

-1.67195 0.209961
-1.67067 0.214844

-1.67069 0.214844
-1.66922 0.219727

-1.66921 0.219727
-1.66895 0.220487

-1.66895 0.220535
-1.66751 0.224609

-1.66753 0.224609
-1.66548 0.229492

-1.66552 0.229492
-1.66406 0.232329

-1.66406 0.232331
-1.66301 0.234375

-1.66305 0.234375
-1.65994 0.239258

-1.65998 0.239258
-1.65918 0.240344

-1.65918 0.24029
-1.65605 0.244141

-1.65606 0.244141
-1.6543 0.24598

-1.6543 0.245972
-1.65083 0.249023

-1.65093 0.249023
-1.64941 0.250228

-1.64941 0.250175
-1.64453 0.253486

-1.64455 0.253906
-1.64453 0.253918

-1.64453 0.253419
-1.64361 0.253906

-1.64369 0.253906
-1.63965 0.256054

-1.63965 0.255989
-1.63477 0.258048

-1.63477 0.258016
-1.6325 0.258789

-1.6326 0.258789
-1.62988 0.259716

-1.62988 0.259674
-1.625 0.261031

-1.625 0.261018
-1.62012 0.262144

-1.62012 0.26213
-1.61523 0.26308

-1.61531 0.263672
-1.61523 0.263686

-1.61523 0.26307
-1.61159 0.263672

-1.61175 0.263672
-1.61035 0.263902

-1.61035 0.263875
-1.60547 0.264564

-1.60547 0.264557
-1.60059 0.265158

-1.60059 0.265153
-1.5957 0.265686

-1.5957 0.265681
-1.59082 0.266166

-1.59082 0.266164
-1.58594 0.266614

-1.58594 0.266611
-1.58105 0.267035

-1.58105 0.267031
-1.57617 0.267445

-1.57617 0.267444
-1.57129 0.267858

-1.57138 0.268555
-1.57129 0.268563

-1.57129 0.267854
-1.56641 0.268275

-1.56692 0.268555
-1.56641 0.268599

-1.56641 0.268271
-1.56321 0.268555

-1.56338 0.268555
-1.56152 0.268719

-1.56152 0.268707
-1.55664 0.269157

-1.55664 0.269156
-1.55176 0.269631

-1.55176 0.26963
-1.54688 0.270136

-1.54688 0.270135
-1.54199 0.270674

-1.54199 0.270673
-1.53711 0.271249

-1.53711 0.271249
-1.53223 0.271864

-1.53223 0.271863
-1.52734 0.272521

-1.52734 0.272521
-1.52246 0.273221

-1.52246 0.273219
-1.52102 0.273438

-1.52737 0.273438
-1.52734 0.273441

-1.52279 0.273438
-1.52246 0.273485

-1.52106 0.273438
-1.51758 0.273964

-1.51758 0.27396
-1.5127 0.274738

-1.5127 0.274738
-1.50781 0.275563

-1.50781 0.275563
-1.50293 0.276433

-1.50293 0.276432
-1.49805 0.27735

-1.49805 0.277351
-1.49316 0.278314

-1.49349 0.27832
-1.49316 0.278385

-1.49316 0.278314
-1.49313 0.27832

-1.49314 0.27832
-1.48828 0.279318

-1.48828 0.279315
-1.4834 0.28036

-1.4834 0.28036
-1.47852 0.281452

-1.47852 0.281451
-1.47363 0.282593

-1.47363 0.282595
-1.47112 0.283203

-1.47367 0.283203
-1.47363 0.283212

-1.47115 0.283203
-1.46875 0.283785

-1.46875 0.283778
-1.46387 0.284999

-1.46387 0.284998
-1.45898 0.286265

-1.45898 0.286265
-1.4541 0.287582

-1.45416 0.288086
-1.4541 0.288101

-1.4541 0.287585
-1.4523 0.288086

-1.45232 0.288086
-1.44922 0.288947

-1.44922 0.288941
-1.44434 0.290335

-1.44434 0.290333
-1.43945 0.291776

-1.43945 0.291777
-1.43554 0.292969

-1.43559 0.292969
-1.43457 0.293278

-1.43457 0.293265
-1.42969 0.294786

-1.42969 0.294782
-1.4248 0.296346

-1.4248 0.296347
-1.42023 0.297852

-1.42031 0.297852
-1.41992 0.297979

-1.41992 0.297958
-1.41504 0.299598

-1.41504 0.299593
-1.41016 0.301274

-1.41016 0.301276
-1.40602 0.302734

-1.40607 0.302734
-1.40527 0.303015

-1.40527 0.303001
-1.40039 0.304755

-1.40039 0.30475
-1.39551 0.306543

-1.39551 0.306545
-1.39265 0.307617

-1.39267 0.307617
-1.39062 0.308385

-1.39062 0.308376
-1.38574 0.310235

-1.38574 0.310232
-1.38086 0.31213

-1.38086 0.312135
-1.37993 0.3125

-1.38091 0.3125
-1.38086 0.312519

-1.37994 0.3125
-1.37598 0.314066

-1.37598 0.314058
-1.37109 0.316017

-1.37109 0.316019
-1.36775 0.317383

-1.36778 0.317383
-1.36621 0.318025

-1.36621 0.318015
-1.36133 0.320035

-1.36133 0.320033
-1.35645 0.322087

-1.35645 0.322092
-1.35604 0.322266

-1.35652 0.322266
-1.35645 0.322298

-1.35604 0.322266
-1.35156 0.324174

-1.35156 0.324167
-1.34668 0.326276

-1.34668 0.326279
-1.34469 0.327148

-1.34471 0.327148
-1.3418 0.328424

-1.3418 0.328415
-1.33691 0.330577

-1.33691 0.330578
-1.33367 0.332031

-1.3337 0.332031
-1.33203 0.33278

-1.33203 0.33277
-1.32715 0.334982

-1.32715 0.33498
-1.32293 0.336914

-1.32297 0.336914
-1.32227 0.337237

-1.32227 0.337223
-1.31738 0.339483

-1.31738 0.33948
-1.3125 0.341764

-1.31258 0.341797
-1.3125 0.341837

-1.3125 0.341769
-1.31244 0.341797

-1.31244 0.341797
-1.30762 0.344074

-1.30762 0.344068
-1.30273 0.346395

-1.30277 0.34668
-1.30273 0.346698

-1.30273 0.3464
-1.30215 0.34668

-1.30216 0.34668
-1.29785 0.348747

-1.29785 0.34874
-1.29297 0.351105

-1.29297 0.351111
-1.29204 0.351562

-1.29205 0.351562
-1.28809 0.353497

-1.28809 0.353489
-1.2832 0.35589

-1.2832 0.355895
-1.28209 0.356445

-1.2821 0.356445
-1.27832 0.358317

-1.27832 0.358309
-1.27344 0.360743

-1.27344 0.360747
-1.27228 0.361328

-1.27229 0.361328
-1.26855 0.3632

-1.26855 0.363192
-1.26367 0.365657

-1.26367 0.365661
-1.26259 0.366211

-1.2626 0.366211
-1.25879 0.368143

-1.25879 0.368135
-1.25391 0.370626

-1.25391 0.370632
-1.25301 0.371094

-1.25301 0.371094
-1.24902 0.373138

-1.24902 0.373131
-1.24414 0.375647

-1.24416 0.375977
-1.24414 0.375985

-1.24414 0.375652
-1.24351 0.375977

-1.24352 0.375977
-1.23926 0.378181

-1.23926 0.378175
-1.23438 0.380713

-1.23442 0.380859
-1.23438 0.380881

-1.23438 0.380718
-1.2341 0.380859

-1.23411 0.380859
-1.22949 0.383268

-1.22949 0.383263
-1.22476 0.385742

-1.2248 0.385742
-1.22461 0.385842

-1.22461 0.385825
-1.21973 0.388393

-1.21973 0.388388
-1.21549 0.390625

-1.21552 0.390625
-1.21484 0.39098

-1.21484 0.390968
-1.20996 0.393554

-1.20996 0.39355
-1.20627 0.395508

-1.2063 0.395508
-1.20508 0.396155

-1.20508 0.396145
-1.2002 0.398747

-1.2002 0.398744
-1.19711 0.400391

-1.19713 0.400391
-1.19531 0.401362

-1.19531 0.401354
-1.19043 0.40397

-1.19043 0.403969
-1.188 0.405273

-1.18801 0.405273
-1.18555 0.406599

-1.18555 0.406591
-1.18066 0.40922

-1.18066 0.409221
-1.17893 0.410156

-1.17894 0.410156
-1.17578 0.411862

-1.17578 0.411855
-1.1709 0.414497

-1.1709 0.414501
-1.16991 0.415039

-1.16991 0.415039
-1.16602 0.417152

-1.16602 0.417146
-1.16113 0.419801

-1.16113 0.419806
-1.16092 0.419922

-1.16116 0.419922
-1.16113 0.419939

-1.16092 0.419922
-1.15625 0.422467

-1.15625 0.422462
-1.15196 0.424805

-1.15199 0.424805
-1.15137 0.425142

-1.15137 0.425132
-1.14648 0.427806

-1.14648 0.427802
-1.14305 0.429688

-1.14307 0.429688
-1.1416 0.430492

-1.1416 0.430484
-1.13672 0.43317

-1.13672 0.433168
-1.13417 0.43457

-1.13419 0.43457
-1.13184 0.435867

-1.13184 0.43586
-1.12695 0.438558

-1.12695 0.438559
-1.12534 0.439453

-1.12535 0.439453
-1.12207 0.441268

-1.12207 0.441262
-1.11719 0.443972

-1.11719 0.443976
-1.11654 0.444336

-1.11654 0.444336
-1.1123 0.446694

-1.1123 0.446689
-1.10777 0.449219

-1.10779 0.449219
-1.10742 0.449424

-1.10742 0.449415
-1.10254 0.452145

-1.10254 0.452141
-1.09904 0.454102

-1.09905 0.454102
-1.09766 0.454885

-1.09766 0.454878
-1.09277 0.45762

-1.09277 0.457618
-1.09035 0.458984

-1.09036 0.458984
-1.08789 0.460372

-1.08789 0.460366
-1.08301 0.46312

-1.08301 0.463122
-1.08169 0.463867

-1.08169 0.463867
-1.07812 0.465885

-1.07812 0.46588
-1.07324 0.468645

-1.07324 0.46865
-1.07306 0.46875

-1.07326 0.46875
-1.07324 0.468762

-1.07306 0.46875
-1.06836 0.471421

-1.06836 0.471417
-1.06446 0.473633

-1.06448 0.473633
-1.06348 0.474203

-1.06348 0.474197
-1.05859 0.476981

-1.05859 0.476978
-1.0559 0.478516

-1.05591 0.478516
-1.05371 0.479772

-1.05371 0.479767
-1.04883 0.482562

-1.04883 0.482562
-1.04737 0.483398

-1.04737 0.483398
-1.04395 0.485364

-1.04395 0.48536
-1.03906 0.488164

-1.03908 0.488281
-1.03906 0.48829

-1.03906 0.488168
-1.03886 0.488281

-1.03886 0.488281
-1.03418 0.490977

-1.03418 0.490973
-1.03038 0.493164

-1.03039 0.493164
-1.0293 0.493795

-1.0293 0.493789
-1.02441 0.496608

-1.02441 0.496605
-1.02192 0.498047

-1.02193 0.498047
-1.01953 0.499433

-1.01953 0.499429
-1.01465 0.502256

-1.01465 0.502257
-1.01349 0.50293

-1.01349 0.50293
-1.00977 0.505091

-1.00977 0.505087
-1.00507 0.507812

-1.00509 0.507812
-1.00488 0.50793

-1.00488 0.507925
-1.0 0.510765

-1.0 0.510761
-0.996676 0.512695

-0.996689 0.512695
-0.995117 0.51361

-0.995117 0.513605
-0.990234 0.516452

-0.990234 0.516451
-0.988303 0.517578

-0.98831 0.517578
-0.985352 0.519304

-0.985352 0.5193
-0.980469 0.522154

-0.980469 0.522157
-0.979945 0.522461

-0.979949 0.522461
-0.975586 0.525014

-0.975586 0.52501
-0.9716 0.527344

-0.971615 0.527344
-0.970703 0.527876

-0.970703 0.527871
-0.96582 0.530734

-0.96582 0.530732
-0.963272 0.532227

-0.963282 0.532227
-0.960938 0.533602

-0.960938 0.533598
-0.956055 0.536467

-0.956055 0.536468
-0.954962 0.537109

-0.954966 0.537109
-0.951172 0.539341

-0.951172 0.539337
-0.946662 0.541992

-0.946675 0.541992
-0.946289 0.542216

-0.946289 0.542214
-0.941406 0.545091

-0.941406 0.545088
-0.938376 0.546875

-0.938386 0.546875
-0.936523 0.547973

-0.936523 0.54797
-0.931641 0.550853

-0.931641 0.550852
-0.930108 0.551758

-0.930113 0.551758
-0.926758 0.553741

-0.926758 0.553738
-0.921875 0.556627

-0.921892 0.556641
-0.921875 0.556651

-0.921875 0.55663
-0.921856 0.556641

-0.921855 0.556641
-0.916992 0.559521

-0.916992 0.559518
-0.913609 0.561523

-0.913618 0.561523
-0.912109 0.562418

-0.912109 0.562414
-0.907227 0.565313

-0.907227 0.565311
-0.905383 0.566406

-0.905389 0.566406
-0.902344 0.568215

-0.902344 0.568212
-0.897461 0.571117

-0.897461 0.571121
-0.897173 0.571289

-0.897176 0.571289
-0.892578 0.574027

-0.892578 0.574024
-0.888975 0.576172

-0.888984 0.576172
-0.887695 0.57694

-0.887695 0.576937
-0.882812 0.579851

-0.882812 0.57985
-0.880796 0.581055

-0.880801 0.581055
-0.87793 0.58277

-0.87793 0.582767
-0.873047 0.585689

-0.873047 0.585693
-0.872632 0.585938

-0.872636 0.585938
-0.868164 0.588617

-0.868164 0.588614
-0.864486 0.59082

-0.864494 0.59082
-0.863281 0.591547

-0.863281 0.591544
-0.858398 0.594478

-0.858398 0.594476
-0.856358 0.595703

-0.856363 0.595703
-0.853516 0.597415

