-1.74626 0.0
-1.74618 0.00976562

-1.74618 0.00976562
-1.74594 0.0195312

-1.74594 0.0195312
-1.74554 0.0292969

-1.74554 0.0292969
-1.74498 0.0390625

-1.74498 0.0390625
-1.74425 0.0488281

-1.74425 0.0488281
-1.74334 0.0585938

-1.74334 0.0585938
-1.74227 0.0683594

-1.74227 0.0683594
-1.74219 0.0690014

-1.74219 0.0690002
-1.74102 0.078125

-1.74103 0.078125
-1.7396 0.0878906

-1.7396 0.0878906
-1.73799 0.0976562

-1.73799 0.0976562
-1.7362 0.107422

-1.73619 0.107422
-1.73422 0.117188

-1.73422 0.117188
-1.73242 0.125329

-1.73242 0.125314
-1.73206 0.126953

-1.73207 0.126953
-1.72974 0.136719

-1.72973 0.136719
-1.72723 0.146484

-1.72722 0.146484
-1.72456 0.15625

-1.72456 0.15625
-1.72266 0.162866

-1.72266 0.162836
-1.72174 0.166016

-1.72174 0.166016
-1.7188 0.175781

-1.71879 0.175781
-1.71572 0.185547

-1.71572 0.185547
-1.71289 0.194269

-1.71289 0.194244
-1.71254 0.195312

-1.71255 0.195312
-1.7093 0.205078

-1.70929 0.205078
-1.70598 0.214844

-1.70597 0.214844
-1.70312 0.223125

-1.70312 0.223101
-1.70261 0.224609

-1.70261 0.224609
-1.69922 0.234375

-1.69922 0.234375
-1.69581 0.244141

-1.69581 0.244141
-1.69336 0.251168

-1.69336 0.251136
-1.69239 0.253906

-1.6924 0.253906
-1.68899 0.263672

-1.68899 0.263672
-1.68555 0.273438

-1.68556 0.273438
-1.68359 0.278997

-1.68359 0.278979
-1.6821 0.283203

-1.68212 0.283203
-1.6786 0.292969

-1.67861 0.292969
-1.67497 0.302734

-1.67497 0.302734
-1.67383 0.305653

-1.67383 0.305712
-1.67116 0.3125

-1.6712 0.3125
-1.66704 0.322266

-1.66709 0.322266
-1.66406 0.32858

-1.66406 0.32863
-1.66243 0.332031

-1.6625 0.332031
-1.657 0.341797

-1.6571 0.341797
-1.6543 0.34597

-1.6543 0.345944
-1.65039 0.351562

-1.65047 0.351562
-1.64453 0.358411

-1.64453 0.358343
-1.64151 0.361328

-1.64165 0.361328
-1.63477 0.367207

-1.63477 0.367131
-1.62858 0.371094

-1.62889 0.371094
-1.625 0.373494

-1.625 0.373269
-1.61523 0.377626

-1.61523 0.377503
-1.60547 0.380553

-1.60583 0.380859
-1.60547 0.380972

-1.60547 0.380427
-1.60348 0.380859

-1.60381 0.380859
-1.5957 0.382624

-1.5957 0.382542
-1.58594 0.384015

-1.58594 0.383979
-1.57617 0.385011

-1.57617 0.384978
-1.56641 0.385708

-1.56641 0.385689
-1.55664 0.386221

-1.55664 0.386202
-1.54688 0.38661

-1.54688 0.386596
-1.53711 0.386947

-1.53711 0.386936
-1.52734 0.387279

-1.52734 0.387272
-1.51758 0.387642

-1.51758 0.387636
-1.50781 0.388062

-1.50781 0.388056
-1.49805 0.388563

-1.49805 0.38856
-1.48828 0.389165

-1.48828 0.389158
-1.47852 0.389872

-1.47852 0.389866
-1.46953 0.390625

-1.5079 0.390625
-1.50781 0.390629

-1.49822 0.390625
-1.49805 0.390634

-1.4885 0.390625
-1.48828 0.390639

-1.4795 0.390625
-1.47852 0.390697

-1.47059 0.390625
-1.46875 0.39078

-1.46875 0.390701
-1.45898 0.391635

-1.45898 0.391632
-1.44922 0.392685

-1.44922 0.392684
-1.43945 0.393864

-1.43945 0.393863
-1.42969 0.395173

-1.42969 0.395173
-1.41992 0.396614

-1.41992 0.396614
-1.41016 0.398186

-1.41016 0.398186
-1.40039 0.399887

-1.40086 0.400391
-1.40039 0.400473

-1.40039 0.399891
-1.3977 0.400391

-1.39774 0.400391
-1.39062 0.401711

-1.39062 0.401702
-1.38086 0.403622

-1.38086 0.403622
-1.37109 0.405664

-1.37109 0.405663
-1.36133 0.407828

-1.36133 0.407831
-1.35156 0.410107

-1.35207 0.410156
-1.35156 0.410276

-1.35156 0.410115
-1.35139 0.410156

-1.3514 0.410156
-1.3418 0.412481

-1.3418 0.412473
-1.33203 0.414932

-1.33203 0.414931
-1.32227 0.4175

-1.32227 0.417506
-1.3134 0.419922

-1.31356 0.419922
-1.3125 0.420209

-1.3125 0.420173
-1.30273 0.4229

-1.30273 0.422892
-1.29297 0.425699

-1.29297 0.425698
-1.2832 0.428601

-1.2832 0.428614
-1.27967 0.429688

-1.28323 0.429688
-1.2832 0.429697

-1.2797 0.429688
-1.27344 0.431589

-1.27344 0.431574
-1.26367 0.434596

-1.26367 0.434591
-1.25391 0.4377

-1.25391 0.43771
-1.24854 0.439453

-1.24859 0.439453
-1.24414 0.440899

-1.24414 0.440882
-1.23438 0.444101

-1.23438 0.444092
-1.22461 0.447391

-1.22461 0.447402
-1.21933 0.449219

-1.21937 0.449219
-1.21484 0.450779

-1.21484 0.450763
-1.20508 0.454168

-1.20508 0.454158
-1.19531 0.457642

-1.19531 0.457656
-1.19165 0.458984

-1.19168 0.458984
-1.18555 0.461208

-1.18555 0.461193
-1.17578 0.464782

-1.17578 0.464777
-1.16602 0.468443

-1.16602 0.468462
-1.16526 0.46875

-1.16614 0.46875
-1.16602 0.468798

-1.16526 0.46875
-1.15625 0.47218

-1.15625 0.472162
-1.14648 0.475935

-1.14648 0.475939
-1.13993 0.478516

-1.13999 0.478516
-1.13672 0.4798

-1.13672 0.479789
-1.12695 0.483671

-1.12695 0.483658
-1.11719 0.487605

-1.11719 0.487624
-1.11558 0.488281

-1.11559 0.488281
-1.10742 0.491624

-1.10742 0.491607
-1.09766 0.495649

-1.09766 0.495652
-1.09195 0.498047

-1.09199 0.498047
-1.08789 0.499767

-1.08789 0.499757
-1.07812 0.503891

-1.07812 0.503882
-1.06895 0.507812

-1.06903 0.507812
-1.06836 0.5081

-1.06836 0.508083
-1.05859 0.512306

-1.05859 0.51229
-1.04883 0.516554

-1.04883 0.516566
-1.04653 0.517578

-1.04655 0.517578
-1.03906 0.520877

-1.03906 0.520864
-1.0293 0.525202

-1.0293 0.525203
-1.02452 0.527344

-1.02455 0.527344
-1.01953 0.529594

-1.01953 0.529586
-1.00977 0.533995

-1.00977 0.533988
-1.00291 0.537109

-1.00295 0.537109
-1.0 0.538453

-1.0 0.538445
-0.990234 0.542922

-0.990234 0.542911
-0.981653 0.546875

-0.981702 0.546875
-0.980469 0.547445

-0.980469 0.547435
-0.970703 0.551976

-0.970703 0.551964
-0.960938 0.556539

-0.961005 0.556641
-0.960938 0.556672

-0.960938 0.556555
-0.960755 0.556641

-0.960749 0.556641
-0.951172 0.561158

-0.951172 0.561145
-0.941406 0.565782

-0.941406 0.565793
-0.940124 0.566406

-0.940127 0.566406
-0.931641 0.570464

-0.931641 0.570453
-0.921875 0.575152

-0.921875 0.575159
-0.919784 0.576172

-0.919791 0.576172
-0.912109 0.579893

-0.912109 0.579885
-0.902344 0.584646

-0.902344 0.58465
-0.89972 0.585938

-0.899728 0.585938
-0.892578 0.589446

-0.892578 0.58944
-0.882812 0.594263

-0.882812 0.594265
-0.879921 0.595703

-0.879928 0.595703
-0.873047 0.599124

