-1.64501 0.0
-1.64503 0.00488281

-1.64503 0.00488281
-1.64511 0.00976562

-1.64511 0.00976562
-1.64523 0.0146484

-1.64523 0.0146484
-1.64541 0.0195312

-1.64541 0.0195312
-1.64563 0.0244141

-1.64563 0.0244141
-1.6459 0.0292969

-1.6459 0.0292969
-1.64621 0.0341797

-1.64621 0.0341797
-1.64657 0.0390625

-1.64658 0.0390625
-1.64698 0.0439453

-1.64698 0.0439453
-1.64741 0.0488281

-1.64741 0.0488281
-1.64787 0.0537109

-1.64787 0.0537109
-1.64837 0.0585938

-1.64839 0.0585938
-1.64889 0.0634766

-1.64888 0.0634766
-1.64937 0.0683594

-1.64941 0.068628
-1.64985 0.0732422

-1.64982 0.0732422
-1.65027 0.078125

-1.64941 0.0686797
-1.64938 0.0683594

-1.65036 0.078125
-1.65067 0.0830078

-1.65062 0.0830078
-1.65074 0.0878906

-1.65088 0.0878906
-1.65062 0.0927734

-1.65047 0.0927734
-1.64982 0.0976562

-1.65054 0.0976562
-1.64941 0.100624

-1.64941 0.0997698
-1.64836 0.102539

-1.64843 0.102539
-1.64453 0.107311

-1.64503 0.107422
-1.64453 0.10791

-1.64453 0.107115
-1.64422 0.107422

-1.64419 0.107422
-1.63965 0.111297

-1.63965 0.111247
-1.63782 0.112305

-1.63821 0.112305
-1.63477 0.114295

-1.63477 0.114004
-1.62988 0.115741

-1.62988 0.115821
-1.625 0.116745

-1.625 0.116512
-1.62012 0.116929

-1.62012 0.117001
-1.6163 0.117188

-1.61523 0.117134
-1.61325 0.117188

-1.61594 0.117188
-1.61523 0.117222

-1.61305 0.117188
-1.61035 0.117261

-1.61035 0.117288
-1.60547 0.117477

-1.60547 0.117453
-1.60059 0.117696

-1.60059 0.117702
-1.5957 0.118038

-1.5957 0.118035
-1.59082 0.118457

-1.59082 0.118455
-1.58594 0.118972

-1.58594 0.118978
-1.58105 0.11958

-1.58105 0.11958
-1.57617 0.120253

-1.57617 0.120256
-1.57129 0.120995

-1.57129 0.120993
-1.56641 0.121796

-1.56641 0.121798
-1.56487 0.12207

-1.56487 0.12207
-1.56152 0.122665

-1.56152 0.122663
-1.55664 0.123597

-1.55664 0.123593
-1.55176 0.124608

-1.55176 0.124611
-1.54688 0.125712

-1.54688 0.125709
-1.54199 0.126895

-1.54199 0.126908
-1.54182 0.126953

-1.5418 0.126953
-1.53711 0.128163

-1.53711 0.128159
-1.53223 0.129486

-1.53223 0.129487
-1.52734 0.130886

-1.52734 0.130873
-1.52416 0.131836

-1.52424 0.131836
-1.52246 0.132375

-1.52246 0.132365
-1.51758 0.13392

-1.51758 0.133905
-1.5127 0.135556

-1.5127 0.135568
-1.50946 0.136719

-1.50952 0.136719
-1.50781 0.137328

-1.50781 0.137306
-1.50293 0.139107

-1.50293 0.139104
-1.49805 0.140988

-1.49805 0.140991
-1.49652 0.141602

-1.49655 0.141602
-1.49316 0.142957

-1.49316 0.14295
-1.48828 0.144963

-1.48828 0.144956
-1.48469 0.146484

-1.48475 0.146484
-1.4834 0.147061

-1.4834 0.147044
-1.47852 0.149186

-1.47852 0.149186
-1.47367 0.151367

-1.47373 0.151367
-1.47363 0.151412

-1.47363 0.151398
-1.46875 0.153628

-1.46875 0.153602
-1.46387 0.155891

-1.46387 0.155906
-1.46315 0.15625

-1.46317 0.15625
-1.45898 0.158271

-1.45898 0.158252
-1.4541 0.16067

-1.4541 0.160677
-1.45321 0.161133

-1.45322 0.161133
-1.44922 0.163174

-1.44922 0.163161
-1.44434 0.165721

-1.44434 0.165736
-1.44381 0.166016

-1.44382 0.166016
-1.43945 0.168354

-1.43945 0.168349
-1.43475 0.170898

-1.43478 0.170898
-1.43457 0.171013

-1.43457 0.171005
-1.42969 0.173666

-1.42969 0.173637
-1.42581 0.175781

-1.42586 0.175781
-1.4248 0.176366

-1.4248 0.176352
-1.41992 0.179119

-1.41992 0.179106
-1.41723 0.180664

-1.41726 0.180664
-1.41504 0.181952

-1.41504 0.181939
-1.41016 0.184833

-1.41016 0.184838
-1.40898 0.185547

-1.40899 0.185547
-1.40527 0.18779

-1.40527 0.187786
-1.40093 0.19043

-1.40094 0.19043
-1.40039 0.190762

-1.40039 0.190748
-1.39551 0.193769

-1.39551 0.193776
-1.39304 0.195312

-1.39309 0.195312
-1.39062 0.196853

-1.39062 0.196812
-1.38574 0.199893

-1.38574 0.199904
-1.38528 0.200195

-1.38529 0.200195
-1.38086 0.203052

-1.38086 0.203045
-1.37775 0.205078

-1.37779 0.205078
-1.37598 0.206265

-1.37598 0.206257
-1.37109 0.209481

-1.37109 0.209476
-1.37034 0.209961

-1.37036 0.209961
-1.36621 0.212732

-1.36621 0.212735
-1.36309 0.214844

-1.36314 0.214844
-1.36133 0.216062

-1.36133 0.216034
-1.35645 0.219363

-1.35645 0.219369
-1.35592 0.219727

-1.35593 0.219727
-1.35156 0.222739

-1.35156 0.222728
-1.34886 0.224609

-1.34889 0.224609
-1.34668 0.226148

-1.34668 0.226143
-1.34191 0.229492

-1.34191 0.229492
-1.3418 0.229573

-1.3418 0.229569
-1.33691 0.233033

-1.33691 0.233044
-1.33502 0.234375

-1.33507 0.234375
-1.33203 0.23653

-1.33203 0.236493
-1.32815 0.239258

-1.32818 0.239258
-1.32715 0.239983

-1.32715 0.23998
-1.32227 0.243513

-1.32227 0.243523
-1.3214 0.244141

-1.32142 0.244141
-1.31738 0.247082

-1.31738 0.247081
-1.31472 0.249023

-1.31473 0.249023
-1.3125 0.250641

-1.3125 0.250633
-1.30804 0.253906

-1.30807 0.253906
-1.30762 0.254236

-1.30762 0.254231
-1.30273 0.257835

-1.30273 0.25783
-1.30141 0.258789

-1.30143 0.258789
-1.29785 0.261449

-1.29785 0.261451
-1.29487 0.263672

-1.29493 0.263672
-1.29297 0.26511

-1.29297 0.2651
-1.28835 0.268555

-1.28836 0.268555
-1.28809 0.268757

-1.28809 0.268754
-1.2832 0.272418

-1.2832 0.272423
-1.28183 0.273438

-1.28185 0.273438
-1.27832 0.27609

-1.27832 0.276092
-1.27535 0.27832

-1.27537 0.27832
-1.27344 0.279745

-1.27344 0.279741
-1.26884 0.283203

-1.26886 0.283203
-1.26855 0.283435

-1.26855 0.283424
-1.26367 0.287125

-1.26367 0.28713
-1.2624 0.288086

-1.26241 0.288086
-1.25879 0.290839

-1.25879 0.290842
-1.25598 0.292969

-1.25605 0.292969
-1.25391 0.294569

-1.25391 0.294551
-1.24956 0.297852

-1.24957 0.297852
-1.24902 0.298265

-1.24902 0.298264
-1.24414 0.301989

-1.24414 0.301992
-1.24316 0.302734

-1.24317 0.302734
-1.23926 0.305721

-1.23926 0.305727
-1.23676 0.307617

-1.23678 0.307617
-1.23438 0.309434

-1.23438 0.309433
-1.23035 0.3125

-1.23037 0.3125
-1.22949 0.313164

-1.22949 0.313165
-1.22461 0.316888

-1.22461 0.316881
-1.22394 0.317383

-1.22395 0.317383
-1.21973 0.320604

-1.21973 0.320616
-1.21753 0.322266

-1.21758 0.322266
-1.21484 0.324345

-1.21484 0.324334
-1.21115 0.327148

-1.21116 0.327148
-1.20996 0.328046

-1.20996 0.328052
-1.20508 0.331771

-1.20508 0.331774
-1.20474 0.332031

-1.20474 0.332031
-1.2002 0.335489

-1.2002 0.335501
-1.19829 0.336914

-1.19832 0.336914
-1.19531 0.339188

-1.19531 0.339175
-1.19185 0.341797

-1.19187 0.341797
-1.19043 0.342869

-1.19043 0.342876
-1.18555 0.346576

-1.18555 0.346573
-1.18541 0.34668

-1.1854 0.34668
-1.18066 0.350274

-1.18066 0.350283
-1.17894 0.351562

-1.17899 0.351562
-1.17578 0.353983

-1.17578 0.353962
-1.17248 0.356445

-1.1725 0.356445
-1.1709 0.357626

-1.1709 0.357639
-1.16602 0.361318

-1.16602 0.361319
-1.166 0.361328

-1.16601 0.361328
-1.16113 0.364994

-1.16113 0.365003
-1.15949 0.366211

-1.15951 0.366211
-1.15625 0.368657

-1.15625 0.36865
-1.15299 0.371094

-1.15301 0.371094
-1.15137 0.3723

-1.15137 0.372313
-1.14648 0.375958

-1.14648 0.375952
-1.14645 0.375977

-1.14645 0.375977
-1.1416 0.37959

-1.1416 0.379602
-1.13988 0.380859

-1.13992 0.380859
-1.13672 0.383237

-1.13672 0.383222
-1.13332 0.385742

-1.13333 0.385742
-1.13184 0.38683

-1.13184 0.386841
-1.12695 0.390461

-1.12695 0.390464
-1.12673 0.390625

-1.12674 0.390625
-1.12207 0.394078

-1.12207 0.394086
-1.12011 0.395508

-1.12013 0.395508
-1.11719 0.397676

-1.11719 0.397667
-1.11348 0.400391

-1.1135 0.400391
-1.1123 0.401256

-1.1123 0.401264
-1.10742 0.404854

-1.10742 0.404855
-1.10684 0.405273

-1.10685 0.405273
-1.10254 0.408437

-1.10254 0.40844
-1.10018 0.410156

-1.10022 0.410156
-1.09766 0.412027

-1.09766 0.412005
-1.09349 0.415039

-1.0935 0.415039
-1.09277 0.415561

-1.09277 0.415566
-1.08789 0.419129

-1.08789 0.419135
-1.08679 0.419922

-1.08681 0.419922
-1.08301 0.422693

-1.08301 0.422692
-1.0801 0.424805

-1.08012 0.424805
-1.07812 0.426237

-1.07812 0.426239
-1.07338 0.429688

-1.07339 0.429688
-1.07324 0.429795

-1.07324 0.429793
-1.06836 0.433332

-1.06836 0.433337
-1.06662 0.43457

-1.06664 0.43457
-1.06348 0.436854

-1.06348 0.436855
-1.05987 0.439453

-1.0599 0.439453
-1.05859 0.440377

-1.05859 0.440374
-1.05371 0.443891

-1.05371 0.443895
-1.05309 0.444336

-1.0531 0.444336
-1.04883 0.447414

-1.04883 0.447415
-1.04632 0.449219

-1.04633 0.449219
-1.04395 0.450934

-1.04395 0.450937
-1.03954 0.454102

-1.03955 0.454102
-1.03906 0.454444

-1.03906 0.454437
-1.03418 0.45794

-1.03418 0.457953
-1.03271 0.458984

-1.03273 0.458984
-1.0293 0.461451

-1.0293 0.461447
-1.02592 0.463867

-1.02594 0.463867
-1.02441 0.464934

-1.02441 0.464946
-1.01953 0.468444

-1.01953 0.468446
-1.0191 0.46875

-1.0191 0.46875
-1.01465 0.471938

-1.01465 0.47194
-1.01227 0.473633

-1.01228 0.473633
-1.00977 0.475425

-1.00977 0.47542
-1.00543 0.478516

-1.00544 0.478516
-1.00488 0.478909

-1.00488 0.478912
-1.0 0.482393

-1.0 0.482398
-0.998561 0.483398

-0.998579 0.483398
-0.995117 0.485863

-0.995117 0.485863
-0.991722 0.488281

-0.991749 0.488281
-0.990234 0.489337

-0.990234 0.489342
-0.985352 0.492816

-0.985352 0.492817
-0.984856 0.493164

-0.984863 0.493164
-0.980469 0.496286

-0.980469 0.496282
-0.977979 0.498047

-0.97799 0.498047
-0.975586 0.499749

-0.975586 0.499752
-0.971107 0.50293

-0.97111 0.50293
-0.970703 0.503214

-0.970703 0.503214
-0.96582 0.506678

-0.96582 0.506686
-0.964202 0.507812

-0.964233 0.507812
-0.960938 0.510145

-0.960938 0.510134
-0.957312 0.512695

-0.957329 0.512695
-0.956055 0.513574

-0.956055 0.513585
-0.951172 0.517038

-0.951172 0.517042
-0.9504 0.517578

-0.95041 0.517578
-0.946289 0.520491

-0.946289 0.520491
-0.943496 0.522461

-0.943506 0.522461
-0.941406 0.523933

-0.941406 0.523933
-0.936571 0.527344

-0.93658 0.527344
-0.936523 0.527383

-0.936523 0.527383
-0.931641 0.530823

-0.931641 0.530824
-0.929632 0.532227

-0.92964 0.532227
-0.926758 0.534254

-0.926758 0.534254
-0.922697 0.537109

-0.922706 0.537109
-0.921875 0.537682

-0.921875 0.537687
-0.916992 0.541118

-0.916992 0.541129
-0.915732 0.541992

-0.915749 0.541992
-0.912109 0.544549

-0.912109 0.544546
-0.908794 0.546875

-0.908817 0.546875
-0.907227 0.547974

-0.907227 0.547983
-0.902344 0.551406

-0.902344 0.551402
-0.901826 0.551758

-0.901832 0.551758
-0.897461 0.554817

-0.897461 0.554818
-0.894857 0.556641

-0.894863 0.556641
-0.892578 0.558236

-0.892578 0.558238
-0.887885 0.561523

-0.887886 0.561523
-0.887695 0.561655

-0.887695 0.561657
-0.882812 0.565074

-0.882812 0.565077
-0.880897 0.566406

-0.880909 0.566406
-0.87793 0.56849

-0.87793 0.56849
-0.873923 0.571289

-0.873934 0.571289
-0.873047 0.571895

-0.873047 0.571898
-0.868164 0.575308

-0.868164 0.575318
-0.866909 0.576172

-0.866932 0.576172
-0.863281 0.578719

-0.863281 0.578713
-0.859922 0.581055

-0.859937 0.581055
-0.858398 0.58211

-0.858398 0.582118
-0.853516 0.585526

-0.853516 0.58553
-0.852921 0.585938

-0.852929 0.585938
-0.848633 0.588935

-0.848633 0.588935
-0.845926 0.59082

-0.845933 0.59082
-0.84375 0.592335

-0.84375 0.592334
-0.838914 0.595703

-0.838919 0.595703
-0.838867 0.595739

-0.838867 0.595738
-0.833984 0.599142

