-1.73654 0.0
-1.73645 0.00976562

-1.73645 0.00976562
-1.73618 0.0195312

-1.73618 0.0195312
-1.73572 0.0292969

-1.73573 0.0292969
-1.73509 0.0390625

-1.73509 0.0390625
-1.73426 0.0488281

-1.73426 0.0488281
-1.73325 0.0585938

-1.73324 0.0585938
-1.73242 0.0653132

-1.73242 0.0653052
-1.73205 0.0683594

-1.73205 0.0683594
-1.73068 0.078125

-1.73068 0.078125
-1.72911 0.0878906

-1.72911 0.0878906
-1.72736 0.0976562

-1.72736 0.0976562
-1.72543 0.107422

-1.72542 0.107422
-1.72333 0.117188

-1.72333 0.117188
-1.72266 0.120125

-1.72266 0.120086
-1.72107 0.126953

-1.72107 0.126953
-1.71867 0.136719

-1.71866 0.136719
-1.71612 0.146484

-1.71611 0.146484
-1.71346 0.15625

-1.71347 0.15625
-1.71289 0.15832

-1.71289 0.158247
-1.7107 0.166016

-1.7107 0.166016
-1.70786 0.175781

-1.70785 0.175781
-1.70495 0.185547

-1.70495 0.185547
-1.70312 0.191623

-1.70312 0.191572
-1.702 0.195312

-1.70201 0.195312
-1.69904 0.205078

-1.69903 0.205078
-1.69605 0.214844

-1.69605 0.214844
-1.69336 0.223659

-1.69336 0.223637
-1.69306 0.224609

-1.69307 0.224609
-1.6901 0.234375

-1.6901 0.234375
-1.68711 0.244141

-1.68712 0.244141
-1.68412 0.253906

-1.68413 0.253906
-1.68359 0.255633

-1.68359 0.255607
-1.68108 0.263672

-1.6811 0.263672
-1.67797 0.273438

-1.67799 0.273438
-1.67468 0.283203

-1.67469 0.283203
-1.67383 0.285542

-1.67383 0.285626
-1.67113 0.292969

-1.67118 0.292969
-1.66714 0.302734

-1.66723 0.302734
-1.66406 0.309171

-1.66406 0.309226
-1.66245 0.3125

-1.66256 0.3125
-1.65657 0.322266

-1.65666 0.322266
-1.6543 0.325513

-1.6543 0.325419
-1.64886 0.332031

-1.64892 0.332031
-1.64453 0.336338

-1.64453 0.336299
-1.6374 0.341797

-1.63778 0.341797
-1.63477 0.343834

-1.63477 0.343636
-1.625 0.348783

-1.625 0.348607
-1.61681 0.351562

-1.61724 0.351562
-1.61523 0.352286

-1.61523 0.352046
-1.60547 0.354471

-1.60547 0.354397
-1.5957 0.356098

-1.5957 0.356059
-1.58594 0.357262

-1.58594 0.357223
-1.57617 0.358084

-1.57617 0.358059
-1.56641 0.358706

-1.56641 0.358681
-1.55664 0.359214

-1.55684 0.361328
-1.55664 0.361339

-1.55664 0.359202
-1.54688 0.359693

-1.54716 0.361328
-1.54688 0.361342

-1.54688 0.359682
-1.53711 0.360173

-1.53799 0.361328
-1.53711 0.361372

-1.53711 0.360156
-1.52734 0.360689

-1.52906 0.361328
-1.52734 0.361422

-1.52734 0.360679
-1.51758 0.36128

-1.51979 0.361328
-1.51758 0.361464

-1.51758 0.361279
-1.51688 0.361328

-1.51708 0.361328
-1.50781 0.361974

-1.50781 0.361967
-1.49805 0.362747

-1.49805 0.362745
-1.48828 0.36364

-1.48828 0.363638
-1.47852 0.364657

-1.47852 0.364655
-1.46875 0.365805

-1.46875 0.365803
-1.45898 0.367092

-1.45898 0.367092
-1.44922 0.368523

-1.44922 0.36852
-1.43945 0.370096

-1.43945 0.370097
-1.43375 0.371094

-1.43974 0.371094
-1.43945 0.37114

-1.43388 0.371094
-1.42969 0.371827

-1.42969 0.371807
-1.41992 0.373631

-1.41992 0.373629
-1.41016 0.375588

-1.41016 0.375588
-1.40039 0.377686

-1.40039 0.377685
-1.39062 0.379921

-1.3908 0.380859
-1.39062 0.3809

-1.39062 0.379927
-1.38674 0.380859

-1.3868 0.380859
-1.38086 0.382287

-1.38086 0.382272
-1.37109 0.384725

-1.37109 0.384723
-1.36133 0.387304

-1.36133 0.387307
-1.35156 0.390012

-1.35156 0.390021
-1.34945 0.390625

-1.3518 0.390625
-1.35156 0.39069

-1.34947 0.390625
-1.3418 0.392823

-1.3418 0.39281
-1.33203 0.395695

-1.33203 0.395693
-1.32227 0.398696

-1.32227 0.398705
-1.31694 0.400391

-1.317 0.400391
-1.3125 0.401815

-1.3125 0.401795
-1.30273 0.404953

-1.30273 0.404946
-1.29297 0.408204

-1.29297 0.408214
-1.28728 0.410156

-1.28734 0.410156
-1.2832 0.411569

-1.2832 0.411548
-1.27344 0.414934

-1.27344 0.414926
-1.26367 0.418398

-1.26367 0.418412
-1.2595 0.419922

-1.25954 0.419922
-1.25391 0.421959

-1.25391 0.42194
-1.24414 0.425518

-1.24414 0.425515
-1.23438 0.429172

-1.2345 0.429688
-1.23438 0.429733

-1.23438 0.42919
-1.23306 0.429688

-1.23307 0.429688
-1.22461 0.432897

-1.22461 0.432876
-1.21484 0.436632

-1.21484 0.436639
-1.20765 0.439453

-1.20772 0.439453
-1.20508 0.440488

-1.20508 0.440469
-1.19531 0.444328

-1.19531 0.444313
-1.18555 0.448239

-1.18555 0.448258
-1.18319 0.449219

-1.1832 0.449219
-1.17578 0.452241

-1.17578 0.45222
-1.16602 0.456242

-1.16602 0.456246
-1.15947 0.458984

-1.15953 0.458984
-1.15625 0.460355

-1.15625 0.460339
-1.14648 0.464464

-1.14648 0.464454
-1.13672 0.468641

-1.13672 0.468661
-1.13651 0.46875

-1.13687 0.46875
-1.13672 0.468814

-1.13651 0.46875
-1.12695 0.472892

-1.12695 0.472871
-1.11719 0.477153

-1.11719 0.477167
-1.11415 0.478516

-1.11417 0.478516
-1.10742 0.48151

-1.10742 0.481492
-1.09766 0.485866

-1.09766 0.485868
-1.09233 0.488281

-1.09237 0.488281
-1.08789 0.49031

-1.08789 0.490297
-1.07812 0.494758

-1.07812 0.494751
-1.07098 0.498047

-1.07104 0.498047
-1.06836 0.499282

-1.06836 0.499269
-1.05859 0.50381

-1.05859 0.503798
-1.05003 0.507812

-1.0501 0.507812
-1.04883 0.508408

-1.04883 0.508393
-1.03906 0.513006

-1.03906 0.512992
-1.02943 0.517578

-1.02951 0.517578
-1.0293 0.517682

-1.0293 0.517655
-1.01953 0.522333

-1.01953 0.522318
-1.00977 0.527027

-1.00977 0.527045
-1.00915 0.527344

-1.00981 0.527344
-1.00977 0.527364

-1.00915 0.527344
-1.0 0.531783

-1.0 0.531767
-0.990234 0.536534

-0.990234 0.536549
-0.989094 0.537109

-0.989096 0.537109
-0.980469 0.541347

-0.980469 0.541332
-0.970703 0.546155

-0.970703 0.546167
-0.969278 0.546875

-0.969283 0.546875
-0.960938 0.551021

-0.960938 0.551008
-0.951172 0.555886

-0.951172 0.555896
-0.94969 0.556641

-0.949694 0.556641
-0.941406 0.560804

-0.941406 0.560791
-0.931641 0.565723

-0.931641 0.565733
-0.930315 0.566406

-0.930318 0.566406
-0.921875 0.570693

-0.921875 0.570681
-0.912109 0.575666

-0.912109 0.575678
-0.911147 0.576172

-0.911147 0.576172
-0.902344 0.58069

-0.902344 0.580679
-0.892578 0.585718

-0.892578 0.585731
-0.89218 0.585938

-0.892602 0.585938
-0.892578 0.58595

-0.892176 0.585938
-0.882812 0.590796

-0.882812 0.590785
-0.873384 0.595703

-0.873414 0.595703
-0.873047 0.595895

