-1.71401 0.0
-1.71398 0.00488281

-1.71398 0.00488281
-1.7139 0.00976562

-1.7139 0.00976562
-1.71375 0.0146484

-1.71375 0.0146484
-1.71355 0.0195312

-1.71355 0.0195312
-1.7133 0.0244141

-1.7133 0.0244141
-1.71299 0.0292969

-1.71299 0.0292969
-1.71289 0.0306337

-1.71289 0.0306193
-1.71263 0.0341797

-1.71263 0.0341797
-1.71221 0.0390625

-1.71221 0.0390625
-1.71174 0.0439453

-1.71175 0.0439453
-1.71123 0.0488281

-1.71123 0.0488281
-1.71066 0.0537109

-1.71066 0.0537109
-1.71005 0.0585938

-1.71005 0.0585938
-1.70939 0.0634766

-1.70939 0.0634766
-1.70869 0.0683594

-1.70869 0.0683594
-1.70801 0.0727908

-1.70801 0.0727853
-1.70794 0.0732422

-1.70794 0.0732422
-1.70715 0.078125

-1.70715 0.078125
-1.70632 0.0830078

-1.70632 0.0830078
-1.70546 0.0878906

-1.70546 0.0878906
-1.70457 0.0927734

-1.70457 0.0927734
-1.70365 0.0976562

-1.70366 0.0976562
-1.70312 0.100409

-1.70312 0.100392
-1.70271 0.102539

-1.70271 0.102539
-1.70174 0.107422

-1.70175 0.107422
-1.70076 0.112305

-1.70076 0.112305
-1.69976 0.117188

-1.69976 0.117188
-1.69873 0.12207

-1.69874 0.12207
-1.69824 0.124398

-1.69824 0.124384
-1.6977 0.126953

-1.6977 0.126953
-1.69665 0.131836

-1.69665 0.131836
-1.6956 0.136719

-1.69559 0.136719
-1.69454 0.141602

-1.69454 0.141602
-1.69349 0.146484

-1.6935 0.146484
-1.69336 0.147144

-1.69336 0.147074
-1.69243 0.151367

-1.69243 0.151367
-1.69137 0.15625

-1.69137 0.15625
-1.69033 0.161133

-1.69032 0.161133
-1.68928 0.166016

-1.68928 0.166016
-1.68848 0.169748

-1.68848 0.169737
-1.68823 0.170898

-1.68823 0.170898
-1.68719 0.175781

-1.68719 0.175781
-1.68615 0.180664

-1.68615 0.180664
-1.68512 0.185547

-1.68512 0.185547
-1.68409 0.19043

-1.68409 0.19043
-1.68359 0.19277

-1.68359 0.192747
-1.68305 0.195312

-1.68306 0.195312
-1.68202 0.200195

-1.68202 0.200195
-1.68098 0.205078

-1.68099 0.205078
-1.67993 0.209961

-1.67993 0.209961
-1.67886 0.214844

-1.67888 0.214844
-1.67871 0.215569

-1.67871 0.21553
-1.67776 0.219727

-1.67776 0.219727
-1.67661 0.224609

-1.67662 0.224609
-1.67541 0.229492

-1.67541 0.229492
-1.67411 0.234375

-1.67411 0.234375
-1.67383 0.235373

-1.67383 0.235383
-1.67272 0.239258

-1.67272 0.239258
-1.6712 0.244141

-1.67122 0.244141
-1.66953 0.249023

-1.66949 0.249023
-1.66895 0.25043

-1.66895 0.25051
-1.66763 0.253906

-1.66769 0.253906
-1.6655 0.258789

-1.66546 0.258789
-1.66406 0.261418

-1.66406 0.261526
-1.66292 0.263672

-1.66296 0.263672
-1.65986 0.268555

-1.65972 0.268555
-1.65918 0.269336

-1.65918 0.269431
-1.65618 0.273438

-1.65637 0.273438
-1.6543 0.275827

-1.6543 0.275693
-1.6517 0.27832

-1.65155 0.27832
-1.64941 0.280248

-1.64941 0.280379
-1.64575 0.283203

-1.64621 0.283203
-1.64453 0.284395

-1.64453 0.284103
-1.63965 0.287058

-1.63965 0.287033
-1.63748 0.288086

-1.63763 0.288086
-1.63477 0.289478

-1.63477 0.289365
-1.62988 0.291295

-1.62988 0.291336
-1.625 0.292904

-1.62521 0.292969
-1.625 0.293035

-1.625 0.292836
-1.62447 0.292969

-1.62454 0.292969
-1.62012 0.294085

-1.62012 0.294075
-1.61523 0.2951

-1.61523 0.295082
-1.61035 0.295949

-1.61035 0.295951
-1.60547 0.296691

-1.60547 0.296677
-1.60059 0.297311

-1.60065 0.297852
-1.60059 0.29786

-1.60059 0.297312
-1.59578 0.297852

-1.59622 0.297852
-1.5957 0.29791

-1.5957 0.297846
-1.59564 0.297852

-1.5957 0.297852
-1.59082 0.298328

-1.59082 0.298328
-1.58594 0.298754

-1.58594 0.298746
-1.58105 0.299139

-1.58105 0.29914
-1.57617 0.299512

-1.57617 0.299507
-1.57129 0.299868

-1.57129 0.29987
-1.56641 0.300227

-1.56641 0.300218
-1.56152 0.300584

-1.56152 0.300593
-1.55664 0.300968

-1.55664 0.300954
-1.55176 0.301349

-1.55176 0.301364
-1.54688 0.301776

-1.54688 0.301765
-1.54199 0.302188

-1.54199 0.302186
-1.53711 0.302637

-1.54209 0.302734
-1.54199 0.302743

-1.53762 0.302734
-1.53711 0.302782

-1.53711 0.302637
-1.53612 0.302734

-1.53616 0.302734
-1.53223 0.30312

-1.53223 0.303118
-1.52734 0.303625

-1.52734 0.303623
-1.52246 0.304163

-1.52246 0.304163
-1.51758 0.30474

-1.51758 0.304739
-1.5127 0.305353

-1.5127 0.305353
-1.50781 0.306004

-1.50781 0.306002
-1.50293 0.306696

-1.50293 0.306697
-1.49805 0.307435

-1.4983 0.307617
-1.49805 0.307655

-1.49805 0.307435
-1.4969 0.307617

-1.49692 0.307617
-1.49316 0.308213

-1.49316 0.30821
-1.48828 0.309019

-1.48828 0.309017
-1.4834 0.309868

-1.4834 0.30987
-1.47852 0.310764

-1.47852 0.310762
-1.47363 0.311701

-1.47363 0.311707
-1.46965 0.3125

-1.46971 0.3125
-1.46875 0.312692

-1.46875 0.312674
-1.46387 0.313675

-1.46387 0.313674
-1.45898 0.314717

-1.45898 0.314717
-1.4541 0.315806

-1.4541 0.315804
-1.44922 0.316943

-1.44927 0.317383
-1.44922 0.317394

-1.44922 0.316946
-1.44741 0.317383

-1.44743 0.317383
-1.44434 0.318131

-1.44434 0.318128
-1.43945 0.319344

-1.43945 0.319341
-1.43457 0.320603

-1.43457 0.320611
-1.42969 0.321906

-1.42976 0.322266
-1.42969 0.322284

-1.42969 0.321901
-1.42834 0.322266

-1.42835 0.322266
-1.4248 0.323222

-1.4248 0.32322
-1.41992 0.324572

-1.41992 0.324568
-1.41504 0.325965

-1.41504 0.325966
-1.41104 0.327148

-1.41108 0.327148
-1.41016 0.327422

-1.41016 0.327417
-1.40527 0.328897

-1.40527 0.328894
-1.40039 0.330409

-1.40039 0.330412
-1.39551 0.331963

-1.39551 0.331969
-1.39531 0.332031

-1.39563 0.332031
-1.39551 0.33207

-1.39532 0.332031
-1.39062 0.333537

-1.39062 0.333526
-1.38574 0.33512

-1.38574 0.335119
-1.38086 0.336763

-1.38095 0.336914
-1.38086 0.336944

-1.38086 0.336768
-1.38044 0.336914

-1.38044 0.336914
-1.37598 0.338451

-1.37598 0.338446
-1.37109 0.340159

-1.37109 0.340163
-1.36652 0.341797

-1.36658 0.341797
-1.36621 0.341928

-1.36621 0.341915
-1.36133 0.34367

-1.36133 0.343656
-1.35645 0.345438

-1.35645 0.34544
-1.35313 0.34668

-1.35315 0.34668
-1.35156 0.347275

-1.35156 0.347274
-1.34668 0.349133

-1.34668 0.349134
-1.3418 0.351016

-1.3418 0.351017
-1.34039 0.351562

-1.3404 0.351562
-1.33691 0.35292

-1.33691 0.352916
-1.33203 0.354833

-1.33203 0.354825
-1.32797 0.356445

-1.32801 0.356445
-1.32715 0.356789

-1.32715 0.35678
-1.32227 0.358765

-1.32227 0.358763
-1.31738 0.360779

-1.31738 0.360792
-1.31609 0.361328

-1.31609 0.361328
-1.3125 0.362813

-1.3125 0.362793
-1.30762 0.364821

-1.30762 0.364823
-1.30434 0.366211

-1.30435 0.366211
-1.30273 0.366896

-1.30273 0.366893
-1.29785 0.368988

-1.29785 0.368993
-1.29299 0.371094

-1.29309 0.371094
-1.29297 0.371146

-1.29297 0.3711
-1.28809 0.373216

-1.28809 0.373212
-1.2832 0.375348

-1.2832 0.375347
-1.28178 0.375977

-1.28179 0.375977
-1.27832 0.377509

-1.27832 0.377503
-1.27344 0.379687

-1.27344 0.379694
-1.27085 0.380859

-1.27087 0.380859
-1.26855 0.3819

-1.26855 0.381895
-1.26367 0.38409

-1.26367 0.384077
-1.26 0.385742

-1.26002 0.385742
-1.25879 0.386301

-1.25879 0.386295
-1.25391 0.388539

-1.25391 0.388543
-1.24941 0.390625

-1.24945 0.390625
-1.24902 0.390823

-1.24902 0.390815
-1.24414 0.393067

-1.24414 0.393049
-1.23926 0.39531

-1.23929 0.395508
-1.23926 0.395522

-1.23926 0.395316
-1.23885 0.395508

-1.23885 0.395508
-1.23438 0.397611

-1.23438 0.397609
-1.22949 0.399922

-1.22949 0.399936
-1.22853 0.400391

-1.22853 0.400391
-1.22461 0.402242

-1.22461 0.402222
-1.21973 0.404528

-1.21973 0.404532
-1.21817 0.405273

-1.21818 0.405273
-1.21484 0.406869

-1.21484 0.406864
-1.20996 0.409217

-1.20996 0.409225
-1.20803 0.410156

-1.20805 0.410156
-1.20508 0.411587

-1.20508 0.411566
-1.2002 0.413914

-1.2002 0.413917
-1.19788 0.415039

-1.19789 0.415039
-1.19531 0.416291

-1.19531 0.416285
-1.19043 0.418673

-1.19043 0.418678
-1.18789 0.419922

-1.18792 0.419922
-1.18555 0.421086

-1.18555 0.421064
-1.18066 0.423452

-1.18066 0.423454
-1.17792 0.424805

-1.17793 0.424805
-1.17578 0.425862

-1.17578 0.425855
-1.1709 0.428277

-1.1709 0.42828
-1.16807 0.429688

-1.16811 0.429688
-1.16602 0.430727

-1.16602 0.430705
-1.16113 0.43313

-1.16113 0.433132
-1.15825 0.43457

-1.15826 0.43457
-1.15625 0.435574

-1.15625 0.435566
-1.15137 0.438022

-1.15137 0.438024
-1.14853 0.439453

-1.14857 0.439453
-1.14648 0.440507

-1.14648 0.440486
-1.1416 0.442948

-1.1416 0.442949
-1.13886 0.444336

-1.13887 0.444336
-1.13672 0.445426

-1.13672 0.445417
-1.13184 0.447907

-1.13184 0.44791
-1.12928 0.449219

-1.12931 0.449219
-1.12695 0.450426

-1.12695 0.450407
-1.12207 0.452903

-1.12207 0.452905
-1.11974 0.454102

-1.11975 0.454102
-1.11719 0.455416

-1.11719 0.455407
-1.1123 0.457933

-1.1123 0.457937
-1.11028 0.458984

-1.11031 0.458984
-1.10742 0.460482

-1.10742 0.460465
-1.10254 0.462995

-1.10254 0.462998
-1.10087 0.463867

-1.10088 0.463867
-1.09766 0.465544

-1.09766 0.465536
-1.09277 0.468096

-1.09277 0.468104
-1.09154 0.46875

-1.09156 0.46875
-1.08789 0.470674

-1.08789 0.470659
-1.08301 0.473221

-1.08301 0.473225
-1.08223 0.473633

-1.08224 0.473633
-1.07812 0.475804

-1.07812 0.4758
-1.07324 0.478391

-1.07324 0.478404
-1.07303 0.478516

-1.07326 0.478516
-1.07324 0.478525

-1.07303 0.478516
-1.06836 0.480994

-1.06836 0.480981
-1.06381 0.483398

-1.06382 0.483398
-1.06348 0.483581

-1.06348 0.483577
-1.05859 0.486189

-1.05859 0.486187
-1.05469 0.488281

-1.05471 0.488281
-1.05371 0.48882

-1.05371 0.488816
-1.04883 0.491432

-1.04883 0.49142
-1.04558 0.493164

-1.04559 0.493164
-1.04395 0.494047

-1.04395 0.494044
-1.03906 0.496685

-1.03906 0.496688
-1.03656 0.498047

-1.03657 0.498047
-1.03418 0.499341

-1.03418 0.499338
-1.0293 0.501978

-1.0293 0.501969
-1.02752 0.50293

-1.02753 0.50293
-1.02441 0.504619

-1.02441 0.504616
-1.01953 0.507281

-1.01953 0.507288
-1.01857 0.507812

-1.01857 0.507812
-1.01465 0.509958

-1.01465 0.509955
-1.00977 0.512617

-1.00978 0.512695
-1.00977 0.512703

-1.00977 0.512614
-1.00962 0.512695

-1.00961 0.512695
-1.00488 0.515284

-1.00488 0.515283
-1.00071 0.517578

-1.00075 0.517578
-1.0 0.517989

-1.0 0.517972
-0.995117 0.520658

-0.995117 0.520657
-0.991834 0.522461

-0.991841 0.522461
-0.990234 0.523344

-0.990234 0.523334
-0.985352 0.526028

-0.985352 0.526029
-0.982975 0.527344

-0.983005 0.527344
-0.980469 0.528747

-0.980469 0.528734
-0.975586 0.531434

-0.975586 0.531436
-0.974157 0.532227

-0.974161 0.532227
-0.970703 0.534141

-0.970703 0.534134
-0.96582 0.536848

-0.96582 0.536859
-0.96537 0.537109

-0.965371 0.537109
-0.960938 0.539577

-0.960938 0.539567
-0.956576 0.541992

-0.956586 0.541992
-0.956055 0.542287

-0.956055 0.542286
-0.951172 0.545012

-0.951172 0.545009
-0.947836 0.546875

-0.947851 0.546875
-0.946289 0.547749

-0.946289 0.547746
-0.941406 0.550476

-0.941406 0.550468
-0.939101 0.551758

-0.939109 0.551758
-0.936523 0.553204

-0.936523 0.553202
-0.931641 0.555948

-0.931641 0.555952
-0.930418 0.556641

-0.930421 0.556641
-0.926758 0.558703

-0.926758 0.558701
-0.921875 0.561446

-0.921875 0.561444
-0.921732 0.561523

-0.921731 0.561523
-0.916992 0.564194

-0.916992 0.564193
-0.91308 0.566406

-0.913107 0.566406
-0.912109 0.56697

-0.912109 0.566959
-0.907227 0.569724

-0.907227 0.569723
-0.904459 0.571289

-0.904463 0.571289
-0.902344 0.572488

-0.902344 0.572482
-0.897461 0.575255

-0.897461 0.575255
-0.89585 0.576172

-0.895868 0.576172
-0.892578 0.578044

-0.892578 0.578036
-0.887695 0.580815

-0.887695 0.580818
-0.887277 0.581055

-0.887279 0.581055
-0.882812 0.583602

-0.882812 0.583598
-0.878721 0.585938

-0.878736 0.585938
-0.87793 0.586398

-0.87793 0.586396
-0.873047 0.58919

-0.873047 0.589185
-0.870192 0.59082

-0.870198 0.59082
-0.868164 0.591985

-0.868164 0.591984
-0.863281 0.594792

-0.863281 0.594793
-0.861702 0.595703

-0.861705 0.595703
-0.858398 0.597608

