-1.67341 0.0
-1.6734 0.00488281

-1.6734 0.00488281
-1.67337 0.00976562

-1.67337 0.00976562
-1.67331 0.0146484

-1.67331 0.0146484
-1.67323 0.0195312

-1.67323 0.0195312
-1.67313 0.0244141

-1.67313 0.0244141
-1.67301 0.0292969

-1.67301 0.0292969
-1.67288 0.0341797

-1.67288 0.0341797
-1.67272 0.0390625

-1.67272 0.0390625
-1.67255 0.0439453

-1.67255 0.0439453
-1.67236 0.0488281

-1.67236 0.0488281
-1.67216 0.0537109

-1.67216 0.0537109
-1.67196 0.0585938

-1.67196 0.0585938
-1.67174 0.0634766

-1.67174 0.0634766
-1.67152 0.0683594

-1.67152 0.0683594
-1.67129 0.0732422

-1.67129 0.0732422
-1.67106 0.078125

-1.67106 0.078125
-1.67083 0.0830078

-1.67083 0.0830078
-1.6706 0.0878906

-1.6706 0.0878906
-1.67037 0.0927734

-1.67037 0.0927734
-1.67015 0.0976562

-1.67015 0.0976562
-1.66993 0.102539

-1.66993 0.102539
-1.66972 0.107422

-1.66972 0.107422
-1.6695 0.112305

-1.6695 0.112305
-1.66929 0.117188

-1.66929 0.117188
-1.66907 0.12207

-1.66907 0.12207
-1.66895 0.124679

-1.66895 0.124644
-1.66884 0.126953

-1.66884 0.126953
-1.66858 0.131836

-1.66859 0.131836
-1.6683 0.136719

-1.6683 0.136719
-1.66796 0.141602

-1.66797 0.141602
-1.66755 0.146484

-1.66756 0.146484
-1.66704 0.151367

-1.66705 0.151367
-1.66638 0.15625

-1.6664 0.15625
-1.66552 0.161133

-1.66555 0.161133
-1.66438 0.166016

-1.66439 0.166016
-1.66406 0.167028

-1.66406 0.167103
-1.66282 0.170898

-1.66286 0.170898
-1.66069 0.175781

-1.66079 0.175781
-1.65918 0.178405

-1.65918 0.178396
-1.65777 0.180664

-1.65784 0.180664
-1.6543 0.184774

-1.6543 0.184723
-1.65346 0.185547

-1.6535 0.185547
-1.64941 0.189029

-1.64941 0.188936
-1.64702 0.19043

-1.64708 0.19043
-1.64453 0.192001

-1.64453 0.191902
-1.63965 0.194132

-1.63965 0.194077
-1.63608 0.195312

-1.6362 0.195312
-1.63477 0.195808

-1.63477 0.195742
-1.62988 0.197054

-1.62988 0.197032
-1.625 0.198085

-1.625 0.198073
-1.62012 0.198935

-1.62012 0.19892
-1.61523 0.199649

-1.61528 0.200195
-1.61523 0.200203

-1.61523 0.199639
-1.61095 0.200195

-1.6112 0.200195
-1.61035 0.200305

-1.61035 0.20027
-1.60547 0.200832

-1.60547 0.200825
-1.60059 0.201346

-1.60059 0.20134
-1.5957 0.201846

-1.5957 0.201844
-1.59082 0.202348

-1.59082 0.202345
-1.58594 0.202856

-1.58594 0.202854
-1.58105 0.203384

-1.58105 0.203383
-1.57617 0.203941

-1.57617 0.203937
-1.57129 0.20453

-1.57129 0.204529
-1.56702 0.205078

-1.57136 0.205078
-1.57129 0.205087

-1.56724 0.205078
-1.56641 0.205186

-1.56641 0.20516
-1.56152 0.205822

-1.56152 0.20582
-1.55664 0.206523

-1.55664 0.206522
-1.55176 0.207272

-1.55176 0.207271
-1.54688 0.20807

-1.54688 0.20807
-1.54199 0.208918

-1.54199 0.208917
-1.53711 0.209811

-1.53736 0.209961
-1.53711 0.210008

-1.53711 0.20981
-1.53632 0.209961

-1.53635 0.209961
-1.53223 0.210752

-1.53223 0.210747
-1.52734 0.211729

-1.52734 0.211729
-1.52246 0.212763

-1.52246 0.212763
-1.51758 0.213851

-1.51758 0.213851
-1.51331 0.214844

-1.51341 0.214844
-1.5127 0.215009

-1.5127 0.214989
-1.50781 0.216166

-1.50781 0.216163
-1.50293 0.217392

-1.50293 0.217391
-1.49805 0.218679

-1.49805 0.21868
-1.49423 0.219727

-1.49429 0.219727
-1.49316 0.220034

-1.49316 0.220019
-1.48828 0.221401

-1.48828 0.221397
-1.4834 0.222834

-1.4834 0.222835
-1.47852 0.224332

-1.4786 0.224609
-1.47852 0.224637

-1.47852 0.224333
-1.47764 0.224609

-1.47766 0.224609
-1.47363 0.22588

-1.47363 0.225872
-1.46875 0.227463

-1.46875 0.227463
-1.46387 0.229116

-1.46391 0.229492
-1.46387 0.229508

-1.46387 0.229119
-1.46279 0.229492

-1.46281 0.229492
-1.45898 0.230823

-1.45898 0.230814
-1.4541 0.232561

-1.4541 0.232565
-1.44922 0.234369

-1.44936 0.234375
-1.44922 0.234427

-1.44921 0.234375
-1.44434 0.23622

-1.44434 0.236213
-1.43945 0.238112

-1.43945 0.238115
-1.43659 0.239258

-1.43662 0.239258
-1.43457 0.240077

-1.43457 0.240063
-1.42969 0.242054

-1.42969 0.242054
-1.4248 0.244096

-1.4248 0.244099
-1.42471 0.244141

-1.42491 0.244141
-1.4248 0.244185

-1.42471 0.244141
-1.41992 0.246184

-1.41992 0.246176
-1.41504 0.248305

-1.41504 0.248309
-1.41343 0.249023

-1.41345 0.249023
-1.41016 0.250488

-1.41016 0.250476
-1.40527 0.252688

-1.40527 0.252691
-1.40264 0.253906

-1.40267 0.253906
-1.40039 0.254958

-1.40039 0.254943
-1.39551 0.257235

-1.39551 0.257236
-1.39226 0.258789

-1.39229 0.258789
-1.39062 0.259585

-1.39062 0.259568
-1.38574 0.261938

-1.38574 0.261937
-1.38222 0.263672

-1.38226 0.263672
-1.38086 0.264363

-1.38086 0.264345
-1.37598 0.266788

-1.37598 0.266787
-1.37249 0.268555

-1.37253 0.268555
-1.37109 0.269283

-1.37109 0.269265
-1.36621 0.271777

-1.36621 0.271776
-1.36302 0.273438

-1.36306 0.273438
-1.36133 0.274337

-1.36133 0.27432
-1.35645 0.276897

-1.35645 0.276897
-1.35378 0.27832

-1.35381 0.27832
-1.35156 0.279518

-1.35156 0.279503
-1.34668 0.28214

-1.34668 0.282142
-1.34474 0.283203

-1.34476 0.283203
-1.3418 0.284818

-1.3418 0.284805
-1.33691 0.287498

-1.33691 0.287501
-1.33586 0.288086

-1.33587 0.288086
-1.33203 0.290227

-1.33203 0.290219
-1.32715 0.292962

-1.32722 0.292969
-1.32715 0.293008

-1.32714 0.292969
-1.32227 0.295737

-1.32227 0.295732
-1.31856 0.297852

-1.31859 0.297852
-1.31738 0.298542

-1.31738 0.298524
-1.3125 0.301338

-1.3125 0.301338
-1.31009 0.302734

-1.31012 0.302734
-1.30762 0.304185

-1.30762 0.304171
-1.30273 0.307026

-1.30273 0.30703
-1.30173 0.307617

-1.30174 0.307617
-1.29785 0.30991

-1.29785 0.309902
-1.29346 0.3125

-1.29351 0.3125
-1.29297 0.312815

-1.29297 0.312796
-1.28809 0.315707

-1.28809 0.315705
-1.28528 0.317383

-1.28531 0.317383
-1.2832 0.318643

-1.2832 0.318629
-1.27832 0.32157

-1.27832 0.321573
-1.27717 0.322266

-1.27719 0.322266
-1.27344 0.324535

-1.27344 0.324528
-1.26912 0.327148

-1.26916 0.327148
-1.26855 0.327514

-1.26855 0.327498
-1.26367 0.330482

-1.26367 0.330479
-1.26114 0.332031

-1.26116 0.332031
-1.25879 0.333484

-1.25879 0.333472
-1.25391 0.336477

-1.25391 0.336483
-1.2532 0.336914

-1.25321 0.336914
-1.24902 0.3395

-1.24902 0.339493
-1.2453 0.341797

-1.24533 0.341797
-1.24414 0.342532

-1.24414 0.342517
-1.23926 0.345552

-1.23926 0.345552
-1.23745 0.34668

-1.23746 0.34668
-1.23438 0.348602

-1.23438 0.348593
-1.22962 0.351562

-1.22965 0.351562
-1.22949 0.35166

-1.22949 0.351643
-1.22461 0.3547

-1.22461 0.354696
-1.22182 0.356445

-1.22184 0.356445
-1.21973 0.357769

-1.21973 0.357756
-1.21484 0.360823

-1.21484 0.360829
-1.21404 0.361328

-1.21405 0.361328
-1.20996 0.363902

-1.20996 0.363895
-1.20628 0.366211

-1.20631 0.366211
-1.20508 0.366982

-1.20508 0.36697
-1.2002 0.37005

-1.2002 0.370051
-1.19854 0.371094

-1.19855 0.371094
-1.19531 0.37314

-1.19531 0.373132
-1.19081 0.375977

-1.19084 0.375977
-1.19043 0.376229

-1.19043 0.376218
-1.18555 0.379308

-1.18555 0.379305
-1.18309 0.380859

-1.18311 0.380859
-1.18066 0.382404

-1.18066 0.382394
-1.17578 0.385485

-1.17578 0.385493
-1.17538 0.385742

-1.17538 0.385742
-1.1709 0.388586

-1.1709 0.38858
-1.16767 0.390625

-1.16769 0.390625
-1.16602 0.391685

-1.16602 0.391673
-1.16113 0.39477

-1.16113 0.394775
-1.15997 0.395508

-1.15998 0.395508
-1.15625 0.397874

-1.15625 0.397867
-1.15227 0.400391

-1.1523 0.400391
-1.15137 0.400973

-1.15137 0.400965
-1.14648 0.404065

-1.14648 0.404064
-1.14458 0.405273

-1.14459 0.405273
-1.1416 0.407169

-1.1416 0.407162
-1.13688 0.410156

-1.1369 0.410156
-1.13672 0.410271

-1.13672 0.410264
-1.13184 0.413366

-1.13184 0.413362
-1.12919 0.415039

-1.12921 0.415039
-1.12695 0.416471

-1.12695 0.416462
-1.12207 0.419564

-1.12207 0.419571
-1.1215 0.419922

-1.12151 0.419922
-1.11719 0.422673

-1.11719 0.422666
-1.11382 0.424805

-1.11384 0.424805
-1.1123 0.425778

-1.1123 0.42577
-1.10742 0.428875

-1.10742 0.428879
-1.10614 0.429688

-1.10615 0.429688
-1.10254 0.431985

-1.10254 0.431979
-1.09846 0.43457

-1.09849 0.43457
-1.09766 0.435091

-1.09766 0.435086
-1.09277 0.438195

-1.09277 0.438193
-1.09079 0.439453

-1.0908 0.439453
-1.08789 0.441307

-1.08789 0.441301
-1.08312 0.444336

-1.08314 0.444336
-1.08301 0.444417

-1.08301 0.444414
-1.07812 0.447526

-1.07812 0.447522
-1.07546 0.449219

-1.07548 0.449219
-1.07324 0.450642

-1.07324 0.450634
-1.06836 0.453749

-1.06836 0.453756
-1.0678 0.454102

-1.06781 0.454102
-1.06348 0.45687

-1.06348 0.456864
-1.06015 0.458984

-1.06017 0.458984
-1.05859 0.459989

-1.05859 0.459983
-1.05371 0.463103

-1.05371 0.463107
-1.05251 0.463867

-1.05252 0.463867
-1.04883 0.466228

-1.04883 0.466223
-1.04487 0.46875

-1.0449 0.46875
-1.04395 0.469349

-1.04395 0.469347
-1.03906 0.472473

-1.03906 0.472471
-1.03725 0.473633

-1.03726 0.473633
-1.03418 0.475601

-1.03418 0.475596
-1.02962 0.478516

-1.02963 0.478516
-1.0293 0.478726

-1.0293 0.478726
-1.02441 0.481856

-1.02441 0.481853
-1.022 0.483398

-1.02201 0.483398
-1.01953 0.484989

-1.01953 0.484983
-1.01465 0.488116

-1.01465 0.488121
-1.01439 0.488281

-1.0144 0.488281
-1.00977 0.491253

-1.00977 0.491248
-1.00678 0.493164

-1.00679 0.493164
-1.00488 0.494389

-1.00488 0.494383
-1.0 0.49752

-1.0 0.497526
-0.999173 0.498047

-0.999185 0.498047
-0.995117 0.50066

-0.995117 0.500655
-0.991576 0.50293

-0.991595 0.50293
-0.990234 0.503797

-0.990234 0.503794
-0.985352 0.506934

-0.985352 0.506936
-0.983978 0.507812

-0.983989 0.507812
-0.980469 0.510075

-0.980469 0.510071
-0.976387 0.512695

-0.976406 0.512695
-0.975586 0.513212

-0.975586 0.513213
-0.970703 0.516354

-0.970703 0.516352
-0.968795 0.517578

-0.968804 0.517578
-0.96582 0.519497

-0.96582 0.519493
-0.961208 0.522461

-0.961214 0.522461
-0.960938 0.522634

-0.960938 0.522637
-0.956055 0.525779

-0.956055 0.525776
-0.953617 0.527344

-0.953627 0.527344
-0.951172 0.528923

-0.951172 0.528918
-0.946289 0.532062

-0.946289 0.532066
-0.946033 0.532227

-0.946037 0.532227
-0.941406 0.535208

-0.941406 0.535203
-0.938444 0.537109

-0.938456 0.537109
-0.936523 0.538352

-0.936523 0.538348
-0.931641 0.541492

-0.931641 0.541497
-0.930855 0.541992

-0.930867 0.541992
-0.926758 0.544638

-0.926758 0.544634
-0.923277 0.546875

-0.923292 0.546875
-0.921875 0.547782

-0.921875 0.54778
-0.916992 0.550926

-0.916992 0.550927
-0.915692 0.551758

-0.915703 0.551758
-0.912109 0.554072

-0.912109 0.554069
-0.908117 0.556641

-0.908132 0.556641
-0.907227 0.557213

-0.907227 0.557216
-0.902344 0.560363

-0.902344 0.560361
-0.900538 0.561523

-0.900546 0.561523
-0.897461 0.563511

-0.897461 0.563508
-0.892966 0.566406

-0.89297 0.566406
-0.892578 0.566652

-0.892578 0.566658
-0.887695 0.569807

-0.887695 0.569804
-0.885392 0.571289

-0.8854 0.571289
-0.882812 0.572958

-0.882812 0.572954
-0.87793 0.576105

-0.87793 0.576108
-0.877828 0.576172

-0.877829 0.576172
-0.873047 0.57926

-0.873047 0.579256
-0.870261 0.581055

-0.87027 0.581055
-0.868164 0.582414

-0.868164 0.58241
-0.863281 0.585566

-0.863281 0.585571
-0.862697 0.585938

-0.862708 0.585938
-0.858398 0.588724

-0.858398 0.588721
-0.855152 0.59082

-0.855162 0.59082
-0.853516 0.591882

-0.853516 0.59188
-0.848633 0.595041

-0.848633 0.595044
-0.847599 0.595703

-0.847612 0.595703
-0.84375 0.598204

