-1.62936 0.0
-1.62937 0.00244141

-1.62937 0.00244141
-1.62942 0.00488281

-1.62942 0.00488281
-1.62949 0.00732422

-1.6295 0.00732422
-1.6296 0.00976562

-1.62988 0.0146484
-1.63006 0.0170898

-1.63006 0.0170898
-1.63025 0.0195312

-1.6296 0.00976562
-1.62973 0.012207

-1.62988 0.0146426
-1.62973 0.012207

-1.63025 0.0195312
-1.63045 0.0219727

-1.63045 0.0219727
-1.63065 0.0244141

-1.63066 0.0244141
-1.63084 0.0268555

-1.63085 0.0268555
-1.63101 0.0292969

-1.63101 0.0292969
-1.63112 0.0317383

-1.63113 0.0317383
-1.63113 0.0341797

-1.63115 0.0341797
-1.63097 0.0366211

-1.63101 0.0366211
-1.63053 0.0390625

-1.6306 0.0390625
-1.62988 0.0408443

-1.62988 0.0409269
-1.62965 0.0415039

-1.62974 0.0415039
-1.62785 0.0439453

-1.62792 0.0439453
-1.62744 0.0444147

-1.62744 0.0443306
-1.625 0.046143

-1.625 0.0460416
-1.62415 0.0463867

-1.62413 0.0463867
-1.62256 0.0470242

-1.62256 0.0469587
-1.62012 0.0474758

-1.62012 0.0474408
-1.61768 0.0476912

-1.61768 0.0476704
-1.61523 0.0477658

-1.61523 0.0477527
-1.61279 0.0477611

-1.61279 0.0477537
-1.61035 0.0477161

-1.61035 0.047713
-1.60791 0.0476506

-1.60791 0.0476488
-1.60547 0.0475713

-1.60547 0.04757
-1.60303 0.0474837

-1.60303 0.047483
-1.60059 0.0473922

-1.60059 0.0473904
-1.59814 0.0472998

-1.59814 0.0472984
-1.5957 0.0472146

-1.5957 0.0472129
-1.59326 0.047142

-1.59326 0.0471407
-1.59082 0.0470889

-1.59082 0.047088
-1.58838 0.0470598

-1.58838 0.0470589
-1.58594 0.0470579

-1.58594 0.0470574
-1.5835 0.0470863

-1.5835 0.0470857
-1.58105 0.0471471

-1.58105 0.047147
-1.57861 0.0472423

-1.57861 0.0472421
-1.57617 0.0473719

-1.57617 0.0473717
-1.57373 0.0475369

-1.57373 0.0475365
-1.57129 0.0477382

-1.57129 0.0477378
-1.56885 0.0479776

-1.56885 0.0479774
-1.56641 0.0482565

-1.56641 0.0482563
-1.56396 0.0485757

-1.56396 0.0485767
-1.56223 0.0488281

-1.56228 0.0488281
-1.56152 0.048938

-1.56152 0.0489313
-1.55908 0.0493135

-1.55908 0.0493114
-1.55664 0.0497286

-1.55664 0.0497269
-1.5542 0.0501865

-1.5542 0.0501846
-1.55176 0.0506937

-1.55176 0.0506965
-1.54932 0.0512534

-1.54935 0.0512695
-1.54932 0.0512781

-1.54932 0.0512533
-1.54925 0.0512695

-1.54927 0.0512695
-1.54688 0.0518485

-1.54688 0.0518437
-1.54443 0.0524694

-1.54443 0.052466
-1.54199 0.0531427

-1.54199 0.0531452
-1.54008 0.0537109

-1.54013 0.0537109
-1.53955 0.0538829

-1.53955 0.0538724
-1.53711 0.0546257

-1.53711 0.0546185
-1.53467 0.0554147

-1.53467 0.0554166
-1.53254 0.0561523

-1.5326 0.0561523
-1.53223 0.0562797

-1.53223 0.0562673
-1.52979 0.0571423

-1.52979 0.0571338
-1.52734 0.0580485

-1.52734 0.0580516
-1.52595 0.0585938

-1.52599 0.0585938
-1.5249 0.0590182

-1.5249 0.0590058
-1.52246 0.0599868

-1.52246 0.0599838
-1.52002 0.0610083

-1.52003 0.0610352
-1.52002 0.0610375

-1.52002 0.0610081
-1.51996 0.0610352

-1.51998 0.0610352
-1.51758 0.0620743

-1.51758 0.0620641
-1.51514 0.0631583

-1.51514 0.0631634
-1.51446 0.0634766

-1.51448 0.0634766
-1.5127 0.0642997

-1.5127 0.0642868
-1.51025 0.0654427

-1.51025 0.0654447
-1.50928 0.065918

-1.50931 0.065918
-1.50781 0.066644

-1.50781 0.0666307
-1.50537 0.0678488

-1.50537 0.0678511
-1.50438 0.0683594

-1.5044 0.0683594
-1.50293 0.0691103

-1.50293 0.0690968
-1.50049 0.0703691

-1.50049 0.0703711
-1.49968 0.0708008

-1.4997 0.0708008
-1.49805 0.0716789

-1.49805 0.0716668
-1.49561 0.0729895

-1.49561 0.0729927
-1.49515 0.0732422

-1.49517 0.0732422
-1.49316 0.0743469

-1.49316 0.0743379
-1.49076 0.0756836

-1.4908 0.0756836
-1.49072 0.0757285

-1.49072 0.0757109
-1.48828 0.0771018

-1.48828 0.0770941
-1.4865 0.078125

-1.48653 0.078125
-1.48584 0.0785216

-1.48584 0.0785083
-1.4834 0.0799417

-1.4834 0.0799392
-1.48234 0.0805664

-1.48236 0.0805664
-1.48096 0.0814002

-1.48096 0.0813889
-1.47852 0.082859

-1.47852 0.0828626
-1.47827 0.0830078

-1.47828 0.0830078
-1.47607 0.0843571

-1.47607 0.0843494
-1.47429 0.0854492

-1.47432 0.0854492
-1.47363 0.0858747

-1.47363 0.0858612
-1.47119 0.0873944

-1.47119 0.0873936
-1.47041 0.0878906

-1.47042 0.0878906
-1.46875 0.0889539

-1.46875 0.0889457
-1.4666 0.090332

-1.46663 0.090332
-1.46631 0.0905319

-1.46631 0.0905207
-1.46387 0.0921136

-1.46387 0.09211
-1.46286 0.0927734

-1.46287 0.0927734
-1.46143 0.0937275

-1.46143 0.0937199
-1.45918 0.0952148

-1.45921 0.0952148
-1.45898 0.0953595

-1.45898 0.0953477
-1.45654 0.0969912

-1.45654 0.0969886
-1.45555 0.0976562

-1.45557 0.0976562
-1.4541 0.0986529

-1.4541 0.0986455
-1.45198 0.100098

-1.452 0.100098
-1.45166 0.100329

-1.45166 0.100319
-1.44922 0.102008

-1.44922 0.10201
-1.44845 0.102539

-1.44846 0.102539
-1.44678 0.103714

-1.44678 0.103708
-1.44496 0.10498

-1.44499 0.10498
-1.44434 0.105428

-1.44434 0.105423
-1.44189 0.107151

-1.44189 0.107152
-1.44151 0.107422

-1.44152 0.107422
-1.43945 0.108894

-1.43945 0.108889
-1.43809 0.109863

-1.43811 0.109863
-1.43701 0.110647

-1.43701 0.110642
-1.43471 0.112305

-1.43473 0.112305
-1.43457 0.112417

-1.43457 0.112407
-1.43213 0.114184

-1.43213 0.114187
-1.43135 0.114746

-1.43136 0.114746
-1.42969 0.115972

-1.42969 0.115967
-1.42803 0.117188

-1.42805 0.117188
-1.42725 0.117764

-1.42725 0.117762
-1.4248 0.119569

-1.4248 0.119569
-1.42472 0.119629

-1.42473 0.119629
-1.42236 0.121389

-1.42236 0.121392
-1.42144 0.12207

-1.42146 0.12207
-1.41992 0.123219

-1.41992 0.123214
-1.4182 0.124512

-1.41821 0.124512
-1.41748 0.125055

-1.41748 0.125053
-1.41504 0.1269

-1.41504 0.1269
-1.41497 0.126953

-1.41497 0.126953
-1.4126 0.128759

-1.4126 0.128761
-1.41175 0.129395

-1.41177 0.129395
-1.41016 0.130627

-1.41016 0.130623
-1.40857 0.131836

-1.40859 0.131836
-1.40771 0.132497

-1.40771 0.132498
-1.40541 0.134277

-1.40542 0.134277
-1.40527 0.134391

-1.40527 0.134382
-1.40283 0.136278

-1.40283 0.136278
-1.40226 0.136719

-1.40227 0.136719
-1.40039 0.138185

-1.40039 0.138187
-1.39913 0.13916

-1.39916 0.13916
-1.39795 0.140096

-1.39795 0.140098
-1.39604 0.141602

-1.39605 0.141602
-1.39551 0.142026

-1.39551 0.142021
-1.39307 0.143954

-1.39307 0.143955
-1.39295 0.144043

-1.39296 0.144043
-1.39062 0.145897

-1.39062 0.145897
-1.38988 0.146484

-1.38989 0.146484
-1.38818 0.147846

-1.38818 0.147849
-1.38683 0.148926

-1.38685 0.148926
-1.38574 0.149797

-1.38574 0.149801
-1.3838 0.151367

-1.3838 0.151367
-1.3833 0.151769

-1.3833 0.151765
-1.38086 0.153738

-1.38086 0.153738
-1.38077 0.153809

-1.38077 0.153809
-1.37842 0.155721

-1.37842 0.15572
-1.37776 0.15625

-1.37777 0.15625
-1.37598 0.157711

-1.37598 0.157718
-1.37476 0.158691

-1.37479 0.158691
-1.37354 0.159702

-1.37354 0.159709
-1.3718 0.161133

-1.37181 0.161133
-1.37109 0.161714

-1.37109 0.161713
-1.36884 0.163574

-1.36884 0.163574
-1.36865 0.163732

-1.36865 0.163726
-1.36621 0.165747

-1.36621 0.165747
-1.36589 0.166016

-1.36589 0.166016
-1.36377 0.167777

-1.36377 0.167778
-1.36295 0.168457

-1.36296 0.168457
-1.36133 0.169812

-1.36133 0.169823
-1.36002 0.170898

-1.36004 0.170898
-1.35889 0.171853

-1.35889 0.171859
-1.35712 0.17334

-1.35713 0.17334
-1.35645 0.173912

-1.35645 0.17391
-1.35423 0.175781

-1.35424 0.175781
-1.354 0.175976

-1.354 0.175971
-1.35156 0.17804

-1.35156 0.17804
-1.35135 0.178223

-1.35135 0.178223
-1.34912 0.180118

-1.34912 0.180118
-1.34848 0.180664

-1.34848 0.180664
-1.34668 0.182202

-1.34668 0.182207
-1.34562 0.183105

-1.34564 0.183105
-1.34424 0.184283

-1.34424 0.184301
-1.34276 0.185547

-1.34278 0.185547
-1.3418 0.186383

-1.3418 0.186386
-1.33993 0.187988

-1.33994 0.187988
-1.33936 0.188484

-1.33936 0.188482
-1.33709 0.19043

-1.3371 0.19043
-1.33691 0.190588

-1.33691 0.190583
-1.33447 0.192688

-1.33447 0.192688
-1.33426 0.192871

-1.33426 0.192871
-1.33203 0.194797

-1.33203 0.194797
-1.33143 0.195312

-1.33144 0.195312
-1.32959 0.196909

-1.32959 0.196912
-1.32861 0.197754

-1.32863 0.197754
-1.32715 0.199017

-1.32715 0.199035
-1.32579 0.200195

-1.32581 0.200195
-1.32471 0.201143

-1.32471 0.201151
-1.32299 0.202637

-1.323 0.202637
-1.32227 0.203273

-1.32227 0.203273
-1.3202 0.205078

-1.3202 0.205078
-1.31982 0.205407

-1.31982 0.205404
-1.31741 0.20752

-1.31741 0.20752
-1.31738 0.207546

-1.31738 0.207542
-1.31494 0.209684

-1.31494 0.209683
-1.31462 0.209961

-1.31463 0.209961
-1.3125 0.211831

-1.3125 0.211831
-1.31185 0.212402

-1.31186 0.212402
-1.31006 0.213979

-1.31006 0.213985
-1.30908 0.214844

-1.30909 0.214844
-1.30762 0.216126

-1.30762 0.216142
-1.30631 0.217285

-1.30632 0.217285
-1.30518 0.218285

-1.30518 0.218296
-1.30354 0.219727

-1.30355 0.219727
-1.30273 0.220443

-1.30273 0.220445
-1.30078 0.222168

-1.30079 0.222168
-1.30029 0.222602

-1.30029 0.2226
-1.29802 0.224609

-1.29802 0.224609
-1.29785 0.224761

-1.29785 0.224759
-1.29541 0.226918

-1.29541 0.226917
-1.29526 0.227051

-1.29526 0.227051
-1.29297 0.229077

-1.29297 0.229077
-1.2925 0.229492

-1.2925 0.229492
-1.29053 0.231237

-1.29053 0.231238
-1.28974 0.231934

-1.28975 0.231934
-1.28809 0.233391

-1.28809 0.233402
-1.28698 0.234375

-1.28699 0.234375
-1.28564 0.23555

-1.28564 0.235566
-1.28421 0.236816

-1.28423 0.236816
-1.2832 0.237715

-1.2832 0.237723
-1.28146 0.239258

-1.28147 0.239258
-1.28076 0.239878

-1.28076 0.239879
-1.27871 0.241699

-1.27871 0.241699
-1.27832 0.242042

-1.27832 0.242041
-1.27595 0.244141

-1.27595 0.244141
-1.27588 0.244206

-1.27588 0.244203
-1.27344 0.246366

-1.27344 0.246366
-1.27319 0.246582

-1.27319 0.246582
-1.271 0.24853

-1.271 0.24853
-1.27044 0.249023

-1.27044 0.249023
-1.26855 0.250692

-1.26855 0.250696
-1.26768 0.251465

-1.2677 0.251465
-1.26611 0.252849

-1.26611 0.252864
-1.26492 0.253906

-1.26494 0.253906
-1.26367 0.255014

-1.26367 0.255031
-1.26216 0.256348

-1.26218 0.256348
-1.26123 0.25718

-1.26123 0.257186
-1.25941 0.258789

-1.25942 0.258789
-1.25879 0.259344

-1.25879 0.259345
-1.25666 0.26123

-1.25666 0.26123
-1.25635 0.261509

-1.25635 0.261508
-1.25391 0.263671

-1.25391 0.263672
-1.25391 0.263676

-1.25391 0.263672
-1.25146 0.265833

-1.25146 0.265832
-1.25115 0.266113

-1.25115 0.266113
-1.24902 0.267994

-1.24902 0.267994
-1.24839 0.268555

-1.24839 0.268555
-1.24658 0.270152

-1.24658 0.270158
-1.24563 0.270996

-1.24564 0.270996
-1.24414 0.272303

-1.24414 0.272321
-1.24286 0.273438

-1.24287 0.273438
-1.2417 0.274464

-1.2417 0.274479
-1.24009 0.275879

-1.2401 0.275879
-1.23926 0.276622

-1.23926 0.276626
-1.23733 0.27832

-1.23734 0.27832
-1.23682 0.278777

-1.23682 0.278777
-1.23456 0.280762

-1.23456 0.280762
-1.23438 0.280928

-1.23438 0.280927
-1.23193 0.283075

-1.23193 0.283075
-1.23179 0.283203

-1.23179 0.283203
-1.22949 0.285221

-1.22949 0.28522
-1.22901 0.285645

-1.22901 0.285645
-1.22705 0.287363

-1.22705 0.287365
-1.22622 0.288086

-1.22623 0.288086
-1.22461 0.289495

-1.22461 0.289509
-1.22343 0.290527

-1.22345 0.290527
-1.22217 0.29163

-1.22217 0.291646
-1.22063 0.292969

-1.22065 0.292969
-1.21973 0.293765

-1.21973 0.293772
-1.21785 0.29541

-1.21785 0.29541
-1.21729 0.295901

-1.21729 0.295902
-1.21505 0.297852

-1.21505 0.297852
-1.21484 0.298035

-1.21484 0.298033
-1.2124 0.300161

-1.2124 0.30016
-1.21225 0.300293

-1.21225 0.300293
-1.20996 0.302286

-1.20996 0.302286
-1.20944 0.302734

-1.20945 0.302734
-1.20752 0.304409

-1.20752 0.304412
-1.20663 0.305176

-1.20665 0.305176
-1.20508 0.306521

-1.20508 0.306537
-1.20382 0.307617

-1.20383 0.307617
-1.20264 0.308636

-1.20264 0.30865
-1.201 0.310059

-1.201 0.310059
-1.2002 0.310751

-1.2002 0.310755
-1.19817 0.3125

-1.19817 0.3125
-1.19775 0.312862

-1.19775 0.312863
-1.19534 0.314941

-1.19534 0.314941
-1.19531 0.314969

-1.19531 0.314968
-1.19287 0.31707

-1.19287 0.317069
-1.19251 0.317383

-1.19251 0.317383
-1.19043 0.319168

-1.19043 0.319169
-1.18966 0.319824

-1.18967 0.319824
-1.18799 0.321258

-1.18799 0.321269
-1.18681 0.322266

-1.18682 0.322266
-1.18555 0.323342

-1.18555 0.323358
-1.18396 0.324707

-1.18396 0.324707
-1.18311 0.325435

-1.18311 0.32544
-1.1811 0.327148

-1.18111 0.327148
-1.18066 0.327526

-1.18066 0.327525
-1.17824 0.32959

-1.17824 0.32959
-1.17822 0.329608

-1.17822 0.329608
-1.17578 0.331687

-1.17578 0.331687
-1.17538 0.332031

-1.17538 0.332031
-1.17334 0.333763

-1.17334 0.333766
-1.1725 0.334473

-1.17251 0.334473
-1.1709 0.33583

-1.1709 0.335844
-1.16961 0.336914

-1.16963 0.336914
-1.16846 0.337892

-1.16846 0.337902
-1.16673 0.339355

-1.16673 0.339355
-1.16602 0.339958

-1.16602 0.339962
-1.16384 0.341797

-1.16384 0.341797
-1.16357 0.342019

-1.16357 0.34202
-1.16113 0.344075

-1.16113 0.344075
-1.16094 0.344238

-1.16094 0.344238
-1.15869 0.346126

-1.15869 0.346126
-1.15803 0.34668

-1.15803 0.34668
-1.15625 0.348171

-1.15625 0.34818
-1.15511 0.349121

-1.15513 0.349121
-1.15381 0.350205

-1.15381 0.350219
-1.15219 0.351562

-1.1522 0.351562
-1.15137 0.352249

-1.15137 0.352253
-1.14927 0.354004

-1.14927 0.354004
-1.14893 0.354287

-1.14893 0.354288
-1.14648 0.356322

-1.14648 0.356322
-1.14634 0.356445

-1.14634 0.356445
-1.14404 0.358353

-1.14404 0.358354
-1.1434 0.358887

-1.1434 0.358887
-1.1416 0.360379

-1.1416 0.360387
-1.14045 0.361328

-1.14047 0.361328
-1.13916 0.362392

-1.13916 0.362405
-1.1375 0.36377

-1.13751 0.36377
-1.13672 0.364416

-1.13672 0.364421
-1.13455 0.366211

-1.13455 0.366211
-1.13428 0.366435

-1.13428 0.366436
-1.13184 0.368448

-1.13184 0.368448
-1.13159 0.368652

-1.13159 0.368652
-1.12939 0.370456

-1.12939 0.370458
-1.12861 0.371094

-1.12862 0.371094
-1.12695 0.372457

-1.12695 0.372468
-1.12563 0.373535

-1.12565 0.373535
-1.12451 0.374448

-1.12451 0.374457
-1.12265 0.375977

-1.12265 0.375977
-1.12207 0.376449

-1.12207 0.376452
-1.11966 0.378418

-1.11966 0.378418
-1.11963 0.378442

-1.11963 0.378443
-1.11719 0.380431

-1.11719 0.380432
-1.11666 0.380859

-1.11666 0.380859
-1.11475 0.382415

-1.11475 0.382422
-1.11364 0.383301

-1.11366 0.383301
-1.1123 0.384388

-1.1123 0.384396
-1.11064 0.385742

-1.11064 0.385742
-1.10986 0.386364

-1.10986 0.386369
-1.10762 0.388184

-1.10762 0.388184
-1.10742 0.38834

-1.10742 0.388342
-1.10498 0.39031

-1.10498 0.390311
-1.10459 0.390625

-1.10459 0.390625
-1.10254 0.392276

-1.10254 0.392281
-1.10155 0.393066

-1.10156 0.393066
-1.1001 0.394234

-1.1001 0.394239
-1.09851 0.395508

-1.09852 0.395508
-1.09766 0.396189

-1.09766 0.396195
-1.09547 0.397949

-1.09546 0.397949
-1.09521 0.398148

-1.09521 0.39815
-1.09277 0.400104

-1.09277 0.400104
-1.09241 0.400391

-1.09242 0.400391
-1.09033 0.402055

-1.09033 0.40206
-1.08935 0.402832

-1.08936 0.402832
-1.08789 0.403998

-1.08789 0.404003
-1.08629 0.405273

-1.0863 0.405273
-1.08545 0.405937

-1.08545 0.405943
-1.08322 0.407715

-1.08322 0.407715
-1.08301 0.407881

-1.08301 0.407883
-1.08057 0.409818

-1.08057 0.409819
-1.08014 0.410156

-1.08014 0.410156
-1.07812 0.41175

-1.07812 0.411758
-1.07704 0.412598

-1.07706 0.412598
-1.07568 0.413674

-1.07568 0.413678
-1.07396 0.415039

-1.07396 0.415039
-1.07324 0.415598

-1.07324 0.415603
-1.07086 0.41748

-1.07086 0.41748
-1.0708 0.417525

-1.0708 0.417527
-1.06836 0.419448

-1.06836 0.41945
-1.06775 0.419922

-1.06776 0.419922
-1.06592 0.421366

-1.06592 0.421372
-1.06464 0.422363

-1.06465 0.422363
-1.06348 0.423273

-1.06348 0.423281
-1.06153 0.424805

-1.06153 0.424805
-1.06104 0.42519

-1.06104 0.425193
-1.05859 0.427103

-1.05859 0.427103
-1.05841 0.427246

-1.05841 0.427246
-1.05615 0.42901

-1.05615 0.429015
-1.05528 0.429688

-1.05529 0.429688
-1.05371 0.430914

-1.05371 0.430916
-1.05215 0.432129

-1.05216 0.432129
-1.05127 0.432809

-1.05127 0.432817
-1.04902 0.43457

-1.04902 0.43457
-1.04883 0.434716

-1.04883 0.434718
-1.04639 0.436617

-1.04639 0.436618
-1.04587 0.437012

-1.04588 0.437012
-1.04395 0.438513

-1.04395 0.438518
-1.04273 0.439453

-1.04274 0.439453
-1.0415 0.4404

-1.0415 0.440406
-1.03958 0.441895

-1.03958 0.441895
-1.03906 0.442293

-1.03906 0.442296
-1.03662 0.444185

-1.03662 0.444185
-1.03642 0.444336

-1.03643 0.444336
-1.03418 0.446071

-1.03418 0.446077
-1.03326 0.446777

-1.03327 0.446777
-1.03174 0.447954

-1.03174 0.447955
-1.0301 0.449219

-1.0301 0.449219
-1.0293 0.44983

-1.0293 0.449836
-1.02693 0.45166

-1.02693 0.45166
-1.02686 0.451715

-1.02686 0.451717
-1.02441 0.453596

-1.02441 0.453598
-1.02375 0.454102

-1.02376 0.454102
-1.02197 0.455473

-1.02197 0.455475
-1.02058 0.456543

-1.02059 0.456543
-1.01953 0.457338

-1.01953 0.457346
-1.0174 0.458984

-1.01739 0.458984
-1.01709 0.459216

-1.01709 0.459218
-1.01465 0.461089

-1.01465 0.461091
-1.01421 0.461426

-1.01421 0.461426
-1.01221 0.462959

-1.01221 0.462963
-1.01101 0.463867

-1.01102 0.463867
-1.00977 0.464821

-1.00977 0.464825
-1.00782 0.466309

-1.00782 0.466309
-1.00732 0.466686

-1.00732 0.46669
-1.00488 0.468554

-1.00488 0.468555
-1.00463 0.46875

-1.00463 0.46875
-1.00244 0.470417

-1.00244 0.470424
-1.00141 0.471191

-1.00143 0.471191
-1.0 0.472275

-1.0 0.472277
-0.998218 0.473633

-0.998221 0.473633
-0.997559 0.474129

-0.997559 0.474134
-0.995117 0.475991

-0.995117 0.475991
-0.995007 0.476074

-0.995008 0.476074
-0.992676 0.477846

-0.992676 0.477851
-0.991784 0.478516

-0.991794 0.478516
-0.990234 0.479699

-0.990234 0.479699
-0.988576 0.480957

-0.98858 0.480957
-0.987793 0.481543

-0.987793 0.48155
-0.985355 0.483398

-0.985352 0.483401
-0.98291 0.48525

-0.98291 0.485255
-0.982123 0.48584

-0.982131 0.48584
-0.980469 0.487097

-0.980469 0.487098
-0.978902 0.488281

-0.978909 0.488281
-0.978027 0.488934

-0.978027 0.488941
-0.975668 0.490723

-0.975666 0.490723
-0.975586 0.490783

-0.975586 0.490785
-0.973145 0.492626

-0.973145 0.49263
-0.972423 0.493164

-0.972431 0.493164
-0.970703 0.494466

-0.970703 0.494467
-0.96919 0.495605

-0.969198 0.495605
-0.968262 0.496295

-0.968262 0.496304
-0.965946 0.498047

-0.965944 0.498047
-0.96582 0.498139

-0.96582 0.498141
-0.963379 0.499977

-0.963379 0.499981
-0.962692 0.500488

-0.962699 0.500488
-0.960938 0.501811

-0.960938 0.501812
-0.959446 0.50293

-0.959455 0.50293
-0.958496 0.503635

-0.958496 0.503643
-0.956191 0.505371

-0.95619 0.505371
-0.956055 0.505472

-0.956055 0.505474
-0.953613 0.507303

-0.953613 0.507307
-0.952926 0.507812

-0.952934 0.507812
-0.951172 0.509132

-0.951172 0.509132
-0.949672 0.510254

-0.94968 0.510254
-0.94873 0.510951

-0.94873 0.510958
-0.946409 0.512695

-0.946406 0.512695
-0.946289 0.512782

-0.946289 0.512785
-0.943848 0.51461

-0.943848 0.514614
-0.943135 0.515137

-0.943143 0.515137
-0.941406 0.516434

-0.941406 0.516434
-0.939873 0.517578

-0.939881 0.517578
-0.938965 0.518248

-0.938965 0.518255
-0.936599 0.52002

-0.936598 0.52002
-0.936523 0.520075

-0.936523 0.520076
-0.934082 0.521896

-0.934082 0.5219
-0.933314 0.522461

-0.933324 0.522461
-0.931641 0.523714

-0.931641 0.523714
-0.930043 0.524902

-0.930051 0.524902
-0.929199 0.525522

-0.929199 0.52553
-0.926759 0.527344

-0.926758 0.527345
-0.924316 0.52916

-0.924316 0.529166
-0.923464 0.529785

-0.923474 0.529785
-0.921875 0.530972

-0.921875 0.530972
-0.920184 0.532227

-0.92019 0.532227
-0.919434 0.532776

-0.919434 0.532783
-0.916992 0.534593

-0.916992 0.534593
-0.916891 0.534668

-0.916891 0.534668
-0.914551 0.536402

-0.914551 0.536407
-0.913587 0.537109

-0.913596 0.537109
-0.912109 0.53821

-0.912109 0.53821
-0.910297 0.539551

-0.9103 0.539551
-0.909668 0.54001

-0.909668 0.540016
-0.907227 0.541821

-0.907227 0.541822
-0.906993 0.541992

-0.906995 0.541992
-0.904785 0.543625

-0.904785 0.543629
-0.903684 0.544434

-0.903692 0.544434
-0.902344 0.545426

-0.902344 0.545428
-0.900382 0.546875

-0.900384 0.546875
-0.899902 0.547225

-0.899902 0.547229
-0.897461 0.54903

-0.897461 0.549031
-0.897068 0.549316

-0.897072 0.549316
-0.89502 0.550829

-0.89502 0.550831
-0.893756 0.551758

-0.893762 0.551758
-0.892578 0.552624

-0.892578 0.552627
-0.890443 0.554199

-0.890442 0.554199
-0.890137 0.554421

-0.890137 0.554424
-0.887695 0.556221

-0.887695 0.556224
-0.887118 0.556641

-0.887125 0.556641
-0.885254 0.558016

-0.885254 0.558016
-0.883802 0.559082

-0.883809 0.559082
-0.882812 0.559804

-0.882812 0.559809
-0.880478 0.561523

-0.880476 0.561523
-0.880371 0.5616

-0.880371 0.561602
-0.87793 0.563394

-0.87793 0.563399
-0.877141 0.563965

-0.877151 0.563965
-0.875488 0.565184

-0.875488 0.565185
-0.873822 0.566406

-0.873828 0.566406
-0.873047 0.566967

-0.873047 0.566974
-0.870605 0.568763

-0.870605 0.568764
-0.87049 0.568848

-0.870491 0.568848
-0.868164 0.570552

-0.868164 0.570556
-0.86715 0.571289

-0.867157 0.571289
-0.865723 0.572338

-0.865723 0.572339
-0.86382 0.57373

-0.863823 0.57373
-0.863281 0.57412

-0.863281 0.574124
-0.86084 0.57591

-0.86084 0.575911
-0.860478 0.576172

-0.860482 0.576172
-0.858398 0.577695

-0.858398 0.577696
-0.857138 0.578613

-0.857144 0.578613
-0.855957 0.579475

-0.855957 0.579478
-0.853798 0.581055

-0.853794 0.581055
-0.853516 0.581256

-0.853516 0.581261
-0.851074 0.583043

-0.851074 0.583047
-0.850447 0.583496

-0.850454 0.583496
-0.848633 0.584825

-0.848633 0.584825
-0.847108 0.585938

-0.847115 0.585938
-0.846191 0.5866

-0.846191 0.586606
-0.84376 0.588379

-0.84376 0.588379
-0.84375 0.588386

-0.84375 0.588387
-0.841309 0.590167

-0.841309 0.590171
-0.840403 0.59082

-0.840411 0.59082
-0.838867 0.591946

-0.838867 0.591946
-0.837061 0.593262

-0.837065 0.593262
-0.836426 0.593718

-0.836426 0.593724
-0.833984 0.595502

-0.833984 0.595503
-0.833706 0.595703

-0.833709 0.595703
-0.831543 0.59728

-0.831543 0.597282
-0.830352 0.598145

-0.830357 0.598145
-0.829102 0.599055

