-1.74149 0.0
-1.7414 0.00976562

-1.7414 0.00976562
-1.74115 0.0195312

-1.74115 0.0195312
-1.74072 0.0292969

-1.74072 0.0292969
-1.74012 0.0390625

-1.74012 0.0390625
-1.73935 0.0488281

-1.73935 0.0488281
-1.7384 0.0585938

-1.73841 0.0585938
-1.73727 0.0683594

-1.73727 0.0683594
-1.73596 0.078125

-1.73596 0.078125
-1.73446 0.0878906

-1.73445 0.0878906
-1.73277 0.0976562

-1.73278 0.0976562
-1.73242 0.0995306

-1.73242 0.0995142
-1.73092 0.107422

-1.73092 0.107422
-1.72888 0.117188

-1.72887 0.117188
-1.72666 0.126953

-1.72665 0.126953
-1.72427 0.136719

-1.72427 0.136719
-1.72266 0.14295

-1.72266 0.142922
-1.72173 0.146484

-1.72174 0.146484
-1.71906 0.15625

-1.71905 0.15625
-1.71625 0.166016

-1.71624 0.166016
-1.71333 0.175781

-1.71335 0.175781
-1.71289 0.177268

-1.71289 0.177188
-1.71032 0.185547

-1.71032 0.185547
-1.70724 0.195312

-1.70723 0.195312
-1.7041 0.205078

-1.70412 0.205078
-1.70312 0.208134

-1.70312 0.208059
-1.70093 0.214844

-1.70093 0.214844
-1.69774 0.224609

-1.69774 0.224609
-1.69454 0.234375

-1.69455 0.234375
-1.69336 0.238023

-1.69336 0.237962
-1.69134 0.244141

-1.69135 0.244141
-1.68815 0.253906

-1.68815 0.253906
-1.68493 0.263672

-1.68494 0.263672
-1.68359 0.267724

-1.68359 0.267703
-1.68169 0.273438

-1.6817 0.273438
-1.67838 0.283203

-1.6784 0.283203
-1.67493 0.292969

-1.67494 0.292969
-1.67383 0.295898

-1.67383 0.295966
-1.67126 0.302734

-1.6713 0.302734
-1.66722 0.3125

-1.66729 0.3125
-1.66406 0.319211

-1.66406 0.319268
-1.66262 0.322266

-1.66269 0.322266
-1.65702 0.332031

-1.65713 0.332031
-1.6543 0.336076

-1.6543 0.336029
-1.64999 0.341797

-1.65002 0.341797
-1.64453 0.347693

-1.64453 0.347667
-1.64 0.351562

-1.64023 0.351562
-1.63477 0.355784

-1.63477 0.35569
-1.62509 0.361328

-1.62551 0.361328
-1.625 0.361601

-1.625 0.361288
-1.6249 0.361328

-1.62482 0.361328
-1.61523 0.365178

-1.61523 0.365033
-1.60547 0.367733

-1.60547 0.367676
-1.5957 0.369563

-1.5957 0.369492
-1.58594 0.370814

-1.58664 0.371094
-1.58594 0.371189

-1.58594 0.370765
-1.58253 0.371094

-1.58295 0.371094
-1.57617 0.371747

-1.57617 0.3717
-1.56641 0.372378

-1.56641 0.372357
-1.55664 0.372878

-1.55664 0.372863
-1.54688 0.373302

-1.54688 0.373291
-1.53711 0.373703

-1.53711 0.373692
-1.52734 0.37412

-1.52734 0.374113
-1.51758 0.374591

-1.51758 0.374587
-1.50781 0.375136

-1.50781 0.37513
-1.49805 0.375771

-1.49805 0.375769
-1.48828 0.376515

-1.48828 0.376512
-1.47852 0.377375

-1.47852 0.377374
-1.46875 0.378363

-1.46875 0.378362
-1.45898 0.37948

-1.45913 0.380859
-1.45898 0.380876

-1.45898 0.379472
-1.44922 0.380721

-1.4503 0.380859
-1.44922 0.380998

-1.44922 0.380725
-1.44826 0.380859

-1.44833 0.380859
-1.43945 0.382107

-1.43945 0.3821
-1.42969 0.383594

-1.42969 0.383594
-1.41992 0.385223

-1.41992 0.385224
-1.41016 0.386987

-1.41016 0.386986
-1.40039 0.388886

-1.40039 0.388887
-1.392 0.390625

-1.40044 0.390625
-1.40039 0.390635

-1.39222 0.390625
-1.39062 0.390956

-1.39062 0.390917
-1.38086 0.393045

-1.38086 0.39304
-1.37109 0.395285

-1.37109 0.395285
-1.36133 0.397656

-1.36133 0.397659
-1.35156 0.400147

-1.35195 0.400391
-1.35156 0.400489

-1.35156 0.400148
-1.35064 0.400391

-1.35068 0.400391
-1.3418 0.402734

-1.3418 0.402725
-1.33203 0.405395

-1.33203 0.405393
-1.32227 0.408178

-1.32227 0.408186
-1.31557 0.410156

-1.31565 0.410156
-1.3125 0.411083

-1.3125 0.411063
-1.30273 0.414003

-1.30273 0.413995
-1.29297 0.417025

-1.29297 0.417031
-1.28391 0.419922

-1.28406 0.419922
-1.2832 0.420195

-1.2832 0.420158
-1.27344 0.42333

-1.27344 0.423317
-1.26367 0.426561

-1.26367 0.426566
-1.2545 0.429688

-1.25463 0.429688
-1.25391 0.429935

-1.25391 0.4299
-1.24414 0.433271

-1.24414 0.433255
-1.23438 0.436689

-1.23438 0.436696
-1.22669 0.439453

-1.22677 0.439453
-1.22461 0.440228

-1.22461 0.440209
-1.21484 0.443756

-1.21484 0.44374
-1.20508 0.447355

-1.20508 0.447367
-1.20016 0.449219

-1.2002 0.449219
-1.19531 0.451059

-1.19531 0.451042
-1.18555 0.45476

-1.18555 0.454752
-1.17578 0.458543

-1.17586 0.458984
-1.17578 0.459015

-1.17578 0.458555
-1.17469 0.458984

-1.17471 0.458984
-1.16602 0.462403

-1.16602 0.462384
-1.15625 0.466277

-1.15625 0.466281
-1.15016 0.46875

-1.15021 0.46875
-1.14648 0.47026

-1.14648 0.470246
-1.13672 0.474246

-1.13672 0.474236
-1.12695 0.478299

-1.12705 0.478516
-1.12695 0.478558

-1.12695 0.478313
-1.12647 0.478516

-1.12648 0.478516
-1.11719 0.48243

-1.11719 0.482411
-1.10742 0.486571

-1.10742 0.48658
-1.10348 0.488281

-1.10351 0.488281
-1.09766 0.490807

-1.09766 0.490793
-1.08789 0.495045

-1.08789 0.495041
-1.08107 0.498047

-1.08112 0.498047
-1.07812 0.499367

-1.07812 0.499356
-1.06836 0.503695

-1.06836 0.503683
-1.05916 0.507812

-1.05923 0.507812
-1.05859 0.508099

-1.05859 0.508084
-1.04883 0.512504

-1.04883 0.512488
-1.03906 0.516945

-1.03906 0.516957
-1.03771 0.517578

-1.03772 0.517578
-1.0293 0.521456

-1.0293 0.521441
-1.01953 0.525966

-1.01953 0.525973
-1.0166 0.527344

-1.01661 0.527344
-1.00977 0.530542

-1.00977 0.53053
-1.0 0.53512

-1.0 0.53512
-0.995798 0.537109

-0.995822 0.537109
-0.990234 0.539755

-0.990234 0.539746
-0.980469 0.544397

-0.980469 0.544393
-0.975292 0.546875

-0.975321 0.546875
-0.970703 0.549089

-0.970703 0.549082
-0.960938 0.553793

-0.960938 0.553786
-0.955059 0.556641

-0.955089 0.556641
-0.951172 0.558543

-0.951172 0.558536
-0.941406 0.563306

-0.941406 0.563298
-0.935083 0.566406

-0.935113 0.566406
-0.931641 0.568113

-0.931641 0.568106
-0.921875 0.572935

-0.921875 0.572927
-0.915351 0.576172

-0.915379 0.576172
-0.912109 0.577798

-0.912109 0.577792
-0.902344 0.582678

-0.902344 0.582671
-0.895853 0.585938

-0.895878 0.585938
-0.892578 0.587598

-0.892578 0.587593
-0.882812 0.592538

-0.882812 0.592531
-0.876585 0.595703

-0.876605 0.595703
-0.873047 0.597516

