-1.70745 0.0
-1.70742 0.00488281

-1.70743 0.00488281
-1.70734 0.00976562

-1.70734 0.00976562
-1.7072 0.0146484

-1.7072 0.0146484
-1.70701 0.0195312

-1.70701 0.0195312
-1.70676 0.0244141

-1.70676 0.0244141
-1.70645 0.0292969

-1.70645 0.0292969
-1.70609 0.0341797

-1.70609 0.0341797
-1.70568 0.0390625

-1.70568 0.0390625
-1.70522 0.0439453

-1.70522 0.0439453
-1.7047 0.0488281

-1.7047 0.0488281
-1.70414 0.0537109

-1.70414 0.0537109
-1.70353 0.0585938

-1.70353 0.0585938
-1.70312 0.0616222

-1.70312 0.0616078
-1.70288 0.0634766

-1.70288 0.0634766
-1.70219 0.0683594

-1.70219 0.0683594
-1.70147 0.0732422

-1.70146 0.0732422
-1.70071 0.078125

-1.70071 0.078125
-1.69992 0.0830078

-1.69991 0.0830078
-1.6991 0.0878906

-1.6991 0.0878906
-1.69825 0.0927734

-1.69826 0.0927734
-1.69824 0.0928655

-1.69824 0.0928403
-1.69739 0.0976562

-1.69739 0.0976562
-1.69651 0.102539

-1.6965 0.102539
-1.6956 0.107422

-1.6956 0.107422
-1.69468 0.112305

-1.69468 0.112305
-1.69376 0.117188

-1.69376 0.117188
-1.69336 0.119292

-1.69336 0.11927
-1.69283 0.12207

-1.69283 0.12207
-1.69189 0.126953

-1.69189 0.126953
-1.69095 0.131836

-1.69095 0.131836
-1.69001 0.136719

-1.69001 0.136719
-1.68907 0.141602

-1.68907 0.141602
-1.68848 0.144693

-1.68848 0.144675
-1.68813 0.146484

-1.68813 0.146484
-1.6872 0.151367

-1.6872 0.151367
-1.68627 0.15625

-1.68627 0.15625
-1.68535 0.161133

-1.68535 0.161133
-1.68443 0.166016

-1.68443 0.166016
-1.68359 0.17051

-1.68359 0.1705
-1.68352 0.170898

-1.68352 0.170898
-1.68262 0.175781

-1.68262 0.175781
-1.68171 0.180664

-1.68171 0.180664
-1.68081 0.185547

-1.68081 0.185547
-1.67989 0.19043

-1.6799 0.19043
-1.67897 0.195312

-1.67897 0.195312
-1.67871 0.196659

-1.67871 0.196653
-1.67802 0.200195

-1.67803 0.200195
-1.67705 0.205078

-1.67705 0.205078
-1.67603 0.209961

-1.67604 0.209961
-1.67496 0.214844

-1.67496 0.214844
-1.67383 0.219622

-1.67383 0.21963
-1.67381 0.219727

-1.67381 0.219727
-1.67254 0.224609

-1.67255 0.224609
-1.67116 0.229492

-1.67117 0.229492
-1.6696 0.234375

-1.6696 0.234375
-1.66895 0.23614

-1.66895 0.236172
-1.6678 0.239258

-1.66781 0.239258
-1.6657 0.244141

-1.66574 0.244141
-1.66406 0.247397

-1.66406 0.247401
-1.66323 0.249023

-1.66325 0.249023
-1.66021 0.253906

-1.66024 0.253906
-1.65918 0.255404

-1.65918 0.255329
-1.65651 0.258789

-1.65652 0.258789
-1.6543 0.261236

-1.6543 0.261213
-1.65173 0.263672

-1.65179 0.263672
-1.64941 0.265701

-1.64941 0.265685
-1.64543 0.268555

-1.64555 0.268555
-1.64453 0.269223

-1.64453 0.26916
-1.63965 0.271942

-1.63965 0.271893
-1.63625 0.273438

-1.63635 0.273438
-1.63477 0.274158

-1.63477 0.274093
-1.62988 0.275874

-1.62988 0.275851
-1.625 0.277308

-1.625 0.277292
-1.62082 0.27832

-1.62095 0.27832
-1.62012 0.278526

-1.62012 0.278485
-1.61523 0.279475

-1.61523 0.279465
-1.61035 0.280293

-1.61035 0.280286
-1.60547 0.280988

-1.60547 0.280983
-1.60059 0.281586

-1.60059 0.281581
-1.5957 0.282107

-1.5957 0.282102
-1.59082 0.282573

-1.59082 0.282568
-1.58594 0.283

-1.59092 0.283203
-1.59082 0.283213

-1.58647 0.283203
-1.58594 0.28325

-1.58594 0.282995
-1.58341 0.283203

-1.58355 0.283203
-1.58105 0.283409

-1.58105 0.283399
-1.57617 0.283784

-1.57617 0.283781
-1.57129 0.284159

-1.57129 0.284157
-1.56641 0.284536

-1.56641 0.284534
-1.56152 0.284921

-1.56152 0.284919
-1.55664 0.285321

-1.55664 0.28532
-1.55176 0.285744

-1.55176 0.285744
-1.54688 0.286195

-1.54688 0.286194
-1.54199 0.286674

-1.54199 0.286672
-1.53711 0.287187

-1.53714 0.288086
-1.53711 0.288089

-1.53711 0.287188
-1.53223 0.28774

-1.53252 0.288086
-1.53223 0.288119

-1.53223 0.287738
-1.52932 0.288086

-1.52941 0.288086
-1.52734 0.288333

-1.52734 0.288326
-1.52246 0.288946

-1.52246 0.288945
-1.51758 0.289604

-1.51758 0.289604
-1.5127 0.290304

-1.5127 0.290303
-1.50781 0.291044

-1.50781 0.291044
-1.50293 0.291827

-1.50293 0.291826
-1.49805 0.292652

-1.49805 0.292651
-1.49625 0.292969

-1.49824 0.292969
-1.49805 0.293002

-1.49628 0.292969
-1.49316 0.293519

-1.49316 0.293514
-1.48828 0.294413

-1.48828 0.294413
-1.4834 0.295355

-1.4834 0.295355
-1.47852 0.296343

-1.47852 0.296342
-1.47363 0.297378

-1.47372 0.297852
-1.47363 0.297869

-1.47363 0.297379
-1.47149 0.297852

-1.47151 0.297852
-1.46875 0.298461

-1.46875 0.298455
-1.46387 0.299569

-1.46387 0.299569
-1.45898 0.300727

-1.45898 0.300727
-1.4541 0.301933

-1.4541 0.301934
-1.45096 0.302734

-1.451 0.302734
-1.44922 0.303188

-1.44922 0.303179
-1.44434 0.304457

-1.44434 0.304455
-1.43945 0.305777

-1.43945 0.305776
-1.43457 0.307145

-1.43462 0.307617
-1.43457 0.307631

-1.43457 0.307148
-1.43294 0.307617

-1.43295 0.307617
-1.42969 0.308558

-1.42969 0.308553
-1.4248 0.309993

-1.4248 0.309992
-1.41992 0.311479

-1.41992 0.311481
-1.41666 0.3125

-1.41669 0.3125
-1.41504 0.313015

-1.41504 0.313006
-1.41016 0.31456

-1.41016 0.314557
-1.40527 0.316151

-1.40527 0.316152
-1.40159 0.317383

-1.40163 0.317383
-1.40039 0.317796

-1.40039 0.317786
-1.39551 0.319448

-1.39551 0.319444
-1.39062 0.321145

-1.39062 0.321146
-1.38748 0.322266

-1.38751 0.322266
-1.38574 0.322893

-1.38574 0.322885
-1.38086 0.324648

-1.38086 0.324645
-1.37598 0.326445

-1.37598 0.326449
-1.37411 0.327148

-1.37413 0.327148
-1.37109 0.328286

-1.37109 0.328278
-1.36621 0.330136

-1.36621 0.330136
-1.36133 0.332029

-1.36145 0.332031
-1.36133 0.332078

-1.36133 0.332033
-1.35645 0.333952

-1.35645 0.333946
-1.35156 0.335896

-1.35156 0.335898
-1.34906 0.336914

-1.34908 0.336914
-1.34668 0.337886

-1.34668 0.337878
-1.3418 0.33988

-1.3418 0.33988
-1.33719 0.341797

-1.33724 0.341797
-1.33691 0.341933

-1.33691 0.341916
-1.33203 0.343971

-1.33203 0.343965
-1.32715 0.346047

-1.32715 0.346051
-1.32569 0.34668

-1.3257 0.34668
-1.32227 0.348161

-1.32227 0.348153
-1.31738 0.35028

-1.31738 0.350281
-1.31447 0.351562

-1.3145 0.351562
-1.3125 0.352441

-1.3125 0.352433
-1.30762 0.354602

-1.30762 0.354601
-1.30351 0.356445

-1.30354 0.356445
-1.30273 0.356809

-1.30273 0.356798
-1.29785 0.35901

-1.29785 0.359007
-1.29297 0.36124

-1.29304 0.361328
-1.29297 0.36136

-1.29297 0.361244
-1.29279 0.361328

-1.29279 0.361328
-1.28809 0.363495

-1.28809 0.363488
-1.2832 0.365756

-1.2832 0.365762
-1.28224 0.366211

-1.28225 0.366211
-1.27832 0.36805

-1.27832 0.368043
-1.27344 0.370345

-1.27344 0.370349
-1.27187 0.371094

-1.27188 0.371094
-1.26855 0.372672

-1.26855 0.372664
-1.26367 0.374996

-1.26367 0.374998
-1.26164 0.375977

-1.26165 0.375977
-1.25879 0.377352

-1.25879 0.377344
-1.25391 0.379705

-1.25391 0.379706
-1.25153 0.380859

-1.25155 0.380859
-1.24902 0.382088

-1.24902 0.38208
-1.24414 0.384466

-1.24414 0.384466
-1.24154 0.385742

-1.24156 0.385742
-1.23926 0.386873

-1.23926 0.386865
-1.23438 0.389275

-1.23438 0.389275
-1.23165 0.390625

-1.23167 0.390625
-1.22949 0.391704

-1.22949 0.391696
-1.22461 0.394127

-1.22461 0.394127
-1.22185 0.395508

-1.22186 0.395508
-1.21973 0.396576

-1.21973 0.396569
-1.21484 0.39902

-1.21484 0.399019
-1.21212 0.400391

-1.21214 0.400391
-1.20996 0.401488

-1.20996 0.40148
-1.20508 0.40395

-1.20508 0.403949
-1.20247 0.405273

-1.20248 0.405273
-1.2002 0.406435

-1.2002 0.406427
-1.19531 0.408914

-1.19531 0.408914
-1.19288 0.410156

-1.19289 0.410156
-1.19043 0.411416

-1.19043 0.411408
-1.18555 0.413911

-1.18555 0.413912
-1.18335 0.415039

-1.18337 0.415039
-1.18066 0.416428

-1.18066 0.416421
-1.17578 0.41894

-1.17578 0.418941
-1.17389 0.419922

-1.1739 0.419922
-1.1709 0.421473

-1.1709 0.421466
-1.16602 0.424

-1.16602 0.424002
-1.16447 0.424805

-1.16448 0.424805
-1.16113 0.426547

-1.16113 0.426541
-1.15625 0.42909

-1.15625 0.429093
-1.15511 0.429688

-1.15512 0.429688
-1.15137 0.431652

-1.15137 0.431646
-1.14648 0.43421

-1.14648 0.434214
-1.14581 0.43457

-1.14581 0.43457
-1.1416 0.436786

-1.1416 0.436781
-1.13672 0.43936

-1.13675 0.439453
-1.13672 0.43947

-1.13672 0.439364
-1.13655 0.439453

-1.13655 0.439453
-1.13184 0.441951

-1.13184 0.441946
-1.12734 0.444336

-1.12736 0.444336
-1.12695 0.444552

-1.12695 0.444543
-1.12207 0.447145

-1.12207 0.44714
-1.11818 0.449219

-1.1182 0.449219
-1.11719 0.449759

-1.11719 0.449752
-1.1123 0.452369

-1.1123 0.452365
-1.10907 0.454102

-1.10909 0.454102
-1.10742 0.454997

-1.10742 0.454991
-1.10254 0.457622

-1.10254 0.45762
-1.10001 0.458984

-1.10003 0.458984
-1.09766 0.460265

-1.09766 0.460259
-1.09277 0.462905

-1.09277 0.462906
-1.091 0.463867

-1.09101 0.463867
-1.08789 0.465563

-1.08789 0.465558
-1.08301 0.468218

-1.08301 0.46822
-1.08204 0.46875

-1.08204 0.46875
-1.07812 0.47089

-1.07812 0.470885
-1.07324 0.47356

-1.07327 0.473633
-1.07324 0.473647

-1.07324 0.473564
-1.07312 0.473633

-1.07312 0.473633
-1.06836 0.476245

-1.06836 0.47624
-1.06422 0.478516

-1.06424 0.478516
-1.06348 0.478937

-1.06348 0.478931
-1.05859 0.481625

-1.05859 0.481622
-1.05538 0.483398

-1.05539 0.483398
-1.05371 0.48433

-1.05371 0.484324
-1.04883 0.487031

-1.04883 0.487029
-1.04657 0.488281

-1.04658 0.488281
-1.04395 0.489746

-1.04395 0.489742
-1.03906 0.492461

-1.03906 0.492462
-1.0378 0.493164

-1.03781 0.493164
-1.03418 0.495188

-1.03418 0.495184
-1.0293 0.497913

-1.02931 0.498047
-1.0293 0.498054

-1.0293 0.497917
-1.02906 0.498047

-1.02906 0.498047
-1.02441 0.500651

-1.02441 0.500647
-1.02034 0.50293

-1.02036 0.50293
-1.01953 0.503395

-1.01953 0.503389
-1.01465 0.506134

-1.01465 0.506131
-1.01166 0.507812

-1.01167 0.507812
-1.00977 0.508886

-1.00977 0.508882
-1.00488 0.511636

-1.00488 0.511635
-1.00301 0.512695

-1.00301 0.512695
-1.0 0.514397

-1.0 0.514393
-0.995117 0.517156

-0.995117 0.517158
-0.994374 0.517578

-0.994377 0.517578
-0.990234 0.519926

-0.990234 0.519922
-0.98576 0.522461

-0.985775 0.522461
-0.985352 0.5227

-0.985352 0.522695
-0.980469 0.525471

-0.980469 0.525467
-0.977171 0.527344

-0.977183 0.527344
-0.975586 0.528252

-0.975586 0.528248
-0.970703 0.531031

-0.970703 0.531029
-0.968605 0.532227

-0.968612 0.532227
-0.96582 0.533819

-0.96582 0.533816
-0.960938 0.536606

-0.960938 0.536608
-0.960059 0.537109

-0.960062 0.537109
-0.956055 0.539402

-0.956055 0.539399
-0.951528 0.541992

-0.951541 0.541992
-0.951172 0.542202

-0.951172 0.542199
-0.946289 0.545

-0.946289 0.544996
-0.943017 0.546875

-0.943028 0.546875
-0.941406 0.547806

-0.941406 0.547802
-0.936523 0.55061

-0.936523 0.550609
-0.934528 0.551758

-0.934534 0.551758
-0.931641 0.553423

-0.931641 0.55342
-0.926758 0.556236

-0.926758 0.556238
-0.926057 0.556641

-0.92606 0.556641
-0.921875 0.559057

-0.921875 0.559054
-0.917601 0.561523

-0.917613 0.561523
-0.916992 0.56188

-0.916992 0.561878
-0.912109 0.564704

-0.912109 0.564702
-0.909168 0.566406

-0.909176 0.566406
-0.907227 0.567536

-0.907227 0.567533
-0.902344 0.570367

-0.902344 0.570366
-0.900756 0.571289

-0.90076 0.571289
-0.897461 0.573206

-0.897461 0.573203
-0.892578 0.576045

-0.892578 0.576049
-0.892364 0.576172

-0.892364 0.576172
-0.887695 0.578893

-0.887695 0.578891
-0.883986 0.581055

-0.883995 0.581055
-0.882812 0.581744

-0.882812 0.581742
-0.87793 0.584596

-0.87793 0.584594
-0.875633 0.585938

-0.875639 0.585938
-0.873047 0.587454

-0.873047 0.587452
-0.868164 0.590315

-0.868164 0.590316
-0.867302 0.59082

-0.867306 0.59082
-0.863281 0.593183

-0.863281 0.593181
-0.858991 0.595703

-0.858999 0.595703
-0.858398 0.596053

-0.858398 0.596053
-0.853516 0.598929

