-1.63114 0.0
-1.63115 0.00244141

-1.63115 0.00244141
-1.63119 0.00488281

-1.63119 0.00488281
-1.63126 0.00732422

-1.63126 0.00732422
-1.63135 0.00976562

-1.63135 0.00976562
-1.63148 0.012207

-1.63148 0.012207
-1.63162 0.0146484

-1.63163 0.0146484
-1.6318 0.0170898

-1.6318 0.0170898
-1.63199 0.0195312

-1.63232 0.0231924
-1.63244 0.0244141

-1.63199 0.0195312
-1.63221 0.0219727

-1.63232 0.0231938
-1.63221 0.0219727

-1.63244 0.0244141
-1.63268 0.0268555

-1.63268 0.0268555
-1.63293 0.0292969

-1.63293 0.0292969
-1.63317 0.0317383

-1.63317 0.0317383
-1.63339 0.0341797

-1.6334 0.0341797
-1.63357 0.0366211

-1.63357 0.0366211
-1.63368 0.0390625

-1.63369 0.0390625
-1.63371 0.0415039

-1.63372 0.0415039
-1.63361 0.0439453

-1.63363 0.0439453
-1.6333 0.0463867

-1.63333 0.0463867
-1.63271 0.0488281

-1.63277 0.0488281
-1.63232 0.049768

-1.63232 0.0498346
-1.63164 0.0512695

-1.63171 0.0512695
-1.62988 0.0534865

-1.62988 0.0534635
-1.62962 0.0537109

-1.62962 0.0537109
-1.62744 0.0554012

-1.62744 0.0553157
-1.62564 0.0561523

-1.62566 0.0561523
-1.625 0.0564589

-1.625 0.0563906
-1.62256 0.0570467

-1.62256 0.0570112
-1.62012 0.0573838

-1.62012 0.0573629
-1.61768 0.0575647

-1.61768 0.0575547
-1.61523 0.0576477

-1.61523 0.0576406
-1.61279 0.0576591

-1.61279 0.0576571
-1.61035 0.0576193

-1.61035 0.0576136
-1.60791 0.057535

-1.60791 0.057532
-1.60547 0.0574302

-1.60547 0.0574267
-1.60303 0.0573147

-1.60303 0.0573116
-1.60059 0.0572026

-1.60059 0.0572004
-1.59814 0.0571051

-1.59814 0.0571029
-1.5957 0.0570301

-1.5957 0.0570293
-1.59326 0.0569852

-1.59326 0.0569845
-1.59082 0.0569718

-1.59082 0.0569718
-1.58838 0.0569917

-1.58838 0.0569916
-1.58594 0.0570441

-1.58594 0.0570444
-1.5835 0.0571289

-1.5835 0.0571295
-1.58105 0.0572439

-1.58105 0.0572436
-1.57861 0.0573871

-1.57861 0.0573872
-1.57617 0.0575602

-1.57617 0.0575595
-1.57373 0.0577632

-1.57373 0.0577634
-1.57129 0.0579989

-1.57129 0.0579987
-1.56885 0.058266

-1.56885 0.058266
-1.56641 0.0585643

-1.56656 0.0585938
-1.56641 0.0586128

-1.56641 0.058563
-1.56618 0.0585938

-1.5662 0.0585938
-1.56396 0.0588926

-1.56396 0.0588904
-1.56152 0.0592482

-1.56152 0.0592477
-1.55908 0.0596413

-1.55908 0.0596412
-1.55664 0.0600718

-1.55664 0.0600697
-1.5542 0.0605416

-1.5542 0.0605431
-1.55186 0.0610352

-1.55194 0.0610352
-1.55176 0.0610727

-1.55176 0.0610558
-1.54932 0.0616059

-1.54932 0.0616033
-1.54688 0.0621977

-1.54688 0.0621974
-1.54443 0.0628418

-1.54443 0.0628443
-1.54219 0.0634766

-1.54225 0.0634766
-1.54199 0.0635477

-1.54199 0.0635341
-1.53955 0.0642528

-1.53955 0.0642509
-1.53711 0.0650028

-1.53711 0.0650032
-1.53467 0.065791

-1.53468 0.065918
-1.53467 0.0659233

-1.53467 0.0657916
-1.53429 0.065918

-1.5343 0.065918
-1.53223 0.0666111

-1.53223 0.0666045
-1.52979 0.0674552

-1.52979 0.0674577
-1.52734 0.0683495

-1.5274 0.0683594
-1.52734 0.0683797

-1.52734 0.0683498
-1.52732 0.0683594

-1.52732 0.0683594
-1.5249 0.0692749

-1.5249 0.0692724
-1.52246 0.0702274

-1.52246 0.0702277
-1.52104 0.0708008

-1.52106 0.0708008
-1.52002 0.0712206

-1.52002 0.0712083
-1.51758 0.0722213

-1.51758 0.0722223
-1.51521 0.0732422

-1.51526 0.0732422
-1.51514 0.0732963

-1.51514 0.0732778
-1.5127 0.0743611

-1.5127 0.0743585
-1.51025 0.0754737

-1.51025 0.0754765
-1.50981 0.0756836

-1.50982 0.0756836
-1.50781 0.0766199

-1.50781 0.0766115
-1.50537 0.0777737

-1.50537 0.0777746
-1.50465 0.078125

-1.50467 0.078125
-1.50293 0.0789712

-1.50293 0.078964
-1.50049 0.0801799

-1.50049 0.0801842
-1.49973 0.0805664

-1.49975 0.0805664
-1.49805 0.0814253

-1.49805 0.0814141
-1.49561 0.0826635

-1.49561 0.0826629
-1.49495 0.0830078

-1.49496 0.0830078
-1.49316 0.0839441

-1.49316 0.0839384
-1.49072 0.0852396

-1.49072 0.0852426
-1.49034 0.0854492

-1.49035 0.0854492
-1.48828 0.0865687

-1.48828 0.0865625
-1.48585 0.0878906

-1.4859 0.0878906
-1.48584 0.0879208

-1.48584 0.0878997
-1.4834 0.0892591

-1.4834 0.0892554
-1.48149 0.090332

-1.48152 0.090332
-1.48096 0.090653

-1.48096 0.0906402
-1.47852 0.0920411

-1.47852 0.0920375
-1.47725 0.0927734

-1.47727 0.0927734
-1.47607 0.0934656

-1.47607 0.0934566
-1.47363 0.0948964

-1.47363 0.0948971
-1.4731 0.0952148

-1.47311 0.0952148
-1.47119 0.0963629

-1.47119 0.0963581
-1.46905 0.0976562

-1.46908 0.0976562
-1.46875 0.0978524

-1.46875 0.0978355
-1.46631 0.099338

-1.46631 0.0993389
-1.46509 0.100098

-1.46511 0.100098
-1.46387 0.10087

-1.46387 0.100859
-1.46143 0.102389

-1.46143 0.102391
-1.46119 0.102539

-1.46119 0.102539
-1.45898 0.103941

-1.45898 0.103937
-1.45736 0.10498

-1.45738 0.10498
-1.45654 0.105518

-1.45654 0.10551
-1.4541 0.107093

-1.4541 0.107092
-1.45359 0.107422

-1.4536 0.107422
-1.45166 0.108691

-1.45166 0.108688
-1.44988 0.109863

-1.44991 0.109863
-1.44922 0.110312

-1.44922 0.110301
-1.44678 0.111926

-1.44678 0.111928
-1.4462 0.112305

-1.44622 0.112305
-1.44434 0.113567

-1.44434 0.113561
-1.44258 0.114746

-1.44261 0.114746
-1.44189 0.115222

-1.44189 0.115218
-1.43945 0.116882

-1.43945 0.116882
-1.439 0.117188

-1.43901 0.117188
-1.43701 0.118557

-1.43701 0.118554
-1.43546 0.119629

-1.43548 0.119629
-1.43457 0.120251

-1.43457 0.120244
-1.43213 0.121941

-1.43213 0.121941
-1.43194 0.12207

-1.43194 0.12207
-1.42969 0.123653

-1.42969 0.123651
-1.42847 0.124512

-1.42848 0.124512
-1.42725 0.125383

-1.42725 0.12538
-1.42503 0.126953

-1.42505 0.126953
-1.4248 0.127126

-1.4248 0.127111
-1.42236 0.128857

-1.42236 0.128865
-1.42161 0.129395

-1.42163 0.129395
-1.41992 0.130622

-1.41992 0.130617
-1.41823 0.131836

-1.41825 0.131836
-1.41748 0.132382

-1.41748 0.13238
-1.41504 0.134153

-1.41504 0.134153
-1.41487 0.134277

-1.41487 0.134277
-1.4126 0.13594

-1.4126 0.135942
-1.41153 0.136719

-1.41155 0.136719
-1.41016 0.137741

-1.41016 0.137734
-1.40823 0.13916

-1.40824 0.13916
-1.40771 0.139547

-1.40771 0.139547
-1.40527 0.141364

-1.40527 0.141362
-1.40495 0.141602

-1.40495 0.141602
-1.40283 0.143188

-1.40283 0.14319
-1.40169 0.144043

-1.4017 0.144043
-1.40039 0.145028

-1.40039 0.145025
-1.39846 0.146484

-1.39847 0.146484
-1.39795 0.146875

-1.39795 0.146869
-1.39551 0.148726

-1.39551 0.148726
-1.39524 0.148926

-1.39525 0.148926
-1.39307 0.150596

-1.39307 0.150602
-1.39205 0.151367

-1.39207 0.151367
-1.39062 0.152475

-1.39062 0.15247
-1.38889 0.153809

-1.3889 0.153809
-1.38818 0.154359

-1.38818 0.154362
-1.38575 0.15625

-1.38577 0.15625
-1.38574 0.15627

-1.38574 0.156253
-1.3833 0.158155

-1.3833 0.158157
-1.38261 0.158691

-1.38262 0.158691
-1.38086 0.16007

-1.38086 0.16007
-1.3795 0.161133

-1.37952 0.161133
-1.37842 0.16198

-1.37842 0.161983
-1.3764 0.163574

-1.37641 0.163574
-1.37598 0.163915

-1.37598 0.16391
-1.37354 0.165847

-1.37354 0.165847
-1.37332 0.166016

-1.37332 0.166016
-1.37109 0.167795

-1.37109 0.167796
-1.37026 0.168457

-1.37027 0.168457
-1.36865 0.169752

-1.36865 0.169757
-1.36722 0.170898

-1.36724 0.170898
-1.36621 0.171715

-1.36621 0.171714
-1.3642 0.17334

-1.3642 0.17334
-1.36377 0.17369

-1.36377 0.17369
-1.36133 0.175672

-1.36133 0.17567
-1.36119 0.175781

-1.36119 0.175781
-1.35889 0.177658

-1.35889 0.17766
-1.35819 0.178223

-1.3582 0.178223
-1.35645 0.179659

-1.35645 0.179666
-1.35521 0.180664

-1.35523 0.180664
-1.354 0.181657

-1.354 0.181663
-1.35225 0.183105

-1.35226 0.183105
-1.35156 0.183677

-1.35156 0.183675
-1.3493 0.185547

-1.34931 0.185547
-1.34912 0.185703

-1.34912 0.185696
-1.34668 0.187724

-1.34668 0.187724
-1.34636 0.187988

-1.34636 0.187988
-1.34424 0.18976

-1.34424 0.189761
-1.34343 0.19043

-1.34344 0.19043
-1.3418 0.191799

-1.3418 0.191807
-1.3405 0.192871

-1.34053 0.192871
-1.33936 0.193838

-1.33936 0.193847
-1.33761 0.195312

-1.33762 0.195312
-1.33691 0.195898

-1.33691 0.195893
-1.3347 0.197754

-1.3347 0.197754
-1.33447 0.197949

-1.33447 0.197946
-1.33203 0.200003

-1.33203 0.200002
-1.3318 0.200195

-1.3318 0.200195
-1.32959 0.202063

-1.32959 0.202064
-1.32891 0.202637

-1.32892 0.202637
-1.32715 0.20413

-1.32715 0.204136
-1.32602 0.205078

-1.32604 0.205078
-1.32471 0.206193

-1.32471 0.206206
-1.32315 0.20752

-1.32316 0.20752
-1.32227 0.208275

-1.32227 0.208275
-1.32029 0.209961

-1.32029 0.209961
-1.31982 0.21036

-1.31982 0.210357
-1.31743 0.212402

-1.31744 0.212402
-1.31738 0.212449

-1.31738 0.212443
-1.31494 0.214535

-1.31494 0.214535
-1.31458 0.214844

-1.31458 0.214844
-1.3125 0.216633

-1.3125 0.216632
-1.31174 0.217285

-1.31175 0.217285
-1.31006 0.218729

-1.31006 0.218739
-1.3089 0.219727

-1.30892 0.219727
-1.30762 0.220831

-1.30762 0.220843
-1.30606 0.222168

-1.30608 0.222168
-1.30518 0.22294

-1.30518 0.222945
-1.30325 0.224609

-1.30326 0.224609
-1.30273 0.225059

-1.30273 0.225053
-1.30042 0.227051

-1.30042 0.227051
-1.30029 0.227165

-1.30029 0.227163
-1.29785 0.229275

-1.29785 0.229275
-1.2976 0.229492

-1.2976 0.229492
-1.29541 0.231389

-1.29541 0.231388
-1.29478 0.231934

-1.29478 0.231934
-1.29297 0.233502

-1.29297 0.233506
-1.29196 0.234375

-1.29197 0.234375
-1.29053 0.235607

-1.29053 0.235626
-1.28913 0.236816

-1.28915 0.236816
-1.28809 0.237726

-1.28809 0.237733
-1.28632 0.239258

-1.28633 0.239258
-1.28564 0.239845

-1.28564 0.239844
-1.2835 0.241699

-1.28351 0.241699
-1.2832 0.241963

-1.2832 0.241959
-1.28076 0.244075

-1.28076 0.244076
-1.28069 0.244141

-1.28069 0.244141
-1.27832 0.246194

-1.27832 0.246192
-1.27787 0.246582

-1.27787 0.246582
-1.27588 0.248311

-1.27588 0.248313
-1.27506 0.249023

-1.27507 0.249023
-1.27344 0.250426

-1.27344 0.250436
-1.27224 0.251465

-1.27225 0.251465
-1.271 0.252543

-1.271 0.252559
-1.26943 0.253906

-1.26944 0.253906
-1.26855 0.254672

-1.26855 0.254673
-1.26662 0.256348

-1.26663 0.256348
-1.26611 0.256791

-1.26611 0.256792
-1.26382 0.258789

-1.26383 0.258789
-1.26367 0.258926

-1.26367 0.258914
-1.26123 0.261037

-1.26123 0.261037
-1.26101 0.26123

-1.26101 0.26123
-1.25879 0.263161

-1.25879 0.26316
-1.2582 0.263672

-1.2582 0.263672
-1.25635 0.265282

-1.25635 0.265286
-1.25539 0.266113

-1.2554 0.266113
-1.25391 0.267397

-1.25391 0.267414
-1.25258 0.268555

-1.25259 0.268555
-1.25146 0.269523

-1.25146 0.269533
-1.24977 0.270996

-1.24978 0.270996
-1.24902 0.271648

-1.24902 0.271649
-1.24696 0.273438

-1.24697 0.273438
-1.24658 0.273772

-1.24658 0.27377
-1.24415 0.275879

-1.24416 0.275879
-1.24414 0.275893

-1.24414 0.275889
-1.2417 0.278008

-1.2417 0.278008
-1.24134 0.27832

-1.24134 0.27832
-1.23926 0.280126

-1.23926 0.280126
-1.23852 0.280762

-1.23853 0.280762
-1.23682 0.282238

-1.23682 0.282247
-1.2357 0.283203

-1.23572 0.283203
-1.23438 0.284348

-1.23438 0.284365
-1.23287 0.285645

-1.23289 0.285645
-1.23193 0.286462

-1.23193 0.286466
-1.23005 0.288086

-1.23007 0.288086
-1.22949 0.28858

-1.22949 0.288574
-1.22723 0.290527

-1.22723 0.290527
-1.22705 0.29068

-1.22705 0.290681
-1.22461 0.292785

-1.22461 0.292785
-1.2244 0.292969

-1.2244 0.292969
-1.22217 0.294887

-1.22217 0.294887
-1.22156 0.29541

-1.22156 0.29541
-1.21973 0.296986

-1.21973 0.296991
-1.21871 0.297852

-1.21873 0.297852
-1.21729 0.299075

-1.21729 0.299094
-1.21586 0.300293

-1.21588 0.300293
-1.21484 0.301174

-1.21484 0.301181
-1.21303 0.302734

-1.21303 0.302734
-1.2124 0.303271

-1.2124 0.303272
-1.21018 0.305176

-1.21018 0.305176
-1.20996 0.305363

-1.20996 0.305362
-1.20752 0.30745

-1.20752 0.307451
-1.20732 0.307617

-1.20733 0.307617
-1.20508 0.309537

-1.20508 0.309537
-1.20446 0.310059

-1.20447 0.310059
-1.20264 0.311619

-1.20264 0.311625
-1.2016 0.3125

-1.20162 0.3125
-1.2002 0.313691

-1.2002 0.313709
-1.19873 0.314941

-1.19874 0.314941
-1.19775 0.315768

-1.19775 0.315774
-1.19586 0.317383

-1.19587 0.317383
-1.19531 0.31785

-1.19531 0.317846
-1.19298 0.319824

-1.19298 0.319824
-1.19287 0.319915

-1.19287 0.319915
-1.19043 0.321983

-1.19043 0.321982
-1.19009 0.322266

-1.1901 0.322266
-1.18799 0.324047

-1.18799 0.324048
-1.1872 0.324707

-1.18721 0.324707
-1.18555 0.326105

-1.18555 0.326116
-1.1843 0.327148

-1.18432 0.327148
-1.18311 0.328159

-1.18311 0.32817
-1.18141 0.32959

-1.18142 0.32959
-1.18066 0.330219

-1.18066 0.330222
-1.17851 0.332031

-1.17852 0.332031
-1.17822 0.332277

-1.17822 0.332276
-1.17578 0.334326

-1.17578 0.334325
-1.1756 0.334473

-1.17561 0.334473
-1.17334 0.336372

-1.17334 0.336373
-1.17269 0.336914

-1.17269 0.336914
-1.1709 0.338415

-1.1709 0.338422
-1.16976 0.339355

-1.16978 0.339355
-1.16846 0.340442

-1.16846 0.340454
-1.16684 0.341797

-1.16685 0.341797
-1.16602 0.342484

-1.16602 0.342484
-1.1639 0.344238

-1.1639 0.344238
-1.16357 0.344511

-1.16357 0.344513
-1.16113 0.346539

-1.16113 0.346539
-1.16096 0.34668

-1.16096 0.34668
-1.15869 0.348562

-1.15869 0.348563
-1.15801 0.349121

-1.15802 0.349121
-1.15625 0.350582

-1.15625 0.350591
-1.15505 0.351562

-1.15508 0.351562
-1.15381 0.352591

-1.15381 0.352602
-1.15211 0.354004

-1.15211 0.354004
-1.15137 0.35461

-1.15137 0.354614
-1.14914 0.356445

-1.14915 0.356445
-1.14893 0.356628

-1.14893 0.356626
-1.14648 0.358634

-1.14648 0.358633
-1.14617 0.358887

-1.14618 0.358887
-1.14404 0.360639

-1.14404 0.360642
-1.1432 0.361328

-1.14321 0.361328
-1.1416 0.362639

-1.1416 0.362647
-1.14021 0.36377

-1.14023 0.36377
-1.13916 0.364627

-1.13916 0.364636
-1.13723 0.366211

-1.13723 0.366211
-1.13672 0.366629

-1.13672 0.366628
-1.13428 0.368617

-1.13428 0.368618
-1.13423 0.368652

-1.13423 0.368652
-1.13184 0.370605

-1.13184 0.370606
-1.13123 0.371094

-1.13124 0.371094
-1.12939 0.37259

-1.12939 0.372597
-1.12822 0.373535

-1.12824 0.373535
-1.12695 0.374562

-1.12695 0.374571
-1.12522 0.375977

-1.12522 0.375977
-1.12451 0.376543

-1.12451 0.376547
-1.1222 0.378418

-1.1222 0.378418
-1.12207 0.378521

-1.12207 0.378519
-1.11963 0.380488

-1.11963 0.38049
-1.11917 0.380859

-1.11917 0.380859
-1.11719 0.382454

-1.11719 0.382459
-1.11612 0.383301

-1.11614 0.383301
-1.11475 0.384407

-1.11475 0.384413
-1.11308 0.385742

-1.11309 0.385742
-1.1123 0.386363

-1.1123 0.386366
-1.11003 0.388184

-1.11003 0.388184
-1.10986 0.388316

-1.10986 0.388318
-1.10742 0.390268

-1.10742 0.390268
-1.10697 0.390625

-1.10697 0.390625
-1.10498 0.392216

-1.10498 0.392222
-1.1039 0.393066

-1.10392 0.393066
-1.10254 0.394156

-1.10254 0.394161
-1.10085 0.395508

-1.10085 0.395508
-1.1001 0.396098

-1.1001 0.396103
-1.09777 0.397949

-1.09777 0.397949
-1.09766 0.398042

-1.09766 0.398041
-1.09521 0.399978

-1.09521 0.399981
-1.09469 0.400391

-1.0947 0.400391
-1.09277 0.401913

-1.09277 0.401919
-1.0916 0.402832

-1.09162 0.402832
-1.09033 0.403834

-1.09033 0.40384
-1.08851 0.405273

-1.08852 0.405273
-1.08789 0.405761

-1.08789 0.405764
-1.08545 0.407686

-1.08545 0.407686
-1.08541 0.407715

-1.08541 0.407715
-1.08301 0.409607

-1.08301 0.409609
-1.0823 0.410156

-1.08231 0.410156
-1.08057 0.411525

-1.08057 0.411528
-1.07919 0.412598

-1.07921 0.412598
-1.07812 0.41343

-1.07812 0.413438
-1.07608 0.415039

-1.07608 0.415039
-1.07568 0.415348

-1.07568 0.41535
-1.07324 0.417256

-1.07324 0.417256
-1.07295 0.41748

-1.07295 0.41748
-1.0708 0.419159

-1.0708 0.419164
-1.06981 0.419922

-1.06983 0.419922
-1.06836 0.421061

-1.06836 0.42106
-1.06668 0.422363

-1.06668 0.422363
-1.06592 0.42295

-1.06592 0.422956
-1.06354 0.424805

-1.06354 0.424805
-1.06348 0.424853

-1.06348 0.424852
-1.06104 0.426748

-1.06104 0.42675
-1.06039 0.427246

-1.06039 0.427246
-1.05859 0.428642

-1.05859 0.428645
-1.05724 0.429688

-1.05725 0.429688
-1.05615 0.430526

-1.05615 0.430534
-1.05409 0.432129

-1.05409 0.432129
-1.05371 0.432419

-1.05371 0.432421
-1.05127 0.434307

-1.05127 0.43431
-1.05093 0.43457

-1.05093 0.43457
-1.04883 0.436193

-1.04883 0.436198
-1.04775 0.437012

-1.04777 0.437012
-1.04639 0.43807

-1.04639 0.438072
-1.04459 0.439453

-1.04459 0.439453
-1.04395 0.439945

-1.04395 0.439949
-1.0415 0.441827

-1.0415 0.441827
-1.04142 0.441895

-1.04142 0.441895
-1.03906 0.443703

-1.03906 0.443707
-1.03823 0.444336

-1.03824 0.444336
-1.03662 0.445577

-1.03662 0.445578
-1.03505 0.446777

-1.03506 0.446777
-1.03418 0.44744

-1.03418 0.447446
-1.03186 0.449219

-1.03187 0.449219
-1.03174 0.449317

-1.03174 0.449316
-1.0293 0.451182

-1.0293 0.451183
-1.02866 0.45166

-1.02867 0.45166
-1.02686 0.453044

-1.02686 0.453046
-1.02547 0.454102

-1.02548 0.454102
-1.02441 0.454899

-1.02441 0.454905
-1.02227 0.456543

-1.02226 0.456543
-1.02197 0.456763

-1.02197 0.456766
-1.01953 0.458627

-1.01953 0.458629
-1.01906 0.458984

-1.01906 0.458984
-1.01709 0.460487

-1.01709 0.460489
-1.01585 0.461426

-1.01586 0.461426
-1.01465 0.462339

-1.01465 0.462342
-1.01264 0.463867

-1.01264 0.463867
-1.01221 0.464195

-1.01221 0.464198
-1.00977 0.46605

-1.00977 0.466051
-1.00942 0.466309

-1.00942 0.466309
-1.00732 0.467901

-1.00732 0.467904
-1.00619 0.46875

-1.00621 0.46875
-1.00488 0.469749

-1.00488 0.46975
-1.00298 0.471191

-1.00298 0.471191
-1.00244 0.471591

-1.00244 0.471596
-1.0 0.473443

-1.0 0.473444
-0.999748 0.473633

-0.99975 0.473633
-0.997559 0.475289

-0.997559 0.475293
-0.996508 0.476074

-0.996521 0.476074
-0.995117 0.477131

-0.995117 0.477131
-0.993282 0.478516

-0.993285 0.478516
-0.992676 0.478968

-0.992676 0.478973
-0.990234 0.480812

-0.990234 0.480812
-0.99004 0.480957

-0.990041 0.480957
-0.987793 0.482649

-0.987793 0.482654
-0.986786 0.483398

-0.986801 0.483398
-0.985352 0.484487

-0.985352 0.484487
-0.983551 0.48584

-0.983552 0.48584
-0.98291 0.486314

-0.98291 0.486321
-0.980469 0.488156

-0.980469 0.488157
-0.980302 0.488281

-0.980303 0.488281
-0.978027 0.48999

-0.978027 0.489995
-0.97704 0.490723

-0.977052 0.490723
-0.975586 0.491821

-0.975586 0.491821
-0.973793 0.493164

-0.973797 0.493164
-0.973145 0.493645

-0.973145 0.49365
-0.970703 0.495477

-0.970703 0.495477
-0.970529 0.495605

-0.97053 0.495605
-0.968262 0.497302

-0.968262 0.497306
-0.967253 0.498047

-0.967267 0.498047
-0.96582 0.499126

-0.96582 0.499126
-0.963994 0.500488

-0.963995 0.500488
-0.963379 0.50094

-0.963379 0.500947
-0.960938 0.502769

-0.960938 0.50277
-0.960721 0.50293

-0.960723 0.50293
-0.958496 0.50459

-0.958496 0.504594
-0.957439 0.505371

-0.95745 0.505371
-0.956055 0.506408

-0.956055 0.506408
-0.954169 0.507812

-0.954172 0.507812
-0.953613 0.508222

-0.953613 0.508226
-0.951172 0.510043

-0.951172 0.510043
-0.950886 0.510254

-0.950888 0.510254
-0.94873 0.511858

-0.94873 0.51186
-0.947596 0.512695

-0.947606 0.512695
-0.946289 0.51367

-0.946289 0.513671
-0.944316 0.515137

-0.944315 0.515137
-0.943848 0.515479

-0.943848 0.515484
-0.941406 0.517297

-0.941406 0.517299
-0.941025 0.517578

-0.941029 0.517578
-0.938965 0.519109

-0.938965 0.519111
-0.937732 0.52002

-0.937741 0.52002
-0.936523 0.520916

-0.936523 0.520918
-0.93444 0.522461

-0.934444 0.522461
-0.934082 0.522725

-0.934082 0.522727
-0.931641 0.524534

-0.931641 0.524535
-0.931137 0.524902

-0.931142 0.524902
-0.929199 0.526338

-0.929199 0.526338
-0.927835 0.527344

-0.927841 0.527344
-0.926758 0.528135

-0.926758 0.52814
-0.92453 0.529785

-0.924529 0.529785
-0.924316 0.52994

-0.924316 0.529943
-0.921875 0.531745

-0.921875 0.531749
-0.921215 0.532227

-0.921223 0.532227
-0.919434 0.533546

-0.919434 0.533546
-0.917911 0.534668

-0.917918 0.534668
-0.916992 0.535338

-0.916992 0.535343
-0.914595 0.537109

-0.9146 0.537109
-0.914551 0.537145

-0.914551 0.537144
-0.912109 0.538941

-0.912109 0.538946
-0.911268 0.539551

-0.91128 0.539551
-0.909668 0.540736

-0.909668 0.540736
-0.907959 0.541992

-0.907959 0.541992
-0.907227 0.542519

-0.907227 0.542529
-0.904785 0.544324

-0.904785 0.544324
-0.904635 0.544434

-0.904636 0.544434
-0.902344 0.546117

-0.902344 0.54612
-0.901303 0.546875

-0.901313 0.546875
-0.899902 0.547909

-0.899902 0.547909
-0.897982 0.549316

-0.897984 0.549316
-0.897461 0.549693

-0.897461 0.549697
-0.89502 0.551487

-0.89502 0.551489
-0.894647 0.551758

-0.894652 0.551758
-0.892578 0.553277

-0.892578 0.553276
-0.891313 0.554199

-0.891319 0.554199
-0.890137 0.555059

-0.890137 0.555062
-0.887978 0.556641

-0.887974 0.556641
-0.887695 0.556842

-0.887695 0.556847
-0.885254 0.558633

-0.885254 0.558636
-0.884631 0.559082

-0.884639 0.559082
-0.882812 0.560417

-0.882812 0.560416
-0.881296 0.561523

-0.881304 0.561523
-0.880371 0.562194

-0.880371 0.562199
-0.877952 0.563965

-0.877951 0.563965
-0.87793 0.563981

-0.87793 0.563981
-0.875488 0.565762

-0.875488 0.565766
-0.874595 0.566406

-0.874606 0.566406
-0.873047 0.567543

-0.873047 0.567542
-0.871256 0.568848

-0.871258 0.568848
-0.870605 0.569314

-0.870605 0.569321
-0.868164 0.5711

-0.868164 0.571101
-0.867903 0.571289

-0.867905 0.571289
-0.865723 0.572879

-0.865723 0.57288
-0.864547 0.57373

-0.864554 0.57373
-0.863281 0.574654

-0.863281 0.574654
-0.861194 0.576172

-0.861199 0.576172
-0.86084 0.57643

-0.86084 0.576431
-0.858398 0.578207

-0.858398 0.578209
-0.857832 0.578613

-0.857839 0.578613
-0.855957 0.57998

-0.855957 0.579981
-0.854479 0.581055

-0.854479 0.581055
-0.853516 0.581745

-0.853516 0.581753
-0.851117 0.583496

-0.851116 0.583496
-0.851074 0.583526

-0.851074 0.583527
-0.848633 0.5853

-0.848633 0.585304
-0.847745 0.585938

-0.847756 0.585938
-0.846191 0.587073

-0.846191 0.587073
-0.844391 0.588379

-0.844395 0.588379
-0.84375 0.588837

-0.84375 0.588843
-0.841309 0.590614

-0.841309 0.590615
-0.841022 0.59082

-0.841026 0.59082
-0.838867 0.592386

-0.838867 0.592386
-0.837654 0.593262

-0.83766 0.593262
-0.836426 0.594153

-0.836426 0.594154
-0.834289 0.595703

-0.834285 0.595703
-0.833984 0.595918

-0.833984 0.595924
-0.831543 0.597693

-0.831543 0.597697
-0.830912 0.598145

-0.83092 0.598145
-0.829102 0.599462

