-1.65748 0.0
-1.65748 0.00244141

-1.65748 0.00244141
-1.65748 0.00488281

-1.65748 0.00488281
-1.65749 0.00732422

-1.65749 0.00732422
-1.6575 0.00976562

-1.6575 0.00976562
-1.65752 0.012207

-1.65752 0.012207
-1.65754 0.0146484

-1.65754 0.0146484
-1.65756 0.0170898

-1.65756 0.0170898
-1.65758 0.0195312

-1.65758 0.0195312
-1.65761 0.0219727

-1.65761 0.0219727
-1.65764 0.0244141

-1.65764 0.0244141
-1.65768 0.0268555

-1.65768 0.0268555
-1.65772 0.0292969

-1.65772 0.0292969
-1.65776 0.0317383

-1.65776 0.0317383
-1.6578 0.0341797

-1.6578 0.0341797
-1.65785 0.0366211

-1.65785 0.0366211
-1.6579 0.0390625

-1.6579 0.0390625
-1.65796 0.0415039

-1.65796 0.0415039
-1.65802 0.0439453

-1.65802 0.0439453
-1.65808 0.0463867

-1.65808 0.0463867
-1.65815 0.0488281

-1.65815 0.0488281
-1.65821 0.0512695

-1.65821 0.0512695
-1.65829 0.0537109

-1.65829 0.0537109
-1.65836 0.0561523

-1.65836 0.0561523
-1.65844 0.0585938

-1.65844 0.0585938
-1.65853 0.0610352

-1.65853 0.0610352
-1.65861 0.0634766

-1.65861 0.0634766
-1.6587 0.065918

-1.6587 0.065918
-1.65879 0.0683594

-1.65918 0.0778991
-1.65919 0.078125

-1.65879 0.0683594
-1.65889 0.0708008

-1.65889 0.0708008
-1.65899 0.0732422

-1.65899 0.0732422
-1.65909 0.0756836

-1.65918 0.0778756
-1.65909 0.0756836

-1.65919 0.078125
-1.65929 0.0805664

-1.65929 0.0805664
-1.6594 0.0830078

-1.6594 0.0830078
-1.6595 0.0854492

-1.6595 0.0854492
-1.65961 0.0878906

-1.65961 0.0878906
-1.65971 0.090332

-1.65971 0.090332
-1.65981 0.0927734

-1.65981 0.0927734
-1.6599 0.0952148

-1.6599 0.0952148
-1.65999 0.0976562

-1.65999 0.0976562
-1.66007 0.100098

-1.66007 0.100098
-1.66014 0.102539

-1.66014 0.102539
-1.6602 0.10498

-1.6602 0.10498
-1.66024 0.107422

-1.66024 0.107422
-1.66026 0.109863

-1.66026 0.109863
-1.66025 0.112305

-1.66025 0.112305
-1.66021 0.114746

-1.66021 0.114746
-1.66013 0.117188

-1.66013 0.117188
-1.66001 0.119629

-1.66001 0.119629
-1.65982 0.12207

-1.65982 0.12207
-1.65957 0.124512

-1.65957 0.124512
-1.65923 0.126953

-1.65922 0.126953
-1.65918 0.127185

-1.65918 0.127229
-1.65878 0.129395

-1.65878 0.129395
-1.6582 0.131836

-1.6582 0.131836
-1.65747 0.134277

-1.65748 0.134277
-1.65674 0.136209

-1.65674 0.136208
-1.65654 0.136719

-1.65655 0.136719
-1.65537 0.13916

-1.6554 0.13916
-1.6543 0.140976

-1.6543 0.140972
-1.65391 0.141602

-1.65393 0.141602
-1.65205 0.144043

-1.65207 0.144043
-1.65186 0.144293

-1.65186 0.144279
-1.64968 0.146484

-1.6497 0.146484
-1.64941 0.146738

-1.64941 0.146707
-1.64697 0.148657

-1.64697 0.148621
-1.6465 0.148926

-1.64652 0.148926
-1.64453 0.150206

-1.64453 0.150179
-1.64227 0.151367

-1.64232 0.151367
-1.64209 0.151485

-1.64209 0.151452
-1.63965 0.152517

-1.63965 0.152503
-1.63721 0.1534

-1.63721 0.153393
-1.63588 0.153809

-1.63591 0.153809
-1.63477 0.154167

-1.63477 0.154154
-1.63232 0.154807

-1.63232 0.154802
-1.62988 0.155369

-1.62988 0.155365
-1.62744 0.155862

-1.62744 0.155859
-1.62526 0.15625

-1.62533 0.15625
-1.625 0.15631

-1.625 0.156295
-1.62256 0.156683

-1.62256 0.15668
-1.62012 0.157029

-1.62012 0.157028
-1.61768 0.157346

-1.61768 0.157344
-1.61523 0.157637

-1.61523 0.157637
-1.61279 0.157912

-1.61279 0.15791
-1.61035 0.15817

-1.61035 0.158169
-1.60791 0.158418

-1.60798 0.158691
-1.60791 0.158698

-1.60791 0.158417
-1.60547 0.158658

-1.60574 0.158691
-1.60547 0.158718

-1.60547 0.158656
-1.60511 0.158691

-1.60514 0.158691
-1.60303 0.158895

-1.60303 0.158893
-1.60059 0.159125

-1.60059 0.159125
-1.59814 0.159357

-1.59814 0.159357
-1.5957 0.159592

-1.5957 0.159591
-1.59326 0.15983

-1.59326 0.15983
-1.59082 0.160075

-1.59082 0.160075
-1.58838 0.160329

-1.58838 0.160328
-1.58594 0.160591

-1.58594 0.16059
-1.5835 0.160863

-1.5835 0.160862
-1.58116 0.161133

-1.58356 0.161133
-1.5835 0.16114

-1.58134 0.161133
-1.58105 0.161165

-1.58105 0.161146
-1.57861 0.161439

-1.57861 0.161439
-1.57617 0.161744

-1.57617 0.161744
-1.57373 0.162064

-1.57373 0.162064
-1.57129 0.162398

-1.57129 0.162399
-1.56885 0.162747

-1.56885 0.162747
-1.56641 0.163111

-1.56641 0.163111
-1.56396 0.16349

-1.56411 0.163574
-1.56396 0.163597

-1.56396 0.163489
-1.56343 0.163574

-1.56345 0.163574
-1.56152 0.163882

-1.56152 0.163881
-1.55908 0.164285

-1.55908 0.164285
-1.55664 0.164706

-1.55664 0.164706
-1.5542 0.165143

-1.5542 0.165142
-1.55176 0.165598

-1.55176 0.165598
-1.5496 0.166016

-1.54965 0.166016
-1.54932 0.16608

-1.54932 0.166071
-1.54688 0.166557

-1.54688 0.166556
-1.54443 0.167057

-1.54443 0.167058
-1.54199 0.167576

-1.54199 0.167575
-1.53955 0.168112

-1.53955 0.168113
-1.53803 0.168457

-1.53804 0.168457
-1.53711 0.168668

-1.53711 0.168664
-1.53467 0.169228

-1.53467 0.169227
-1.53223 0.169809

-1.53223 0.169809
-1.52979 0.170409

-1.52979 0.170409
-1.52785 0.170898

-1.52787 0.170898
-1.52734 0.171032

-1.52734 0.171026
-1.5249 0.171656

-1.5249 0.171655
-1.52246 0.1723

-1.52246 0.1723
-1.52002 0.172964

-1.52002 0.172964
-1.51866 0.17334

-1.51868 0.17334
-1.51758 0.173645

-1.51758 0.173641
-1.51514 0.174331

-1.51514 0.17433
-1.5127 0.175036

-1.5127 0.175037
-1.51025 0.17576

-1.51025 0.175761
-1.51019 0.175781

-1.51034 0.175781
-1.51025 0.175806

-1.51019 0.175781
-1.50781 0.176499

-1.50781 0.176497
-1.50537 0.177248

-1.50537 0.177249
-1.50293 0.178017

-1.50296 0.178223
-1.50293 0.178232

-1.50293 0.178017
-1.50229 0.178223

-1.50229 0.178223
-1.50049 0.1788

-1.50049 0.178797
-1.49805 0.179589

-1.49805 0.179589
-1.49561 0.180399

-1.49561 0.1804
-1.49482 0.180664

-1.49562 0.180664
-1.49561 0.180668

-1.49483 0.180664
-1.49316 0.181227

-1.49316 0.181224
-1.49072 0.182059

-1.49072 0.182059
-1.48828 0.182912

-1.48831 0.183105
-1.48828 0.183115

-1.48828 0.182913
-1.48774 0.183105

-1.48774 0.183105
-1.48584 0.183779

-1.48584 0.183775
-1.4834 0.184652

-1.4834 0.184652
-1.48096 0.185545

-1.48102 0.185547
-1.48096 0.185571

-1.48096 0.185547
-1.47852 0.186451

-1.47852 0.186449
-1.47607 0.187367

-1.47607 0.187368
-1.47445 0.187988

-1.47446 0.187988
-1.47363 0.188305

-1.47363 0.188301
-1.47119 0.189245

-1.47119 0.189243
-1.46875 0.190202

-1.46876 0.19043
-1.46875 0.190435

-1.46875 0.190203
-1.46818 0.19043

-1.46819 0.19043
-1.46631 0.191177

-1.46631 0.191174
-1.46387 0.192158

-1.46387 0.192159
-1.46213 0.192871

-1.46214 0.192871
-1.46143 0.193164

-1.46143 0.193159
-1.45898 0.194169

-1.45898 0.194168
-1.45654 0.195192

-1.45654 0.195193
-1.45626 0.195312

-1.45657 0.195312
-1.45654 0.195326

-1.45627 0.195312
-1.4541 0.196232

-1.4541 0.196229
-1.45166 0.19728

-1.45166 0.19728
-1.45057 0.197754

-1.45058 0.197754
-1.44922 0.198348

-1.44922 0.198344
-1.44678 0.19942

-1.44678 0.19942
-1.44504 0.200195

-1.44505 0.200195
-1.44434 0.200515

-1.44434 0.20051
-1.44189 0.201612

-1.44189 0.201611
-1.43965 0.202637

-1.43967 0.202637
-1.43945 0.202736

-1.43945 0.202728
-1.43701 0.203855

-1.43701 0.203854
-1.43457 0.204994

-1.43457 0.204995
-1.4344 0.205078

-1.4346 0.205078
-1.43457 0.205093

-1.4344 0.205078
-1.43213 0.206149

-1.43213 0.206147
-1.42969 0.207313

-1.4297 0.20752
-1.42969 0.207525

-1.42969 0.207314
-1.42926 0.20752

-1.42927 0.20752
-1.42725 0.208494

-1.42725 0.208491
-1.4248 0.209681

-1.4248 0.209683
-1.42424 0.209961

-1.42424 0.209961
-1.42236 0.210888

-1.42236 0.210884
-1.41992 0.212099

-1.41992 0.2121
-1.41932 0.212402

-1.41933 0.212402
-1.41748 0.21333

-1.41748 0.213326
-1.41504 0.214565

-1.41504 0.214567
-1.4145 0.214844

-1.4145 0.214844
-1.4126 0.215819

-1.4126 0.215816
-1.41016 0.217078

-1.41016 0.217285
-1.41016 0.217289

-1.41016 0.217079
-1.40976 0.217285

-1.40976 0.217285
-1.40771 0.218355

-1.40771 0.218352
-1.40527 0.219637

-1.4053 0.219727
-1.40527 0.219739

-1.40527 0.219638
-1.40511 0.219727

-1.40511 0.219727
-1.40283 0.220935

-1.40283 0.220933
-1.40052 0.222168

-1.40054 0.222168
-1.40039 0.222249

-1.40039 0.222241
-1.39795 0.223559

-1.39795 0.223557
-1.39601 0.224609

-1.39603 0.224609
-1.39551 0.224892

-1.39551 0.224886
-1.39307 0.226225

-1.39307 0.226224
-1.39157 0.227051

-1.39158 0.227051
-1.39062 0.227579

-1.39062 0.227574
-1.38818 0.228933

-1.38818 0.228933
-1.38719 0.229492

-1.38719 0.229492
-1.38574 0.230306

-1.38574 0.230302
-1.3833 0.231682

-1.3833 0.231683
-1.38286 0.231934

-1.38286 0.231934
-1.38086 0.233074

-1.38086 0.233071
-1.37858 0.234375

-1.3786 0.234375
-1.37842 0.234478

-1.37842 0.234471
-1.37598 0.235879

-1.37598 0.235877
-1.37436 0.236816

-1.37437 0.236816
-1.37354 0.2373

-1.37354 0.237295
-1.37109 0.238721

-1.37109 0.238721
-1.37018 0.239258

-1.37019 0.239258
-1.36865 0.240159

-1.36865 0.240156
-1.36621 0.241599

-1.36623 0.241699
-1.36621 0.241708

-1.36621 0.241601
-1.36604 0.241699

-1.36605 0.241699
-1.36377 0.243054

-1.36377 0.243051
-1.36195 0.244141

-1.36196 0.244141
-1.36133 0.244518

-1.36133 0.244512
-1.35889 0.245981

-1.35889 0.24598
-1.35789 0.246582

-1.3579 0.246582
-1.35645 0.247461

-1.35645 0.247457
-1.354 0.248942

-1.354 0.248944
-1.35387 0.249023

-1.35402 0.249023
-1.354 0.249033

-1.35387 0.249023
-1.35156 0.250437

-1.35156 0.250435
-1.34989 0.251465

-1.3499 0.251465
-1.34912 0.25194

-1.34912 0.251935
-1.34668 0.253443

-1.34668 0.253443
-1.34593 0.253906

-1.34594 0.253906
-1.34424 0.25496

-1.34424 0.254957
-1.34201 0.256348

-1.34202 0.256348
-1.3418 0.256484

-1.3418 0.256479
-1.33936 0.258009

-1.33936 0.258007
-1.33811 0.258789

-1.33812 0.258789
-1.33691 0.259547

-1.33691 0.259543
-1.33447 0.261085

-1.33448 0.26123
-1.33447 0.261235

-1.33447 0.261088
-1.33424 0.26123

-1.33425 0.26123
-1.33203 0.262636

-1.33203 0.262634
-1.3304 0.263672

-1.33041 0.263672
-1.32959 0.264193

-1.32959 0.264189
-1.32715 0.265751

-1.32715 0.265753
-1.32658 0.266113

-1.32659 0.266113
-1.32471 0.267321

-1.32471 0.267319
-1.32279 0.268555

-1.3228 0.268555
-1.32227 0.268895

-1.32227 0.268892
-1.31982 0.270472

-1.31982 0.270472
-1.31901 0.270996

-1.31902 0.270996
-1.31738 0.272058

-1.31738 0.272056
-1.31526 0.273438

-1.31527 0.273438
-1.31494 0.273648

-1.31494 0.273646
-1.3125 0.275242

-1.3125 0.275242
-1.31153 0.275879

-1.31153 0.275879
-1.31006 0.276845

-1.31006 0.276843
-1.30781 0.27832

-1.30782 0.27832
-1.30762 0.278452

-1.30762 0.278448
-1.30518 0.280059

-1.30518 0.280058
-1.30411 0.280762

-1.30412 0.280762
-1.30273 0.281675

-1.30273 0.281673
-1.30043 0.283203

-1.30044 0.283203
-1.30029 0.283296

-1.30029 0.283292
-1.29785 0.284917

-1.29785 0.284916
-1.29676 0.285645

-1.29676 0.285645
-1.29541 0.286548

-1.29541 0.286545
-1.2931 0.288086

-1.29311 0.288086
-1.29297 0.28818

-1.29297 0.288177
-1.29053 0.289813

-1.29053 0.289812
-1.28946 0.290527

-1.28947 0.290527
-1.28809 0.291455

-1.28809 0.291452
-1.28583 0.292969

-1.28584 0.292969
-1.28564 0.293098

-1.28564 0.293096
-1.2832 0.294744

-1.2832 0.294744
-1.28221 0.29541

-1.28222 0.29541
-1.28076 0.296397

-1.28076 0.296394
-1.27861 0.297852

-1.27862 0.297852
-1.27832 0.298049

-1.27832 0.298048
-1.27588 0.299705

-1.27588 0.299706
-1.27501 0.300293

-1.27502 0.300293
-1.27344 0.301367

-1.27344 0.301364
-1.27143 0.302734

-1.27144 0.302734
-1.271 0.303027

-1.271 0.303027
-1.26855 0.304694

-1.26855 0.304697
-1.26784 0.305176

-1.26785 0.305176
-1.26611 0.306364

-1.26611 0.306362
-1.26428 0.307617

-1.26429 0.307617
-1.26367 0.308032

-1.26367 0.308032
-1.26123 0.309705

-1.26123 0.30971
-1.26071 0.310059

-1.26072 0.310059
-1.25879 0.311382

-1.25879 0.31138
-1.25716 0.3125

-1.25717 0.3125
-1.25635 0.313059

-1.25635 0.313058
-1.25391 0.314738

-1.25391 0.314741
-1.25361 0.314941

-1.25361 0.314941
-1.25146 0.316422

-1.25146 0.31642
-1.25007 0.317383

-1.25008 0.317383
-1.24902 0.318105

-1.24902 0.318103
-1.24658 0.319788

-1.24659 0.319824
-1.24658 0.319832

-1.24658 0.319789
-1.24653 0.319824

-1.24653 0.319824
-1.24414 0.321476

-1.24414 0.321475
-1.243 0.322266

-1.243 0.322266
-1.2417 0.323166

-1.2417 0.323164
-1.23947 0.324707

-1.23947 0.324707
-1.23926 0.324854

-1.23926 0.324854
-1.23682 0.326545

-1.23682 0.326548
-1.23594 0.327148

-1.23595 0.327148
-1.23438 0.328239

-1.23438 0.328237
-1.23242 0.32959

-1.23243 0.32959
-1.23193 0.329929

-1.23193 0.32993
-1.22949 0.331624

-1.22949 0.331629
-1.2289 0.332031

-1.22891 0.332031
-1.22705 0.333321

-1.22705 0.333319
-1.22539 0.334473

-1.2254 0.334473
-1.22461 0.335015

-1.22461 0.335016
-1.22217 0.336713

-1.22217 0.336715
-1.22188 0.336914

-1.22188 0.336914
-1.21973 0.338412

-1.21973 0.33841
-1.21837 0.339355

-1.21837 0.339355
-1.21729 0.34011

-1.21729 0.340108
-1.21486 0.341797

-1.21486 0.341797
-1.21484 0.341811

-1.21484 0.341807
-1.2124 0.343506

-1.2124 0.343507
-1.21135 0.344238

-1.21135 0.344238
-1.20996 0.345207

-1.20996 0.345206
-1.20784 0.34668

-1.20785 0.34668
-1.20752 0.346905

-1.20752 0.346905
-1.20508 0.348606

-1.20508 0.34861
-1.20433 0.349121

-1.20434 0.349121
-1.20264 0.350307

-1.20264 0.350305
-1.20083 0.351562

-1.20084 0.351562
-1.2002 0.352002

-1.2002 0.352004
-1.19775 0.353704

-1.19775 0.353708
-1.19732 0.354004

-1.19733 0.354004
-1.19531 0.355406

-1.19531 0.355404
-1.19382 0.356445

-1.19383 0.356445
-1.19287 0.357105

-1.19287 0.357105
-1.19043 0.358804

-1.19043 0.358887
-1.19043 0.35889

-1.19043 0.358806
-1.19031 0.358887

-1.19031 0.358887
-1.18799 0.360505

-1.18799 0.360504
-1.1868 0.361328

-1.18681 0.361328
-1.18555 0.362205

-1.18555 0.362203
-1.18329 0.36377

-1.1833 0.36377
-1.18311 0.363901

-1.18311 0.363901
-1.18066 0.3656

-1.18066 0.365603
-1.17978 0.366211

-1.17979 0.366211
-1.17822 0.3673

-1.17822 0.367298
-1.17627 0.368652

-1.17628 0.368652
-1.17578 0.368994

-1.17578 0.368996
-1.17334 0.370693

-1.17334 0.370698
-1.17276 0.371094

-1.17276 0.371094
-1.1709 0.37239

-1.1709 0.372389
-1.16925 0.373535

-1.16926 0.373535
-1.16846 0.374083

-1.16846 0.374084
-1.16602 0.375779

-1.16602 0.375781
-1.16573 0.375977

-1.16573 0.375977
-1.16357 0.377475

-1.16357 0.377473
-1.16221 0.378418

-1.16222 0.378418
-1.16113 0.379169

-1.16113 0.379168
-1.15869 0.380859

-1.1587 0.380859
-1.15869 0.380867

-1.15869 0.380861
-1.15625 0.382553

-1.15625 0.382553
-1.15517 0.383301

-1.15517 0.383301
-1.15381 0.384245

-1.15381 0.384244
-1.15164 0.385742

-1.15165 0.385742
-1.15137 0.385932

-1.15137 0.385934
-1.14893 0.387625

-1.14893 0.387627
-1.14811 0.388184

-1.14812 0.388184
-1.14648 0.389315

-1.14648 0.389314
-1.14459 0.390625

-1.1446 0.390625
-1.14404 0.390998

-1.14404 0.391001
-1.1416 0.392689

-1.1416 0.392694
-1.14105 0.393066

-1.14106 0.393066
-1.13916 0.394376

-1.13916 0.394375
-1.13752 0.395508

-1.13753 0.395508
-1.13672 0.396059

-1.13672 0.39606
-1.13428 0.397745

-1.13428 0.397748
-1.13398 0.397949

-1.13398 0.397949
-1.13184 0.399431

-1.13184 0.399429
-1.13044 0.400391

-1.13045 0.400391
-1.12939 0.401114

-1.12939 0.401113
-1.12695 0.402795

-1.12696 0.402832
-1.12695 0.402836

-1.12695 0.402796
-1.1269 0.402832

-1.1269 0.402832
-1.12451 0.404478

-1.12451 0.404477
-1.12335 0.405273

-1.12336 0.405273
-1.12207 0.406159

-1.12207 0.406157
-1.11981 0.407715

-1.11981 0.407715
-1.11963 0.407835

-1.11963 0.407837
-1.11719 0.409517

-1.11719 0.409518
-1.11625 0.410156

-1.11626 0.410156
-1.11475 0.411197

-1.11475 0.411195
-1.1127 0.412598

-1.11271 0.412598
-1.1123 0.41287

-1.1123 0.412873
-1.10986 0.41455

-1.10986 0.414553
-1.10914 0.415039

-1.10915 0.415039
-1.10742 0.416226

-1.10742 0.416225
-1.10559 0.41748

-1.1056 0.41748
-1.10498 0.417897

-1.10498 0.4179
-1.10254 0.419575

-1.10254 0.41958
-1.10203 0.419922

-1.10204 0.419922
-1.1001 0.421251

-1.1001 0.421249
-1.09847 0.422363

-1.09848 0.422363
-1.09766 0.422922

-1.09766 0.422922
-1.09521 0.424595

-1.09521 0.424597
-1.09491 0.424805

-1.09491 0.424805
-1.09277 0.426268

-1.09277 0.426266
-1.09134 0.427246

-1.09135 0.427246
-1.09033 0.427938

-1.09033 0.427937
-1.08789 0.429609

-1.08789 0.42961
-1.08778 0.429688

-1.08778 0.429688
-1.08545 0.43128

-1.08545 0.431279
-1.08421 0.432129

-1.08421 0.432129
-1.08301 0.43295

-1.08301 0.432949
-1.08064 0.43457

-1.08063 0.43457
-1.08057 0.434616

-1.08057 0.434618
-1.07812 0.436287

-1.07812 0.436287
-1.07706 0.437012

-1.07707 0.437012
-1.07568 0.437956

-1.07568 0.437954
-1.07349 0.439453

-1.07349 0.439453
-1.07324 0.439619

-1.07324 0.439622
-1.0708 0.44129

-1.0708 0.441291
-1.06991 0.441895

-1.06992 0.441895
-1.06836 0.442957

-1.06836 0.442956
-1.06634 0.444336

-1.06634 0.444336
-1.06592 0.444619

-1.06592 0.444622
-1.06348 0.446288

-1.06348 0.446291
-1.06275 0.446777

-1.06276 0.446777
-1.06104 0.447954

-1.06104 0.447953
-1.05918 0.449219

-1.05919 0.449219
-1.05859 0.449615

-1.05859 0.449618
-1.05615 0.451284

-1.05615 0.451288
-1.05559 0.45166

-1.0556 0.45166
-1.05371 0.452949

-1.05371 0.452947
-1.05202 0.454102

-1.05203 0.454102
-1.05127 0.45461

-1.05127 0.454611
-1.04883 0.456275

-1.04883 0.456278
-1.04843 0.456543

-1.04844 0.456543
-1.04639 0.457939

-1.04639 0.457938
-1.04485 0.458984

-1.04486 0.458984
-1.04395 0.459601

-1.04395 0.459602
-1.0415 0.461265

-1.0415 0.461267
-1.04127 0.461426

-1.04127 0.461426
-1.03906 0.462928

-1.03906 0.462927
-1.03768 0.463867

-1.03769 0.463867
-1.03662 0.46459

-1.03662 0.464589
-1.03418 0.466251

-1.03418 0.466252
-1.0341 0.466309

-1.0341 0.466309
-1.03174 0.467914

-1.03174 0.467913
-1.03051 0.46875

-1.03051 0.46875
-1.0293 0.469576

-1.0293 0.469575
-1.02692 0.471191

-1.02692 0.471191
-1.02686 0.471234

-1.02686 0.471237
-1.02441 0.472898

-1.02441 0.472898
-1.02333 0.473633

-1.02334 0.473633
-1.02197 0.47456

-1.02197 0.474558
-1.01974 0.476074

-1.01974 0.476074
-1.01953 0.476216

-1.01953 0.476219
-1.01709 0.47788

-1.01709 0.47788
-1.01615 0.478516

-1.01616 0.478516
-1.01465 0.47954

-1.01465 0.47954
-1.01256 0.480957

-1.01257 0.480957
-1.01221 0.481196

-1.01221 0.4812
-1.00977 0.48286

-1.00977 0.482862
-1.00897 0.483398

-1.00897 0.483398
-1.00732 0.48452

-1.00732 0.484519
-1.00538 0.48584

-1.00539 0.48584
-1.00488 0.486174

-1.00488 0.486178
-1.00244 0.487837

-1.00244 0.48784
-1.00178 0.488281

-1.00179 0.488281
-1.0 0.489497

-1.0 0.489496
-0.998194 0.490723

-0.998201 0.490723
-0.997559 0.491152

-0.997559 0.491155
-0.995117 0.492813

-0.995117 0.492817
-0.994593 0.493164

-0.994601 0.493164
-0.992676 0.494472

-0.992676 0.494471
-0.991004 0.495605

-0.991011 0.495605
-0.990234 0.496127

-0.990234 0.496128
-0.987793 0.497786

-0.987793 0.497789
-0.987404 0.498047

-0.98741 0.498047
-0.985352 0.499444

-0.985352 0.499443
-0.983811 0.500488

-0.983817 0.500488
-0.98291 0.5011

-0.98291 0.5011
-0.980469 0.502757

-0.980469 0.502759
-0.980212 0.50293

-0.980215 0.50293
-0.978027 0.504414

-0.978027 0.504413
-0.976615 0.505371

-0.97662 0.505371
-0.975586 0.50607

-0.975586 0.506069
-0.973145 0.507725

-0.973145 0.507727
-0.973016 0.507812

-0.973017 0.507812
-0.970703 0.509382

-0.970703 0.50938
-0.969415 0.510254

-0.969418 0.510254
-0.968262 0.511037

-0.968262 0.511036
-0.96582 0.512691

-0.965825 0.512695
-0.96582 0.512698

-0.96582 0.512692
-0.965815 0.512695

-0.965815 0.512695
-0.963379 0.514347

-0.963379 0.514346
-0.96221 0.515137

-0.962214 0.515137
-0.960938 0.516001

-0.960938 0.516
-0.958608 0.517578

-0.958606 0.517578
-0.958496 0.517651

-0.958496 0.517654
-0.956055 0.519308

-0.956055 0.519308
-0.955002 0.52002

-0.955006 0.52002
-0.953613 0.520962

-0.953613 0.520961
-0.951399 0.522461

-0.951399 0.522461
-0.951172 0.522612

-0.951172 0.522615
-0.94873 0.524268

-0.94873 0.524268
-0.947788 0.524902

-0.947793 0.524902
-0.946289 0.52592

-0.946289 0.525919
-0.944184 0.527344

-0.944185 0.527344
-0.943848 0.527567

-0.943848 0.527571
-0.941406 0.529223

-0.941406 0.529224
-0.94057 0.529785

-0.940576 0.529785
-0.938965 0.530875

-0.938965 0.530874
-0.936965 0.532227

-0.936972 0.532227
-0.936523 0.532522

-0.936523 0.532526
-0.934082 0.534177

-0.934082 0.534179
-0.933349 0.534668

-0.933356 0.534668
-0.931641 0.535827

-0.931641 0.535826
-0.929742 0.537109

-0.929748 0.537109
-0.929199 0.537472

-0.929199 0.537477
-0.926758 0.539126

-0.926758 0.539129
-0.926123 0.539551

-0.92613 0.539551
-0.924316 0.540776

-0.924316 0.540775
-0.922515 0.541992

-0.922523 0.541992
-0.921875 0.542423

-0.921875 0.542425
-0.919434 0.544074

-0.919434 0.544077
-0.918893 0.544434

-0.918901 0.544434
-0.916992 0.545723

-0.916992 0.545722
-0.915284 0.546875

-0.91529 0.546875
-0.914551 0.547368

-0.914551 0.54737
-0.912109 0.549018

-0.912109 0.549022
-0.911661 0.549316

-0.911668 0.549316
-0.909668 0.550666

-0.909668 0.550665
-0.908049 0.551758

-0.908056 0.551758
-0.907227 0.552313

-0.907227 0.552313
-0.904785 0.553961

-0.904785 0.553963
-0.904427 0.554199

-0.904432 0.554199
-0.902344 0.555608

-0.902344 0.555607
-0.900811 0.556641

-0.900816 0.556641
-0.899902 0.557253

-0.899902 0.557254
-0.897461 0.5589

-0.897461 0.558902
-0.897188 0.559082

-0.897192 0.559082
-0.89502 0.560547

-0.89502 0.560546
-0.893569 0.561523

-0.893575 0.561523
-0.892578 0.562194

-0.892578 0.562193
-0.890137 0.563839

-0.890137 0.56384
-0.889948 0.563965

-0.88995 0.563965
-0.887695 0.565485

-0.887695 0.565484
-0.886326 0.566406

-0.88633 0.566406
-0.885254 0.56713

-0.885254 0.56713
-0.882812 0.568775

-0.882812 0.568776
-0.882704 0.568848

-0.882705 0.568848
-0.880371 0.570421

-0.880371 0.57042
-0.879081 0.571289

-0.879085 0.571289
-0.87793 0.572067

-0.87793 0.572066
-0.875488 0.573711

-0.875488 0.573712
-0.87546 0.57373

-0.87546 0.57373
-0.873047 0.575356

-0.873047 0.575355
-0.871835 0.576172

-0.871837 0.576172
-0.870605 0.577002

-0.870605 0.577001
-0.868212 0.578613

-0.86821 0.578613
-0.868164 0.578643

-0.868164 0.578646
-0.865723 0.580291

-0.865723 0.58029
-0.864587 0.581055

-0.864591 0.581055
-0.863281 0.581937

-0.863281 0.581936
-0.860965 0.583496

-0.860962 0.583496
-0.86084 0.583577

-0.86084 0.583581
-0.858398 0.585226

-0.858398 0.585225
-0.85734 0.585938

-0.857343 0.585938
-0.855957 0.586871

-0.855957 0.586871
-0.853719 0.588379

-0.853715 0.588379
-0.853516 0.588511

-0.853516 0.588516
-0.851074 0.590161

-0.851074 0.590161
-0.850092 0.59082

-0.850097 0.59082
-0.848633 0.591807

-0.848633 0.591807
-0.846474 0.593262

-0.846471 0.593262
-0.846191 0.593446

-0.846191 0.593452
-0.84375 0.595098

-0.84375 0.595098
-0.842847 0.595703

-0.842852 0.595703
-0.841309 0.596744

-0.841309 0.596743
-0.83923 0.598145

-0.839229 0.598145
-0.838867 0.598383

